2.178985113522908701e-17 2.133315495956067513e-16 2.134685604571405027e-17 1.222547724890652255e-17 1.556661847254220424e-17 2.376591885972092584e-17 4.335507208863414288e-17 9.259018184716984620e-17 1.582995989874127202e-16 2.511197822141365944e-16 5.414600326964005506e-16
3.088658664878541429e-17 3.023924357552031434e-16 3.025880684524095870e-17 1.732978824219790371e-17 2.206670916706053756e-17 3.369174649171132486e-17 6.147098310413839976e-17 1.313282050102967390e-16 2.247160333550841566e-16 3.572155774982634924e-16 7.736686836217779050e-16
4.378100235578892133e-17 4.286343159448490157e-16 4.289142287702818898e-17 2.456544213791389407e-17 3.128168950984517538e-17 4.776508764537994747e-17 8.716449170722225251e-17 1.863144276231436828e-16 3.191620548028007167e-16 5.087643149481495728e-16 1.108357690673708858e-15
6.205855385035333101e-17 6.075795900457712668e-16 6.079811509049603117e-17 3.482259344894930484e-17 4.434610084670292479e-17 6.772082199077257947e-17 1.236124680391730431e-16 2.644019219030111847e-16 4.536191097109795334e-16 7.258142864750916694e-16 1.593236250281373191e-15
8.796660104325658943e-17 8.612310915662057182e-16 8.618091172683398592e-17 4.936334725931791900e-17 6.286917452391127605e-17 9.602123597917896513e-17 1.753304923491470326e-16 3.753696968192386559e-16 6.453312039032710950e-16 1.037771170367381680e-15 2.300219813158120391e-15
1.246907500038488512e-16 1.220777684444843981e-15 1.221613311379469222e-16 6.997734199996158543e-17 8.913397631768309939e-17 1.361626354563361363e-16 2.487434292796656161e-16 5.332051329883438793e-16 9.192447668508499637e-16 1.488201815779039856e-15 3.339143499758500708e-15
1.767465713721121317e-16 1.730429520740925659e-15 1.731644159109367668e-16 9.920256296503532474e-17 1.263806048978513718e-16 1.931127470935587650e-16 3.530053080435574064e-16 7.579791894842749755e-16 1.311691742632956296e-15 2.142438488985742243e-15 4.880086435393042684e-15
2.505348707821362222e-16 2.452854676740135212e-15 2.454632389577412513e-16 1.406388790969935675e-16 1.792094075253967757e-16 2.739361782089216540e-16 5.011832035687786385e-16 1.078615745094506857e-15 1.876038955650444414e-15 3.099829766010769614e-15 7.190051365755984244e-15
3.551288056416947937e-16 3.476885903850951446e-15 3.479510039801567566e-16 1.993935191149828708e-16 2.541560295502612246e-16 3.886916891392454206e-16 7.119778612953389671e-16 1.537032250157806141e-15 2.691508192594918660e-15 4.513799140637948125e-15 1.069358806312734976e-14
5.033896661186750141e-16 4.928445569542618303e-15 4.932359998970320907e-16 2.827145560885647737e-16 3.605133998188315298e-16 5.517250696795159822e-16 1.012245769546662348e-15 2.194423355371941268e-15 3.877204269883477348e-15 6.625138577608001438e-15 1.607323060034201869e-14
7.135485793588124636e-16 6.986032943545213391e-15 6.991946567076088214e-16 4.008928202141401653e-16 5.115103663726610039e-16 7.835430735494447826e-16 1.440736495377861472e-15 3.140961296595926972e-15 5.614836685329484468e-15 9.817841637265172185e-15 2.443571492687005978e-14
1.011448737957409289e-15 9.902679639127547727e-15 9.911748316235047429e-16 5.685480843819804219e-16 7.260089256924118463e-16 1.113550907383998945e-15 2.053706579705426934e-15 4.511054902134282617e-15 8.186140842183622187e-15 1.471334453139524581e-14 3.758586166219594050e-14
1.433724066288758128e-15 1.403707554438622650e-14 1.405122465505432247e-15 8.064673688039995485e-16 1.030962260655575243e-15 1.584092173324105508e-15 2.933491054928604217e-15 6.507824035360971876e-15 1.203537520962885161e-14 2.233000282618248027e-14 5.847456128372165790e-14
2.032305553943148151e-15 1.989769733343085898e-14 1.992020319049850878e-15 1.144240441500611201e-15 1.465001849172619020e-15 2.256488534827721434e-15 4.201839064679276596e-15 9.443102487220512002e-15 1.787479322648253915e-14 3.435262910001675858e-14 9.192423819440377193e-14
2.880810045366628192e-15 2.820537429158968276e-14 2.824192738756461900e-15 1.624053987556898076e-15 2.083724597188748053e-15 3.220213506366658604e-15 6.041092006624241086e-15 1.380394016451374771e-14 2.686379735280465107e-14 5.358590868214460367e-14 1.457892099086876525e-13
4.083598302022212433e-15 3.998200010611872707e-14 4.004267377607940589e-15 2.306184508525226817e-15 2.967585098803948682e-15 4.607090332661395443e-15 8.728534727523075951e-15 2.036471031321644809e-14 4.091399119952360396e-14 8.471120038171397500e-14 2.327849429801177200e-13
5.788618380242139349e-15 5.667632640934883157e-14 5.677926018036875731e-15 3.277009800842145710e-15 4.233862530535115188e-15 6.613733014776566723e-15 1.269325763368808361e-14 3.037802496104677546e-14 6.320786463066332859e-14 1.355364803821936661e-13 3.733248640952545644e-13
8.205617641860890372e-15 8.034235516734174572e-14 8.052070594024794172e-15 4.660807446319859515e-15 6.055146207519126804e-15 9.537817807333659251e-15 1.861200064385024251e-14 4.590182221013123221e-14 9.907637605777453345e-14 2.190342575249287071e-13 5.998404386221255792e-13
1.163197015385349750e-14 1.138923531060667351e-13 1.142075050215028254e-14 6.637345534902215643e-15 8.688497526272011712e-15 1.383802599701444989e-14 2.757309869211719396e-14 7.036081633260312660e-14 1.574718448170945836e-13 3.566146197998271217e-13 9.632307061198001661e-13
1.648930861432218859e-14 1.614557550797473134e-13 1.620225605306157454e-14 9.468509833845660364e-15 1.252250109261780894e-14 2.023516191728915610e-14 4.135991129733071573e-14 1.095083425582903179e-13 2.534134480399015820e-13 5.832937521863509204e-13 1.542286093463668736e-12
2.337548931928551453e-14 2.288883636609629450e-13 2.299235695399834634e-14 1.353934002216871946e-14 1.815491212008779964e-14 2.988573813484162582e-14 6.294388645185689059e-14 1.730651898315750502e-13 4.119944042294806563e-13 9.557046532895144474e-13 2.457142826146347307e-12
3.313832370893598300e-14 3.244949440556918453e-13 3.264103574320035817e-14 1.942256919954524903e-14 2.652352713216273260e-14 4.468399880642589503e-14 9.734400985814437108e-14 2.774882833000016307e-13 6.748485226427881481e-13 1.564263269561742173e-12 3.888019487625344453e-12
4.698022215938381445e-14 4.600549225636920366e-13 4.636369222848093494e-14 2.798235478437737963e-14 3.913080665174359513e-14 6.779214565981037296e-14 1.531219757303337490e-13 4.505962696275207278e-13 1.110407800728326929e-12 2.551244835200164366e-12 6.100620497971029149e-12
6.660676156147090584e-14 6.522788108323575829e-13 6.590343390874726105e-14 4.054467043853524475e-14 5.843494185613657596e-14 1.045753459601716620e-13 2.449692346993965957e-13 7.391939975986444880e-13 1.829868649873754573e-12 4.137016305078702725e-12 9.479600423793827243e-12
9.443770725540756624e-14 9.248770555904445398e-13 9.376998993510572970e-14 5.918295650711090679e-14 8.853739376990988180e-14 1.642509280599524104e-13 3.981456532204887118e-13 1.221446754484119799e-12 3.011537786747175821e-12 6.657155575414919682e-12 1.457129544665651751e-11
1.339069147235523550e-13 1.311500233595849227e-12 1.335951457620584314e-13 8.720548999068105929e-14 1.363980498412613339e-13 2.627870452821860771e-13 6.560114436137463027e-13 2.026617925696341597e-12 4.937141206120585203e-12 1.061357204933407917e-11 2.213647466400407361e-11
1.898888585439968927e-13 1.859919914287805860e-12 1.906680625449909985e-13 1.299984863163910902e-13 2.139850950468594342e-13 4.279629633982902458e-13 1.092639474130042050e-12 3.365958349881389030e-12 8.044699870038519159e-12 1.674288924579008763e-11 3.321310191441161057e-11
2.693058256749557051e-13 2.637977557324529867e-12 2.727526851360866992e-13 1.964985220443309504e-13 3.420680849902955828e-13 7.081186944517790109e-13 1.833615338096501983e-12 5.580060869457399217e-12 1.300358942941717396e-11 2.610508740002531494e-11 4.918804660588419157e-11
3.819933415975554654e-13 3.742055332039779207e-12 3.913543236694712162e-13 3.017772842124872319e-13 5.568697755219746959e-13 1.187103619339686809e-12 3.089762572033686930e-12 9.209862457062666280e-12 2.081821204158980508e-11 4.019455220709414961e-11 7.187545657667700531e-11
5.419355617054556351e-13 5.309147743384786795e-12 5.637114662395556800e-13 4.715835838307258048e-13 9.216283833186456849e-13 2.009459481494127440e-12 5.210816790723753036e-12 1.510059917679516209e-11 3.296702969650534746e-11 6.107409465251894488e-11 1.035983576617856402e-10
7.690322649395236467e-13 7.534079552497741214e-12 8.159721864115047887e-13 7.503034637567557634e-13 1.546470252754651103e-12 3.422175735007633959e-12 8.769146561340847417e-12 2.455018012381911080e-11 5.158317872941705723e-11 9.153016942409442101e-11 1.472693727874615435e-10
1.091632517244925594e-12 1.069408546189749902e-11 1.188322174560648927e-12 1.214828957496346096e-12 2.622114225496883150e-12 5.842718591263435468e-12 1.468754851840166014e-11 3.951526176956242364e-11 7.968111953931049822e-11 1.352446046326036261e-10 2.064667859148528242e-10
1.550179032811294127e-12 1.518392835002535559e-11 1.743344914709409039e-12 1.998514067253898318e-12 4.476176878102072932e-12 9.967769206977672756e-12 2.442986100917586328e-11 6.288920045399945472e-11 1.214304677267972102e-10 1.969751404916491567e-10 2.855040964516606563e-10
2.202470464266345919e-12 2.156610963586722612e-11 2.579744124705501922e-12 3.332103884011090442e-12 7.665672243499470775e-12 1.694349010439287854e-11 4.027834272487186553e-11 9.886529667010870989e-11 1.824732308014572677e-10 2.827347947414015991e-10 3.894952259102664870e-10
3.131295745830018314e-12 3.064269076396983431e-11 3.854948296379516161e-12 5.612761594130385465e-12 1.312622667707399019e-11 2.862631684251714701e-11 6.572680682098613486e-11 1.533955061426804730e-10 2.702744964364993302e-10 3.999597080018391267e-10 5.244239068277177658e-10
4.455571848905919167e-12 4.355803641386676531e-11 5.822359043975891287e-12 9.518780187616096561e-12 2.240809776900950766e-11 4.797309688685435307e-11 1.060223089828148521e-10 2.347483892445564241e-10 3.944901706439765284e-10 5.576580659727411142e-10 6.972343245665220113e-10
6.346698050774046873e-12 6.194572717018738203e-11 8.892563595234523113e-12 1.619712950560611016e-11 3.804171839272339098e-11 7.961021971336593760e-11 1.688892177077674799e-10 3.541602453605373724e-10 5.673303948570640649e-10 7.665402784396389885e-10 9.159700505610023776e-10
9.052743885454089801e-12 8.813838989206393547e-11 1.373337809590377485e-11 2.756468034167461963e-11 6.409127575059358922e-11 1.306418110519488481e-10 2.654658402032936375e-10 5.265607111522437215e-10 8.038962637434574287e-10 1.039143680981681662e-09 1.189998390588335198e-09
1.293450059632695075e-11 1.254667864015694592e-10 2.143205777083132656e-11 4.678281602543858516e-11 1.069732336869644436e-10 2.117647637433540943e-10 4.114734701026308593e-10 7.713404271352891793e-10 1.122473365946678380e-09 1.389983547196822926e-09 1.530365790605427989e-09
1.851963882566076400e-11 1.786848251615155550e-10 3.375565284671378378e-11 7.899001594205573921e-11 1.766361409305154444e-10 3.387599981367597228e-10 6.286193029822326399e-10 1.113117096934766729e-09 1.544781301328138682e-09 1.835784775952272360e-09 1.950335243442185148e-09
2.658467899960730893e-11 2.545709470410566349e-10 5.356389358017605999e-11 1.324080655464093523e-10 2.882155373836402837e-10 5.344207386627423808e-10 9.462080213295309683e-10 1.582452355381372134e-09 2.096205527548582720e-09 2.395872431234109415e-09 2.466157663069802508e-09
3.827987891846265878e-11 3.627743540137609744e-10 8.545504053122920685e-11 2.199737662469136780e-10 4.642885631392107596e-10 8.309554820317737733e-10 1.402904251561574199e-09 2.216481393816514949e-09 2.806076513739340948e-09 3.092820418276613330e-09 3.098126058740916706e-09
5.532048982105667188e-11 5.169975102374542362e-10 1.367608761608705667e-10 3.616863424041526814e-10 7.378506063626257872e-10 1.272862563438520237e-09 2.048555186807509747e-09 3.059446307771039127e-09 3.708108281955035296e-09 3.953471748023105893e-09 3.871955762004920854e-09
8.028059452903283457e-11 7.366347589268905018e-10 2.190543210130833499e-10 5.878953361999256794e-10 1.156113568676556135e-09 1.920214639624460333e-09 2.945959054540837478e-09 4.163176930778911588e-09 4.841157976742894816e-09 5.010447844901493973e-09 4.820529290825021300e-09
1.170449782328090351e-10 1.049020891421428195e-09 3.503932230528991539e-10 9.437754330329263027e-10 1.785175102400153801e-09 2.852220116822514735e-09 4.172464040891154853e-09 5.587639995269988887e-09 6.250511690915468121e-09 6.304257432210060572e-09 5.986045240633451103e-09
1.715029889077353074e-10 1.492482623556698467e-09 5.585964087784205478e-10 1.495230811247928001e-09 2.715526491813946190e-09 4.170857137958557008e-09 5.821318996106386830e-09 7.401773696127415525e-09 7.989930351958395639e-09 7.886100587183020950e-09 7.422621762549441515e-09
2.526097742433237650e-10 2.120429001749555630e-09 8.859303218853195015e-10 2.336427524542060408e-09 4.068256211895379366e-09 6.004325493545411968e-09 8.002785680756051784e-09 9.684928592522491516e-09 1.012469615712955036e-08 9.821447566146335889e-09 9.199430827285603223e-09
3.739992179869545365e-10 3.006761872917481657e-09 1.395670101230963690e-09 3.599054068171984230e-09 6.001679569668013385e-09 8.510061920315820193e-09 1.084517048872434729e-08 1.252933035835845774e-08 1.273588325273281022e-08 1.219446526247013662e-08 1.140448190711589782e-08
5.564148306405734783e-10 4.252932331482587610e-09 2.181076737378105501e-09 5.463249291701236796e-09 8.718009027544213039e-09 1.187714788241394355e-08 1.449613851164597251e-08 1.604404623328424182e-08 1.592604232829172933e-08 1.511337839173812592e-08 1.414923301473661271e-08
8.313360335641187466e-10 5.997011279001916086e-09 3.377385954886722506e-09 8.169917499736992837e-09 1.246961665937143642e-08 1.632813575599954607e-08 1.912491657493998175e-08 2.036095961094868485e-08 1.982645243749630258e-08 1.871689814477814237e-08 1.757428135138413315e-08
1.246324471063351381e-09 8.425180889862301818e-09 5.177414456708011648e-09 1.203389793461022379e-08 1.756448364157630412e-08 2.212064499172620800e-08 2.492624092658965795e-08 2.564323042060048719e-08 2.460607655408367407e-08 2.318193465544357162e-08 2.185647244626560695e-08
1.872805114934106919e-09 1.178609054441446659e-08 7.851333435180696898e-09 1.745722261684853111e-08 2.437063920732613796e-08 2.954952458843845413e-08 3.212711474379567534e-08 3.209665272904990114e-08 3.048238480134903710e-08 2.873293224529782465e-08 2.721786376508292843e-08
2.817236767874865439e-09 1.640856169735968164e-08 1.177101989440916867e-08 2.494156602836714653e-08 3.331980947702206119e-08 3.895089866766929667e-08 4.099756452447118159e-08 3.998424322281176922e-08 3.773430261993722935e-08 3.565332380010065367e-08 3.393708705873792260e-08
4.236922647484795533e-09 2.272318308122989367e-08 1.743916720977436834e-08 3.509907085140920714e-08 4.491114144336004639e-08 5.070993035755043408e-08 5.186659036275218833e-08 4.964434836721654560e-08 4.671771338178800397e-08 4.429978555509025766e-08 4.236377782570490886e-08
6.362070585507986249e-09 3.128842917186471522e-08 2.552303322041021539e-08 4.866114275581199245e-08 5.971670698227160096e-08 6.527455461921627994e-08 6.514439032507000592e-08 6.151259524362044281e-08 5.788419719153896874e-08 5.512017958198593616e-08 5.293688916341191279e-08
9.526141387581232212e-09 4.282208583110254239e-08 3.689237512480716894e-08 6.648563986012644010e-08 7.839143405123380989e-08 8.317764307252954607e-08 8.135174257195243640e-08 7.614817860451026055e-08 7.180400962834374937e-08 6.867629706242332824e-08 6.620789400800822565e-08
1.420703261082326448e-08 5.823900671817897816e-08 5.266085385357180369e-08 8.956417522303701655e-08 1.016910092381261211e-07 1.050700081947068446e-07 1.011572336491767928e-07 9.426530591590320963e-08 8.919467955460440350e-08 8.567276826617142929e-08 8.287012046421138951e-08
2.108224667691519634e-08 7.869658260607278533e-08 7.423011615056284026e-08 1.190329416510448912e-07 1.305019687294733794e-07 1.317663354198485441e-07 1.254229442981445922e-07 1.167711204560717407e-07 1.109570195967736566e-07 1.069938024812718732e-07 1.037957779697395235e-07
3.110190486683801223e-08 1.056498100906526775e-07 1.033360418690377874e-07 1.561923729530734513e-07 1.658884807703508200e-07 1.643056486517407225e-07 1.552593724169381249e-07 1.448120729109969941e-07 1.382207935971248437e-07 1.337497900399249467e-07 1.300826375926016614e-07
4.558431469425108066e-08 1.409185163522201593e-07 1.420974474379827760e-07 2.025427745426128960e-07 2.091601356953069677e-07 2.040274611213327937e-07 1.920908935313382935e-07 1.798314817333540734e-07 1.724027878897928449e-07 1.673362735580594464e-07 1.631128503263317494e-07
6.633980095940786826e-08 1.867701442391206473e-07 1.930690077181398300e-07 2.598444236597096321e-07 2.619644484024078166e-07 2.526645978385068065e-07 2.377339910352192298e-07 2.236418798242722683e-07 2.152806247952959298e-07 2.095084159215067796e-07 2.046270492160520476e-07
9.582968833482897245e-08 2.460225325871555117e-07 2.593023714138436458e-07 3.302112204229778354e-07 3.264069603531161306e-07 3.124540645839287846e-07 2.944918267060847508e-07 2.785166776762682974e-07 2.690863940196837534e-07 2.624749010450179327e-07 2.568177172155147978e-07
1.373686773837915122e-07 3.221723470985835403e-07 3.444223644490578610e-07 4.162465858427495926e-07 4.052011803906440722e-07 3.862684869735272505e-07 3.652704040125686165e-07 3.473067048424690933e-07 3.366251318156028207e-07 3.290162464034616503e-07 3.224468548394301931e-07
1.953803596779398379e-07 4.195562468056908248e-07 4.527286351293891297e-07 5.212290484830910573e-07 5.018505988923792359e-07 4.777726385007015666e-07 4.537235103727821544e-07 4.335883906976593650e-07 4.214244283706898276e-07 4.126338368979115181e-07 4.049943045070746039e-07
2.757172058379231698e-07 5.435535568536686583e-07 5.893368086903289106e-07 6.493532817662784323e-07 6.208661117074657946e-07 5.916123646387988315e-07 5.644357321832229342e-07 5.418518229669519443e-07 5.279230754495222009e-07 5.177376726657186644e-07 5.088447525732108346e-07
3.860579287191065194e-07 7.008412481605994007e-07 7.603768343702187122e-07 8.060310207598451654e-07 7.680247332825826131e-07 7.336466240294049514e-07 7.031551022229277145e-07 6.777388227469228587e-07 6.617087695871906571e-07 6.498829420892250459e-07 6.395235258221663633e-07
5.363965488295260835e-07 8.997145385995037134e-07 9.732693994446977199e-07 9.982562705913971486e-07 9.506795743876484168e-07 9.112372028219174812e-07 8.770894446963765661e-07 8.483436630177706301e-07 8.298175648564939409e-07 8.160681938882724776e-07 8.039939413450813191e-07
7.396386761020510448e-07 1.150489625456931278e-06 1.237103871289440839e-06 1.235041466385999158e-06 1.178136573109519874e-06 1.133614774070414965e-06 1.095283422370480270e-06 1.062592311430824204e-06 1.041111151392897480e-06 1.025111229732681921e-06 1.011032301828981090e-06
1.012321492801433631e-06 1.466009186221025937e-06 1.563143292786334180e-06 1.527936432692735132e-06 1.462120078279289776e-06 1.412344390427570475e-06 1.369096959031758049e-06 1.331720287208673235e-06 1.306752287559945909e-06 1.288123052490798818e-06 1.271700834239684165e-06
1.375474936083838189e-06 1.862276642783634773e-06 1.965483925187081300e-06 1.891650329439681625e-06 1.817356732790246502e-06 1.761918452027115682e-06 1.712810481067806411e-06 1.669874599526852551e-06 1.640804053673829546e-06 1.619105515437542579e-06 1.599944177464808883e-06
1.855643275538605415e-06 2.359252111424757841e-06 2.461899495216608834e-06 2.344807955179982786e-06 2.262314978139959746e-06 2.200511137481784291e-06 2.144388713400705655e-06 2.094872038661834750e-06 2.060985309466561640e-06 2.035705015261163900e-06 2.013341721814379295e-06
2.486089809940047321e-06 2.981851834326241693e-06 3.074904751660497196e-06 2.910885118785913975e-06 2.820146006677408381e-06 2.750935847973507577e-06 2.686443025211124578e-06 2.629154651950400287e-06 2.589623193589154097e-06 2.560163022341855272e-06 2.534056553618197955e-06
3.308214488815920133e-06 3.761204133443236824e-06 3.833080438221125749e-06 3.619382523240781233e-06 3.519881647717884123e-06 3.441857110993960218e-06 3.367443030725368274e-06 3.300993987842367203e-06 3.254854167566900762e-06 3.220514905594708273e-06 3.190032419875684179e-06
4.373227126502919297e-06 4.736229046197914522e-06 4.772713626019462426e-06 4.507313280191448000e-06 4.397956428017189675e-06 4.309321374752257801e-06 4.223241852613165726e-06 4.146009200820950377e-06 4.092138564741784749e-06 4.052101965390290715e-06 4.016503579535757616e-06
5.744140018361362774e-06 5.955626419544334295e-06 5.939824673443621122e-06 5.621096012509188557e-06 5.500136161365903264e-06 5.398687971410716286e-06 5.298996805665252642e-06 5.209081111189000588e-06 5.146170591594358469e-06 5.099478566768165299e-06 5.057899379678565577e-06
7.498175544917884568e-06 7.480379167605763144e-06 7.392675840988611108e-06 7.018964599770383308e-06 6.883955350342806617e-06 6.767063082124815060e-06 6.651589089274025003e-06 6.546765740834964809e-06 6.473287166460934744e-06 6.418817687234404253e-06 6.370246807963461518e-06
9.729728436216158167e-06 9.386905719439109463e-06 9.204887557716196240e-06 8.774028938502189659e-06 8.621791952910291704e-06 8.486366818164095151e-06 8.352673471758623560e-06 8.230337876990402978e-06 8.144506028781230307e-06 8.080945220583732888e-06 8.024201289288639279e-06
1.255407925990464479e-05 1.177102983559989198e-05 1.146932725988596377e-05 1.097815124683813545e-05 1.080474224348345602e-05 1.064719786694075797e-05 1.049252331784764250e-05 1.034962932842871012e-05 1.024935767183688374e-05 1.017516747513434988e-05 1.010887007951457451e-05
1.611212444064428630e-05 1.475297884260909816e-05 1.430298356367307937e-05 1.374684242489156230e-05 1.354750226461313756e-05 1.336370330952077585e-05 1.318487947263745480e-05 1.301786958350787312e-05 1.290071868472754922e-05 1.281409931596552609e-05 1.273663560657634657e-05
2.057646651511566916e-05 1.848367535207301097e-05 1.785309676915191603e-05 1.722543587133524258e-05 1.699451770282650058e-05 1.677971552534549958e-05 1.657306579242149734e-05 1.637779087352919522e-05 1.624090835034337849e-05 1.613975464300177024e-05 1.604924033566872986e-05
2.615929373340325674e-05 2.315265575427294246e-05 2.230488760632677836e-05 2.159686503665019823e-05 2.132773345605563331e-05 2.107648653533719164e-05 2.083770242894429213e-05 2.060932807937438611e-05 2.044937873194273270e-05 2.033122926611489781e-05 2.022546308584381462e-05
3.312256883186375889e-05 2.899803496954699876e-05 2.789131305167224950e-05 2.709145905954106386e-05 2.677636100334942912e-05 2.648243638315382655e-05 2.620643395918794346e-05 2.593933007504499431e-05 2.575241458072661797e-05 2.561439232161469808e-05 2.549080278649182852e-05
4.179114375235112806e-05 3.631904562372812551e-05 3.490538545022039198e-05 3.399928167418677342e-05 3.362919020709579390e-05 3.328544065281413452e-05 3.296619752380132028e-05 3.265380734011910868e-05 3.243536757970001910e-05 3.227411053770532125e-05 3.212969379939155124e-05
5.256952529957939252e-05 4.549181622034169007e-05 4.371572465385893642e-05 4.268567647658957735e-05 4.225010759800406447e-05 4.184831812306050381e-05 4.147869148587771094e-05 4.111337613820046532e-05 4.085808485344972048e-05 4.066966504528850594e-05 4.050091229059074951e-05
6.596314591990607345e-05 5.698922270668698077e-05 5.478617874691410066e-05 5.361085164469529357e-05 5.309765140569190276e-05 5.262834850540052783e-05 5.219987348020605866e-05 5.177272794977061057e-05 5.147436001939126782e-05 5.125418874352405927e-05 5.105700141501214625e-05
8.260515727451333125e-05 7.140585649236403645e-05 6.870055334008072197e-05 6.735454458882449494e-05 6.674964034339492052e-05 6.620185763181621688e-05 6.570452363391902787e-05 6.520515969722629184e-05 6.485644186335180620e-05 6.459915899703326807e-05 6.436874980646110575e-05
1.032899756663352463e-04 8.948940291611684895e-05 8.619373653096809812e-05 8.464705557799074122e-05 8.393416223037897836e-05 8.329515689899919916e-05 8.271715785107499914e-05 8.213344926922876100e-05 8.172588465155040027e-05 8.142522932716946449e-05 8.115600671272021687e-05
1.290150753650868762e-04 1.121800153427696437e-04 1.081907950096972268e-04 1.064082278839626920e-04 1.055684982590446492e-04 1.048234134611907904e-04 1.041508656445879768e-04 1.034686502561950463e-04 1.029923134608787196e-04 1.026409730893739646e-04 1.023264064112664796e-04
1.610328407100299118e-04 1.406595875286241774e-04 1.358559328678634345e-04 1.337962673945917297e-04 1.328078754693917825e-04 1.319393440510747918e-04 1.311559635356290647e-04 1.303586961737155595e-04 1.298019942586506705e-04 1.293914284550550940e-04 1.290238908501386672e-04
2.009146136999914137e-04 1.764131336190465657e-04 1.706535117545212134e-04 1.682686009705126483e-04 1.671062472729602276e-04 1.660939320955759585e-04 1.651806622047662966e-04 1.642490115375404736e-04 1.635984055852489946e-04 1.631186411587016711e-04 1.626892266215586638e-04
2.506293259867075599e-04 2.213047037878247789e-04 2.144235521207287648e-04 2.116571937208043140e-04 2.102915231494529669e-04 2.091115887338453906e-04 2.080461671228511008e-04 2.069575488231328181e-04 2.061972305089229077e-04 2.056366233939049457e-04 2.051349343968856219e-04
3.126391261955061658e-04 2.776702519150571632e-04 2.694741288562815091e-04 2.662607398589554478e-04 2.646576631650517466e-04 2.632821729734289196e-04 2.620386279089289270e-04 2.607666663425886404e-04 2.598781838802784704e-04 2.592231438675308931e-04 2.586370458172297139e-04
3.900139482964082847e-04 3.484293925822678356e-04 3.386926045654216257e-04 3.349556742907666760e-04 3.330755857816468813e-04 3.314718198828560630e-04 3.300198866634041286e-04 3.285337981258524024e-04 3.274956266949101804e-04 3.267303013427450930e-04 3.260456406388354510e-04
4.865656297672132599e-04 4.372166759205884713e-04 4.256763498407253399e-04 4.213266629603396453e-04 4.191235497970223402e-04 4.172532399942952409e-04 4.155576918690288574e-04 4.138215851679470647e-04 4.126086389654798283e-04 4.117145545705689735e-04 4.109148383727524224e-04
6.069994549804789584e-04 5.485303680585755688e-04 5.348809824553570329e-04 5.298146203308352897e-04 5.272350651932310520e-04 5.250535503809020295e-04 5.230734449383672756e-04 5.210455410936606913e-04 5.196286283921426347e-04 5.185842890199714693e-04 5.176503276166903198e-04
7.570762312978467339e-04 6.878921323906218551e-04 6.717795999271870908e-04 6.658757567713245512e-04 6.628578485095189265e-04 6.603131639635086148e-04 6.580010173571923613e-04 6.556328010891383437e-04 6.539780313206368855e-04 6.527584825246446169e-04 6.516680002226380927e-04
9.437705498093930260e-04 8.620038209006374713e-04 8.430193436024150484e-04 8.361380392979861397e-04 8.326102287538406435e-04 8.296421615638536681e-04 8.269430811098280694e-04 8.241784147334272432e-04 8.222465791511290737e-04 8.208229522395346428e-04 8.195501809318471399e-04
1.175400281894361859e-03 1.078877345829053766e-03 1.056551458838900009e-03 1.048531298163153354e-03 1.044411271771719142e-03 1.040950443167288795e-03 1.037801275935021448e-03 1.034575533526005961e-03 1.032321499997525694e-03 1.030660566702159674e-03 1.029175848762534226e-03
1.461688700623372953e-03 1.347900370208713478e-03 1.321697862107574064e-03 1.312354085357901254e-03 1.307547779597787417e-03 1.303514855526993407e-03 1.299843448272288175e-03 1.296082766322517212e-03 1.293454955556231018e-03 1.291518742651823247e-03 1.289788187378309746e-03
1.813704985556677902e-03 1.679785367276983394e-03 1.649102117828404532e-03 1.638225311728794568e-03 1.632626257013743490e-03 1.627931441497705578e-03 1.623656156010295842e-03 1.619276946620394706e-03 1.616216991883571118e-03 1.613962530895382596e-03 1.611947791560417982e-03
