5.946048972243525883e-06 3.364480699426018555e-05 1.769143995474014783e-04 4.202225585132737047e-04 7.682413806318623114e-04 1.358659999141842737e-03 2.664126090376111710e-03 6.140286984579189887e-03 1.273528234940330545e-02 2.502639659017991819e-02 5.085606544914957755e-02
7.171414004729847677e-06 4.245150879527131977e-05 2.232188806467853023e-04 5.302355712128331046e-04 9.693985143918325189e-04 1.714272432110072091e-03 3.359107849430201589e-03 7.717578186718513159e-03 1.589004290807724887e-02 3.080679802794117350e-02 6.112307831924147089e-02
8.884353951696467278e-06 5.356237269074558770e-05 2.816346965234273214e-04 6.690323024337198462e-04 1.223167575705759154e-03 2.162661948458972569e-03 4.233207290761583329e-03 9.683898623017923521e-03 1.975771937090888344e-02 3.771152763312970307e-02 7.292419144916291451e-02
1.112887951557260252e-05 6.757946616011186586e-05 3.553241333787848116e-04 8.441270630256546455e-04 1.543239802775782550e-03 2.727726570874183191e-03 5.330829191546599365e-03 1.212511716624406488e-02 2.446551032622078237e-02 4.587847437975196840e-02 8.633872127164814170e-02
1.400259264397529246e-05 8.526173962890815051e-05 4.482712541505695452e-04 1.064980501320915646e-03 1.946802710049749981e-03 3.439257586530680613e-03 6.706173793935774931e-03 1.514073432494464529e-02 3.014948163015513521e-02 5.543758107108030797e-02 1.014169895951468198e-01
1.764961528606327266e-05 1.075655898481130655e-04 5.654925918387909874e-04 1.343490414995596833e-03 2.455377443829923675e-03 4.334199978862755993e-03 8.424683521024574698e-03 1.884367254298739344e-02 3.695034957368113770e-02 6.650379292618772975e-02 1.181760150626222639e-01
2.226228212449732208e-05 1.356957216678837577e-04 7.132997662458320049e-04 1.694595702803082570e-03 3.095816306507287799e-03 5.458059684544179502e-03 1.056433543135740401e-02 2.335902095295433467e-02 4.500793337413058759e-02 7.916999656921480666e-02 1.365966683311113927e-01
2.808856861069686687e-05 1.711687899079691920e-04 8.996253182408105826e-04 2.137011845194702279e-03 3.901464979686786443e-03 6.866402967985186546e-03 1.321657788017371188e-02 2.882150670066208065e-02 5.445453228838034732e-02 9.350053548060278941e-02 1.566224407975734256e-01
3.544411106231632754e-05 2.158928190939654775e-04 1.134424489271958865e-03 2.694114116287324445e-03 4.913476908341502664e-03 8.626348911802838790e-03 1.648666166660986074e-02 3.537156309537466820e-02 6.540766252851870632e-02 1.095258435024503568e-01 1.781598456391479124e-01
4.472871136219312558e-05 2.722659676163340591e-04 1.430166598044806028e-03 3.394978608091181460e-03 6.182240709943279816e-03 1.081790174298221524e-02 2.049308879614751555e-02 4.315001553886641666e-02 7.796272169163966093e-02 1.272386220386218514e-01 2.010803648342129046e-01
5.644785759763151707e-05 3.432987936130939342e-04 1.802429549488763225e-03 4.275579209641262521e-03 7.768844112416606849e-03 1.353491129770186159e-02 2.536591220489472706e-02 5.229159143682098054e-02 9.218620277411343489e-02 1.465918270281638958e-01 2.252237822388501176e-01
7.124026541807407741e-05 4.327647334091190589e-04 2.270609096350593558e-03 5.380118917612312229e-03 9.746450498623750180e-03 1.688539827288236192e-02 3.124368124331686897e-02 6.291764834187169031e-02 1.081100436585838015e-01 1.674985618876454196e-01 2.504026963563949493e-01
8.991287528688844915e-05 5.453839194601437434e-04 2.858749775639614875e-03 6.762444621483690299e-03 1.220141054674154547e-02 2.099095167604428380e-02 3.826894604377899939e-02 7.512866692777464550e-02 1.257275812933860426e-01 1.898338205283793823e-01 2.764079777318729780e-01
1.134851961256382334e-04 6.870455880496400755e-04 3.596495813997303923e-03 8.487455361295163578e-03 1.523387988509339666e-02 2.598491703537885236e-02 4.658240132531587391e-02 8.899713779936023472e-02 1.449914108343083319e-01 2.134379064248638491e-01 3.030149157677285987e-01
1.432454054595894480e-04 8.650739341786640611e-04 4.520146609820102461e-03 1.063236684883129418e-02 1.895767677449219923e-02 3.200916082173122651e-02 5.631594353856311103e-02 1.045614644798630866e-01 1.658132647028627560e-01 2.381212727402634566e-01 3.299897830380622010e-01
1.808212206751906408e-04 1.088541065407064908e-03 5.673781876238489022e-03 1.328764504830790873e-02 2.349910726195002589e-02 3.920932530614604922e-02 6.758509922910919954e-02 1.218214113232718998e-01 1.880658567319073160e-01 2.636704787275782058e-01 3.570965319448125008e-01
2.282692471484392934e-04 1.368628328164623502e-03 7.110396222085153817e-03 1.655737821192565865e-02 2.899452415395474200e-02 4.772866966450287074e-02 8.048141837932222542e-02 1.407354665776196223e-01 2.115865021245673383e-01 2.898549297395222046e-01 3.841033330146427782e-01
2.881872618690717531e-04 1.719033345456035542e-03 8.892953323166433166e-03 2.055883300230774285e-02 3.558647979824679924e-02 5.770080103683219996e-02 9.506548360968213041e-02 1.612203010365992339e-01 2.361822306310448760e-01 3.164340546936020848e-01 4.107886721625607085e-01
3.638546395318198521e-04 2.156414286332893320e-03 1.109523927853889314e-02 2.542095071051803448e-02 4.341847880794460351e-02 6.924179359257902344e-02 1.113611516163961479e-01 1.831523157994641438e-01 2.616360534180042219e-01 3.431645726056657408e-01 4.369467507137609341e-01
4.594067437787799791e-04 2.700855044935774555e-03 1.380236873674121727e-02 3.128159594645905234e-02 5.262851837095730567e-02 8.244233169707249065e-02 1.293515258035034532e-01 2.063711138947251500e-01 2.877140143875560607e-01 3.698075098708397679e-01 4.623919786981506852e-01
5.800493758445921183e-04 3.376325367811605291e-03 1.711078302820816591e-02 3.828347651251376438e-02 6.334178988778306485e-02 9.736056285339650396e-02 1.489769851651705224e-01 2.306846121460438548e-01 3.141726460586506398e-01 3.961346555337255104e-01 4.869624168088340643e-01
7.323189775384534271e-04 4.211099331276629658e-03 2.112758428389508933e-02 4.656880112098191193e-02 7.566306888453376567e-02 1.140162964088659997e-01 1.701353986775932248e-01 2.558754322263098735e-01 3.407664543885152719e-01 4.219341855810673780e-01 5.105220997490059753e-01
9.243927974038627839e-04 5.238085475295002104e-03 2.596907901044648651e-02 5.627290930465303487e-02 8.966940710599977105e-02 1.323870486896903398e-01 1.926844686682727403e-01 2.817081671161758560e-01 3.672550759418566901e-01 4.470152494907047580e-01 5.329622554360352593e-01
1.166450141196594646e-03 6.495014669453808703e-03 3.175846032065044594e-02 6.751726373843734696e-02 1.054037428387437081e-01 1.524062462307844423e-01 2.164459923695055688e-01 3.079371035182250638e-01 3.934097865468597077e-01 4.712113895970249655e-01 5.542015119837889747e-01
1.471080640454960594e-03 8.024430327271033989e-03 3.862263551999842170e-02 8.040230660048534872e-02 1.228699648143757178e-01 1.739636943632926203e-01 2.412117170853237680e-01 3.343139867515945718e-01 4.190190944710229792e-01 4.943827498805529186e-01 5.741852498210565647e-01
1.853727850242751531e-03 9.873432850810761816e-03 4.668829437214719325e-02 9.500072527897207575e-02 1.420298222180398640e-01 1.969082309452782342e-01 2.667503901987829384e-01 3.605954400103887902e-01 4.438932222076596434e-01 5.164171173095335465e-01 5.928843041771890698e-01
2.333146483747647760e-03 1.209314828442525913e-02 5.607739815949701334e-02 1.113516425384838276e-01 1.628018995169889793e-01 2.210523335860134775e-01 2.928155649477526268e-01 3.865496943499486249e-01 4.678673649479924701e-01 5.372299174488004425e-01 6.102932506459172179e-01
2.931839903749002604e-03 1.473792022992930634e-02 6.690233512986994147e-02 1.294561545823907645e-01 1.850627007746633579e-01 2.461783387095526077e-01 3.191537107169646337e-01 4.119623489901966251e-01 4.908037037283942139e-01 5.567633497080278770e-01 6.264285133756577473e-01
3.676432639955852510e-03 1.786426131524859739e-02 7.926102247693576908e-02 1.492745124783425303e-01 2.086497356869358999e-01 2.720458585131557139e-01 3.455121890596771217e-01 4.366409611809947133e-01 5.125922386974112177e-01 5.749848917959411443e-01 6.413265232600249277e-01
4.597923010610497144e-03 2.152963976990456343e-02 9.323223438206729163e-02 1.707251061685023108e-01 2.333663785804851731e-01 2.983999407264342207e-01 3.716466925485749084e-01 4.604183559207282173e-01 5.331505848426312255e-01 5.918854259864925194e-01 6.550421247514507384e-01
5.731756172467576856e-03 2.579120919934214939e-02 1.088714040130798616e-01 1.936852870700652984e-01 2.589881819914016114e-01 3.249795013117596776e-01 3.973278022042665558e-01 4.831546408851478125e-01 5.524229325150070702e-01 6.074772425376113727e-01 6.676473865935794727e-01
7.117660630104881946e-03 3.070460617511306181e-02 1.262070955927579452e-01 2.179939645971252504e-01 2.852702634359126632e-01 3.515255705201762448e-01 4.223463985683093003e-01 5.047380025721165397e-01 5.703784145142922757e-01 6.217921606101305398e-01 6.792309142149240975e-01
8.799202784302399827e-03 3.632293392522165099e-02 1.452382844599461043e-01 2.434558322195776725e-01 3.119553432342028199e-01 3.777889289038105503e-01 4.465177566817594701e-01 5.250844379909044290e-01 5.870091395441910942e-01 6.348799774857541989e-01 6.898976874654039193e-01
1.082303399527466056e-02 4.269601971731007417e-02 1.659325306737597927e-01 2.698470122335694388e-01 3.387819916446185298e-01 4.035367725054819776e-01 4.696842587501764976e-01 5.441366362329304041e-01 6.023281501211059652e-01 6.468074152884033534e-01 6.997693514349686561e-01
1.323783033563960890e-02 4.986998375128683797e-02 1.882250924863899388e-01 2.969218477363905762e-01 3.654926472513599922e-01 4.285581332842780533e-01 4.917167608700159231e-01 5.618622627116827140e-01 6.163675446499029542e-01 6.576576813951268141e-01 7.089847623817541189e-01
1.609295269233951275e-02 5.788709955608545982e-02 2.120190010337305309e-01 3.244205127455593862e-01 3.918409988178587211e-01 4.526678858260460014e-01 5.125147425723636241e-01 5.782519153864881245e-01 6.291769718355849639e-01 6.675306919601761146e-01 7.177004274288559804e-01
1.943687978576482539e-02 6.678587346949228787e-02 2.371861025958673652e-01 3.520770608428535620e-01 4.175983813352943108e-01 4.757092850672530737e-01 5.320054424607991717e-01 5.933170188961240932e-01 6.408226634591751569e-01 6.765439215229772651e-01 7.260902735667765784e-01
2.331548547344322250e-02 7.660123528358060707e-02 2.635690625201541626e-01 3.796274980287067113e-01 4.425589216706222739e-01 4.975550909460617621e-01 5.501422350645492898e-01 6.070879026569674375e-01 6.513871193054110442e-01 6.848337260494399281e-01 7.343439528405134586e-01
2.777024238260014655e-02 8.736471969495267220e-02 2.909843080757421041e-01 4.068174570174757920e-01 4.665432735159990019e-01 5.181074338690588865e-01 5.669025316620686095e-01 6.196122762994077382e-01 6.609694930769022259e-01 6.925568305989860951e-01 7.426626825386285491e-01
3.283643605950671562e-02 9.910452843777096954e-02 3.192258611974181370e-01 4.334090759167851803e-01 4.894008951302045718e-01 5.372966513577713821e-01 5.822854927045396645e-01 6.309542729983632636e-01 6.696866440534009479e-01 6.998914673461257285e-01 7.512515269295282350e-01
3.854146838108171713e-02 1.118453903548851103e-01 3.480699750916727009e-01 4.591867465618676980e-01 5.110109348522865469e-01 5.550793765741229846e-01 5.963098251398842864e-01 6.411941788021778832e-01 6.776747058660714806e-01 7.070373977685082689e-01 7.603072020358626615e-01
4.490331813753706269e-02 1.256081732195794831e-01 3.772804436843775200e-01 4.839614924361141379e-01 5.312818874180038620e-01 5.714361828966295631e-01 6.090119088485568266e-01 6.504289013197719349e-01 6.850908685791822217e-01 7.142137837808226752e-01 7.700011098073541449e-01
5.192921408991951759e-02 1.404092392267022316e-01 4.066144055061914342e-01 5.075738528003838068e-01 5.501502602110568407e-01 5.863690879476323170e-01 6.204444565482157836e-01 6.587731476200160419e-01 6.921148628194256913e-01 7.216536616756132894e-01 7.804585132175162476e-01
5.961456665275792488e-02 1.562595701253623182e-01 4.358284209346260374e-01 5.298952743101105201e-01 5.675785380317137641e-01 5.998992002461805972e-01 6.306758631665715376e-01 6.663611687237099845e-01 6.989493753305645596e-01 7.295937572455994946e-01 7.917364791223722165e-01
6.794220488313067186e-02 1.731637148035883589e-01 4.646845707280375382e-01 5.508281291965789750e-01 5.835527570781292583e-01 6.120647574961013415e-01 6.397903432084771636e-01 6.733487742260410025e-01 7.058183402770245030e-01 7.382587543849588041e-01 8.038050141505136414e-01
7.688198095134311794e-02 1.911186305272798980e-01 4.929563100558887467e-01 5.703045773246993022e-01 5.980799962793109659e-01 6.229197621811654040e-01 6.478888836843560428e-01 6.799151150636288943e-01 7.129618123175938127e-01 7.478400883074405314e-01 8.165368928758233169e-01
8.639083563876095995e-02 2.101124988524667170e-01 5.204338190384959484e-01 5.882845595881746048e-01 6.111860716642264491e-01 6.325333702989892615e-01 6.550909471859767130e-01 6.862634757262087160e-01 7.206260732391190915e-01 7.584709486740571771e-01 8.297111076495210513e-01
9.641345833801141796e-02 2.301235987787001724e-01 5.469286188478040822e-01 6.047532486786261208e-01 6.229136824324452704e-01 6.409901321380755412e-01 6.615367325681930089e-01 6.926200350850816312e-01 7.290479547809973759e-01 7.702012158058243463e-01 8.430321871270405332e-01
1.068837057402298868e-01 2.511193134633263879e-01 5.722772698903195732e-01 6.197182914933299092e-01 6.333212101375964576e-01 6.483911152429998603e-01 6.673896262453001826e-01 6.992293177059171194e-01 7.384332903424378758e-01 7.829778580452763093e-01 8.561633657444503998e-01
1.177269387201863166e-01 2.730553335147521410e-01 5.963440316064961833e-01 6.332071600077231466e-01 6.424823168081322811e-01 6.548558497386652855e-01 6.728382471037889223e-01 7.063449964338277542e-01 7.489310384972165391e-01 7.966369108989311831e-01 8.687673043358153935e-01
1.288633706616514885e-01 2.958751008681790307e-01 6.190224365446771460e-01 6.452648906835555254e-01 6.504864222194437495e-01 6.605249114112597963e-01 6.780972103228665171e-01 7.142150117514634022e-01 7.606067513182233064e-01 8.109116776928175785e-01 8.805456467877426086e-01
1.402123801896703881e-01 3.195095147711365380e-01 6.402358082160313213e-01 6.559524424920527563e-01 6.574400588553399594e-01 6.655627829179407984e-01 6.834054508282172424e-01 7.230608424006651491e-01 7.734210397965611827e-01 8.254581328642178750e-01 8.912692606435781428e-01
1.516975425704784886e-01 3.438768987201557548e-01 6.599368260637371586e-01 6.653458444102060554e-01 6.634689949515785168e-01 6.701603967511209348e-01 6.890207489418629372e-01 7.330522854352807816e-01 7.872194904941560711e-01 8.398937203315461897e-01 9.007942130910283618e-01
1.632519258775762261e-01 3.688832082724193273e-01 6.781063051537385977e-01 6.735362352374544281e-01 6.687208680761071999e-01 6.745364690137748420e-01 6.952091454701954110e-01 7.442810968915665182e-01 8.017391500954030858e-01 8.538417194604968063e-01 9.090628437440391174e-01
1.748230509754694073e-01 3.944224485555397064e-01 6.947514071206002395e-01 6.806308176244169061e-01 6.733678718308074851e-01 6.789364180386837644e-01 7.022284211450755542e-01 7.567387194324255439e-01 8.166330113918783828e-01 8.669718663546653881e-01 9.160929361152151396e-01
1.863768917010025783e-01 4.203772702098328429e-01 7.099035278149352646e-01 6.867546452498910492e-01 6.776087838685502795e-01 6.836274195897461547e-01 7.103059140195973065e-01 7.703041642136252420e-01 8.315089304554819094e-01 8.790295629660505039e-01 9.219598673372121356e-01
1.979004165242813917e-01 4.466197248006031351e-01 7.236161126193271231e-01 6.920530241624028855e-01 6.816693353167666558e-01 6.888881455319428859e-01 7.196126537070676177e-01 7.847470581413897861e-01 8.459750731683807201e-01 8.898498794379218202e-01 9.267766428955611646e-01
2.094024125214537790e-01 4.730121842754101968e-01 7.359626302670649878e-01 6.966941228883406501e-01 6.857996623167424977e-01 6.949921875345355105e-01 7.302377685753603798e-01 7.997476920940904677e-01 8.596822502570339308e-01 8.993568757838644734e-01 9.306755241589881322e-01
2.209126108391289145e-01 4.994084598688380283e-01 7.470348885963737917e-01 7.008711441661320540e-01 6.902674696134448729e-01 7.021852853742523992e-01 7.421686531159007449e-01 8.149314364068150907e-01 8.723550537589396248e-01 9.075519241206547738e-01 9.337933396508303341e-01
2.324793667107578343e-01 5.256551875822531583e-01 7.569417994745900602e-01 7.048031266745719003e-01 6.953457490352152881e-01 7.106582922050207474e-01 7.552825631546860041e-01 8.299108116531900281e-01 8.838076495183364578e-01 9.144959814330755332e-01 9.362611397874113228e-01
2.441662816666984592e-01 5.515935720277164167e-01 7.658085935563334612e-01 7.087331679534581985e-01 7.012946188466244735e-01 7.205199858797359802e-01 7.693535174840087087e-01 8.443265290138719514e-01 8.939445474373050038e-01 9.202903661803162327e-01 9.381978856311263826e-01
2.560481807769547924e-01 5.770615897457909149e-01 7.737763480472185096e-01 7.129226959808835362e-01 7.083381785952410636e-01 7.317755933033818216e-01 7.840748132100386902e-01 8.578797198477744468e-01 9.027499642968928040e-01 9.250592596228474074e-01 9.397073717186589237e-01
2.682068008057363895e-01 6.018967398967531857e-01 7.810015259062331738e-01 7.176405341636372670e-01 7.166390665797526260e-01 7.443171955390498473e-01 7.990932633785565731e-01 8.703507791564166762e-01 9.102707494420803069e-01 9.289356278344259588e-01 9.408774549812254362e-01
2.807264497896828637e-01 6.259393897775441529e-01 7.876550467237740660e-01 7.231461008829472847e-01 7.262751752408195260e-01 7.579302756896342252e-01 8.140481019321963441e-01 8.816042399322420176e-01 9.165974827306389017e-01 9.320510193664036658e-01 9.417807497027245178e-01
2.936898048790033133e-01 6.490366940297758180e-01 7.939202495320590858e-01 7.296672977980774855e-01 7.372239437568116616e-01 7.723167399160958402e-01 8.286066633343935894e-01 8.915823270303622206e-01 9.218470264882991927e-01 9.345289085982966260e-01 9.424761305949643786e-01
3.071739483474746901e-01 6.710469738026157982e-01 7.999890217023967187e-01 7.373753997939315186e-01 7.493590439615851473e-01 7.871301157062720044e-01 8.424906377295442450e-01 9.002914559456178800e-01 9.261482818460162747e-01 9.364808900953699444e-01 9.430105823555662292e-01
3.212467093334699375e-01 6.918443356710174408e-01 8.060554327601888724e-01 7.463611432531305212e-01 7.624618379360287301e-01 8.020152373309376026e-01 8.554900016379266559e-01 9.077859545936921570e-01 9.296316528600464535e-01 9.380049588344627765e-01 9.434211026521607257e-01
3.359633753442864412e-01 7.113232063077402634e-01 8.123065050092623807e-01 7.566174474186407872e-01 7.762462936490277521e-01 8.166440079516400496e-01 8.674651800423839321e-01 9.141522661455393495e-01 9.324219350655948979e-01 9.391852017517392515e-01 9.437364917111712437e-01
3.513638490411359894e-01 7.294023795667523569e-01 8.189103105918605907e-01 7.680339407351639558e-01 7.903924218323883366e-01 8.307409037967757870e-01 8.783404202613227518e-01 9.194955277796829085e-01 9.346339813411835840e-01 9.400923765501479901e-01 9.439789468555334073e-01
3.674703361300191706e-01 7.460281414425320445e-01 8.260023506515156155e-01 7.804062635351248778e-01 8.045811895165415617e-01 8.440955919501060833e-01 8.880922800050818910e-01 9.239292189738712580e-01 9.363704278707901674e-01 9.407850033795066569e-01 9.441654328278037411e-01
3.842856457498444178e-01 7.611760749289993022e-01 8.336719695883078041e-01 7.934594184915959580e-01 8.185240684086214635e-01 8.565637113499481314e-01 8.967367654679826439e-01 9.275677648999011149e-01 9.377208505524221582e-01 9.413107165354862582e-01 9.443088284277530997e-01
4.017921587222655910e-01 7.748512591555041240e-01 8.419511212474110051e-01 8.068805608228747372e-01 8.319826289958786036e-01 8.680592738170277434e-01 9.043175678103160253e-01 9.305215787532165050e-01 9.387618651892329913e-01 9.417077109628833043e-01 9.444188653315910287e-01
4.199514736832519746e-01 7.870867555131649818e-01 8.508078824126945605e-01 8.203541574733530517e-01 8.447768045204414600e-01 8.785428871027319842e-01 9.108966116152745762e-01 9.328939290818962782e-01 9.395578233210127861e-01 9.420061771862734412e-01 9.445028819815018961e-01
4.387046875656570033e-01 7.979404885422546334e-01 8.601465829180663381e-01 8.335923849210512548e-01 8.567833515963254598e-01 8.880094166590275506e-01 9.165471293613355330e-01 9.347790933036962402e-01 9.401618642814312254e-01 9.422296567622652219e-01 9.445664179064788835e-01
4.579732215657540961e-01 8.074908379295947514e-01 8.698153659457029674e-01 8.463558157981195817e-01 8.679277774196112460e-01 8.964774353077302749e-01 9.213488665801076172e-01 9.362613973839252202e-01 9.406171595164976029e-01 9.423962760990768350e-01 9.446136738557869839e-01
4.776600823698003984e-01 8.158314148507727070e-01 8.796206425444321741e-01 8.584627387230080453e-01 8.781733944479006571e-01 9.039814624156242706e-01 9.253847870389666497e-01 9.374148750680916242e-01 9.409582342536213506e-01 9.425198348311555341e-01 9.446478617707457781e-01
4.976514599580044163e-01 8.230655679650195067e-01 8.893465700511340444e-01 8.697884890706282235e-01 8.875105235488589539e-01 9.105669457900950059e-01 9.287386797095336100e-01 9.383033772683823104e-01 9.412122836456959796e-01 9.426107388444741053e-01 9.446714664427644514e-01
5.178186060770347821e-01 8.293011409442619941e-01 8.987766718947491906e-01 8.802580121565856119e-01 8.959477252450079865e-01 9.162873320925347675e-01 9.314932406869650405e-01 9.389810191585062915e-01 9.414004232707302577e-01 9.426767788391409164e-01 9.446864380399547789e-01
5.380199995890461162e-01 8.346458984143242388e-01 9.077142842734043926e-01 8.898353201819327873e-01 9.035057722164120397e-01 9.212023755514123780e-01 9.337284051538700114e-01 9.394928791131236245e-01 9.415388321220579115e-01 9.427237634218806894e-01 9.446943317873617296e-01
5.581038682926489081e-01 8.392038827083613262e-01 9.159988139142339891e-01 8.985128786134177759e-01 9.102141823484615202e-01 9.253769310547759197e-01 9.355198679300510411e-01 9.398758734257057768e-01 9.416397620973491200e-01 9.427560212757178926e-01 9.446964081772498689e-01
5.779111826326924772e-01 8.430727985940366098e-01 9.235157795989951124e-01 9.063028187431626526e-01 9.161096202776456421e-01 9.288797246295467103e-01 9.369378276895218294e-01 9.401597350359824912e-01 9.417124018967037991e-01 9.427767901236541181e-01 9.446937043473634388e-01
5.972792494123235763e-01 8.463423808210754906e-01 9.302000127221751180e-01 9.132307104924201058e-01 9.212353196900624486e-01 9.317818709258554044e-01 9.380460218187809396e-01 9.403680300322676544e-01 9.417635948277802704e-01 9.427885113010688878e-01 9.446870848268055232e-01
6.160460022619073106e-01 8.490936008931334600e-01 9.360327769893436178e-01 9.193317441677635316e-01 9.256407789052735202e-01 9.341551339513327612e-01 9.389011051068507641e-01 9.405191549206283197e-01 9.417984188664133560e-01 9.427930482231520193e-01 9.446772777841792035e-01
6.340550038022642054e-01 8.513985208762691048e-01 9.410345331683692693e-01 9.246486703899049475e-01 9.293812194135322446e-01 9.360700680205100710e-01 9.395523891352983714e-01 9.406272701516216195e-01 9.418206432723802424e-01 9.427918453821251266e-01 9.446649012415510027e-01
6.511610417497669667e-01 8.533205968336791125e-01 9.452554264338023371e-01 9.292307037092591981e-01 9.325165672224583480e-01 9.375942295200507814e-01 9.400419195406563011e-01 9.407031394121272427e-01 9.418330792894512582e-01 9.427860422172168464e-01 9.446504824208062923e-01
6.672360283120881697e-01 8.549152589203919961e-01 9.487653708492361782e-01 9.331327038712670108e-01 9.351099483844826921e-01 9.387906364917412150e-01 9.404048371293984854e-01 9.407548577925023414e-01 9.418378434119502041e-01 9.427765536734078466e-01 9.446344724205193444e-01
6.821747277613590121e-01 8.562306340396680371e-01 9.516450737303564500e-01 9.364141863249199060e-01 9.372258461940171648e-01 9.397165999045712370e-01 9.406699509619529387e-01 9.407884636548551338e-01 9.418365509610483466e-01 9.427641268017886711e-01 9.446172577235062429e-01
6.958996901612026775e-01 8.573083177587761394e-01 9.539787335944668323e-01 9.391379743126839763e-01 9.389281409062630868e-01 9.404229837246892432e-01 9.408604467681919159e-01 9.408084380501997579e-01 9.418304558829778683e-01 9.427493805441603536e-01 9.445991695477090611e-01
7.083647203506528989e-01 8.581841371580282152e-01 9.558486351663197933e-01 9.413685176514204889e-01 9.402782560067812767e-01 9.409538893497938483e-01 9.409946594810935094e-01 9.408181016627884530e-01 9.418205502853272959e-01 9.427328339805184365e-01 9.445804917199071005e-01
7.195563096977967144e-01 8.588888723195785557e-01 9.573315258684971241e-01 9.431700350807558086e-01 9.413335906733729663e-01 9.413467140706544001e-01 9.410868504872447193e-01 9.408199227353251093e-01 9.418076346735431148e-01 9.427149268199542798e-01 9.445614675244446978e-01
7.294927137613925749e-01 8.594489213681566486e-01 9.584964840283748400e-01 9.446046859765905301e-01 9.421463505072189548e-01 9.416325061315430345e-01 9.411479448839046302e-01 9.408157507284758969e-01 9.417923674129552447e-01 9.426960347541403218e-01 9.445423058178000764e-01
7.382207251765364742e-01 8.598869040663484897e-01 9.594039356726095091e-01 9.457309612144682021e-01 9.427628183475095236e-01 9.418365289811875263e-01 9.411861989006844453e-01 9.408069901583754335e-01 9.417752997791727365e-01 9.426764814128201220e-01 9.445231865739782684e-01
7.458105727801910279e-01 8.602222040071662024e-01 9.601054948271641187e-01 9.466024280513994915e-01 9.432230477843401850e-01 9.419789502909327039e-01 9.412077809118511995e-01 9.407947276852994811e-01 9.417569011381989874e-01 9.426565480011424025e-01 9.445042659153997100e-01
7.523496665714455300e-01 8.604714512238161861e-01 9.606443530215630355e-01 9.472668951627322143e-01 9.435609205695973944e-01 9.420755825483991819e-01 9.412172601829014162e-01 9.407798235701716472e-01 9.417375773266490890e-01 9.426364812064778054e-01 9.444856805812461564e-01
7.579360259082026374e-01 8.606489469232750933e-01 9.610560029419429329e-01 9.477660002246383053e-01 9.438044865115499116e-01 9.421386173445774892e-01 9.412180053611408637e-01 9.407629764547702500e-01 9.417176841650835017e-01 9.426164996036694443e-01 9.444675516956743122e-01
7.626721587179087214e-01 8.607670311206375713e-01 9.613691364133309936e-01 9.481351744165503748e-01 9.439764979780420617e-01 9.421773117229880201e-01 9.412124998906630235e-01 9.407447683464167376e-01 9.416975372130890198e-01 9.425967985508926228e-01 9.444499876399720106e-01
7.666599469486883311e-01 8.608363931252950296e-01 9.616066032307306610e-01 9.484039094389494773e-01 9.440950564858953120e-01 9.421986001020630219e-01 9.412025844449508627e-01 9.407256949046197692e-01 9.416774183480386418e-01 9.425775534591634974e-01 9.444330858306737575e-01
7.699968176656325491e-01 8.608663248985329863e-01 9.617863539778969129e-01 9.485962415291190331e-01 9.441743014616348351e-01 9.422076181892796720e-01 9.411896376893402749e-01 9.407061847603028770e-01 9.416575795042643193e-01 9.425589213458784865e-01 9.444169332809347894e-01
7.727732201474499796e-01 8.608649187881421971e-01 9.619223178454819889e-01 9.487313692692441736e-01 9.442250872084366753e-01 9.422081355263776103e-01 9.411747067695116487e-01 9.406866106860692911e-01 9.416382439110724256e-01 9.425410407386000111e-01 9.444016059773576721e-01
7.750712415884467577e-01 8.608392140759779654e-01 9.620251871381853004e-01 9.488243327808763006e-01 9.442556104915679205e-01 9.422029008165528907e-01 9.411585983239784126e-01 9.406672949248821025e-01 9.416196053454500836e-01 9.425240302380805124e-01 9.443871673113087839e-01
