6.143035595247758624e-09 3.905081076419083114e-08 3.408128286199841266e-06 2.388767046912996316e-05 6.768509512794657621e-05 1.415356540856935186e-04 3.037166087836729316e-04 7.702147411307070117e-04 2.001113964915903799e-03 5.308784957091482008e-03 1.252758821181288763e-02
8.707659721375251968e-09 5.535353346312160400e-08 4.830939949661601083e-06 3.386091826456566115e-05 9.594706101009378154e-05 2.006409740044409610e-04 4.305648146451592525e-04 1.091705029987760645e-03 2.833131009292997812e-03 7.486490850877906486e-03 1.745844056615938542e-02
1.234299977834680875e-08 7.846221811505034258e-08 6.847738115601929542e-06 4.799821833730054735e-05 1.360106833582311336e-04 2.844301403661119213e-04 6.103775292957353341e-04 1.547065422188705248e-03 4.007800194198941381e-03 1.053234753882430728e-02 2.419187074516020164e-02
1.749609250308606992e-08 1.112181569674751234e-07 9.706490348997056329e-06 6.803819899439693039e-05 1.928040425332631588e-04 4.032093163296327572e-04 8.652359743202450411e-04 2.191617302671545683e-03 5.662766820951368150e-03 1.476975857633302559e-02 3.328450881956907664e-02
2.480063270407178192e-08 1.576487732318993119e-07 1.375867256926745828e-05 9.644536599175198980e-05 2.733121989041408266e-04 5.715819693963411280e-04 1.226377659813588164e-03 3.103064015708411130e-03 7.987635356252128366e-03 2.062380724140507049e-02 4.539570541070674786e-02
3.515492307612274980e-08 2.234627534824413774e-07 1.950246451947133041e-05 1.367130098374488118e-04 3.874342086248712077e-04 8.102320369397101110e-04 1.737932401374770418e-03 4.390056198634490620e-03 1.124063080107271309e-02 2.863872831416332601e-02 6.126242202127870490e-02
4.983238550901069805e-08 3.167518289958134782e-07 2.764395690073315009e-05 1.937922881400184138e-04 5.491950308937659959e-04 1.148436086572563646e-03 2.462115859853072821e-03 6.203573341440437976e-03 1.576813459003439943e-02 3.948731063831074917e-02 8.164325882601160267e-02
7.063824264243984620e-08 4.489854128876351331e-07 3.918386360558180935e-05 2.746997407455576594e-04 7.784566227671363241e-04 1.627590015727557000e-03 3.486381272481714911e-03 8.751634309721726887e-03 2.202548073728635356e-02 5.396273778401129706e-02 1.072253178071239516e-01
1.001316715020810796e-07 6.364202191139027745e-07 5.554033035231447366e-05 3.893767773099109162e-04 1.103328172445953992e-03 2.306134402388457672e-03 4.933136255287385273e-03 1.231755902745831216e-02 3.059529718645682961e-02 7.294033917420295055e-02 1.384966768515835112e-01
1.419408099401894544e-07 9.020978293672445519e-07 7.872278770654987223e-05 5.519042173947711098e-04 1.563549323982805443e-03 3.266381634385905411e-03 6.972694488869332803e-03 1.728128438583246065e-02 4.219654718197663607e-02 9.729644215333824175e-02 1.756024345862879643e-01
2.012094642624540067e-07 1.278675086066888472e-06 1.115778999941049500e-04 7.822155280365096497e-04 2.215215017455611154e-03 4.623877107902107583e-03 9.840069857233256501e-03 2.414181202445606772e-02 5.767355607563209863e-02 1.277775157380985904e-01 2.182194913700412631e-01
2.852306497482014528e-07 1.812433815147207926e-06 1.581371648470029988e-04 1.108507223505379898e-03 3.137325361331986737e-03 6.540036398493744019e-03 1.385588329366268558e-02 3.353642543585319546e-02 7.795097571822701132e-02 1.648281548495440507e-01 2.654952781523425287e-01
4.043452263897230730e-07 2.568959814817530799e-06 2.241074698227120399e-04 1.570617213325021556e-03 4.440769314843403745e-03 9.238823471822777203e-03 1.945079308993507422e-02 4.624869820585045255e-02 1.039406458498222663e-01 2.084101431635532187e-01 3.160879206909549821e-01
5.732167653297596787e-07 3.641183125469108927e-06 3.175619672448752899e-04 2.224733797144723066e-03 6.280459145878829370e-03 1.302803941225443886e-02 2.719112158157853745e-02 6.319291526654392810e-02 1.363938206440117318e-01 2.578678390302878154e-01 3.683160683907317767e-01
8.126405271964104321e-07 5.160755606710818084e-06 4.499101992771979675e-04 3.149907857865583225e-03 8.871360723388843628e-03 1.832514068587545730e-02 3.780032840238706920e-02 8.535894199279761563e-02 1.757106757735843461e-01 3.119012559660455652e-01 4.203860303183268310e-01
1.152110949248315080e-06 7.314139684653487135e-06 6.372546896876991711e-04 4.456958052523943975e-03 1.250898787030270236e-02 2.568602372988898833e-02 5.216644983336810731e-02 1.137022216237170008e-01 2.217465719419479120e-01 3.686838377786311738e-01 4.706332664708948177e-01
1.633466753014895818e-06 1.036533692464951439e-05 9.022769699830694842e-04 6.300454481809999487e-03 1.759432432626007251e-02 3.583238709608261435e-02 7.132009652663619248e-02 1.489733598643924184e-01 2.736795987953637987e-01 4.261104206654546256e-01 5.177126782883022527e-01
2.316067753732862608e-06 1.468795413984885788e-05 1.276838634528281021e-03 8.894476767317945412e-03 2.466174937419323560e-02 4.966861827043944633e-02 9.636323771776189595e-02 1.915043048236838574e-01 3.300068749780984412e-01 4.821073135302432755e-01 5.606979037417257894e-01
3.284149923236502579e-06 2.081036240566238034e-05 1.805528869414029956e-03 1.253264409706102145e-02 3.440589452503556994e-02 6.827265321966513589e-02 1.283304663056455130e-01 2.410002445686202921e-01 3.887034650329428409e-01 5.349125091960490463e-01 5.990868997464663392e-01
4.657279881263674199e-06 2.947914385626197565e-05 2.550429230725435176e-03 1.761229104825709144e-02 4.769899535325873574e-02 9.283844723265118060e-02 1.679783366469627670e-01 2.964130089669129164e-01 4.475155490497058630e-01 5.832534015839023755e-01 6.327393370415098639e-01
6.605221928794750488e-06 4.174795382413509765e-05 3.597378511821262490e-03 2.466127555177967043e-02 6.558425440745754842e-02 1.245450810812416403e-01 2.155290851249536399e-01 3.559697263988302884e-01 5.043016979911507658e-01 6.263971327979177550e-01 6.617811997936999813e-01
9.369089927426656631e-06 5.910147479117680840e-05 5.063966452738728925e-03 3.436330925681625043e-02 8.922445154491244479e-02 1.643373082687318576e-01 2.704366399971414592e-01 4.173851863528434958e-01 5.573187010426693400e-01 6.640952666081638700e-01 6.865065587606137276e-01
1.329145316405198883e-05 8.362742198719815933e-05 7.109299307927943040e-03 4.757349470723240548e-02 1.197826745271947657e-01 2.126334292922201774e-01 3.312727758085328156e-01 4.782117677365670949e-01 6.053806827896461851e-01 6.964685806818989855e-01 7.072945036278075470e-01
1.885919789262455908e-05 1.182536584379394873e-04 9.945165164628419138e-03 6.531002375584438191e-02 1.582208890764896236e-01 2.690285108668599157e-01 3.958181463902772368e-01 5.362189562285778477e-01 6.478782049852277458e-01 7.238770526123483595e-01 7.245479410913019391e-01
2.676454874927350594e-05 1.670723730587623103e-04 1.384746106934973443e-02 8.870219476711432849e-02 2.050296283159766531e-01 3.321114369310791403e-01 4.613728859970273044e-01 5.896854960428546955e-01 6.846924754760781440e-01 7.468052346133187136e-01 7.386535845447910198e-01
3.799190567040093460e-05 2.357787609609357754e-04 1.916552859584952362e-02 1.188730367480904104e-01 2.599475546889090105e-01 3.995181212553538530e-01 5.252033934010159610e-01 6.375350325810573704e-01 7.160589154405535561e-01 7.657762430151571209e-01 7.499590269117523134e-01
5.394128182938846431e-05 3.322571823200686837e-04 2.632542000883137528e-02 1.567437749790967783e-01 3.217736199784087536e-01 4.682660308622140222e-01 5.849770947454184800e-01 6.793161273088336172e-01 7.424270457709538640e-01 7.812953397783044540e-01 7.587620365753234841e-01
7.660341369370469793e-05 4.673523106609156464e-04 3.582147107972984829e-02 2.027740708051110063e-01 3.883806773289677494e-01 5.352820890569313095e-01 6.390500178331490755e-01 7.150781253919926694e-01 7.643444555470264579e-01 7.938178695908975069e-01 7.653078263512097523e-01
1.088073585131080120e-04 6.558645218672552821e-04 4.818985458612567302e-02 2.566953295987524086e-01 4.569803088859434870e-01 5.979347404149272238e-01 6.865503985099741247e-01 7.452075525480853502e-01 7.823743464968520023e-01 8.037345896393395250e-01 7.697911131163919229e-01
1.545688672668156288e-04 9.178049776304371453e-04 6.395956766261605420e-02 3.173355840545400430e-01 5.245811248417104888e-01 6.543881385768173242e-01 7.272891903650414713e-01 7.702745121859172484e-01 7.970445085289576959e-01 8.113681064622669803e-01 7.723608383280046175e-01
2.195771377403922411e-04 1.279932700223676686e-03 8.358197701990362216e-02 3.826387613202978932e-01 5.884904495255037782e-01 7.037012080984474949e-01 7.615762996015450481e-01 7.909140626422729303e-01 8.088205763573739215e-01 8.169756727311294764e-01 7.731262753805769883e-01
3.118684551809170770e-04 1.777568636051699794e-03 1.073492967418732819e-01 4.499229101219202054e-01 6.466945656037558221e-01 7.457134497047573918e-01 7.900203303272146371e-01 8.077475891940385511e-01 8.180957368392647311e-01 8.207551601298626043e-01 7.721638787560881623e-01
4.427467317753530337e-04 2.456635093902768789e-03 1.353216127399300417e-01 5.163187476028099354e-01 6.980220408057827841e-01 7.808208498534816577e-01 8.133609218492859894e-01 8.213381826938422892e-01 8.251903919009893063e-01 8.228522855104621891e-01 7.695246620220094202e-01
6.280208329365601864e-04 3.375798781877126578e-03 1.672851695539377959e-01 5.792439763869122737e-01 7.420958381903489665e-01 8.097393248346631545e-01 8.323515263018042010e-01 8.321704466047915583e-01 8.303571409007755033e-01 8.233680728956294104e-01 7.652421663831122656e-01
8.896326993079339438e-04 4.608500975594920571e-03 2.027572473243923756e-01 6.367589248372942379e-01 7.791508822596407979e-01 8.333130857600276054e-01 8.476898291979065858e-01 8.406457408724978819e-01 8.337881169498091438e-01 8.223661416478345032e-01 7.593412251240803101e-01
1.257741934487104822e-03 6.244544844007719059e-03 2.410373260992782207e-01 6.877176243144732526e-01 8.098090548906663466e-01 8.523855700168289085e-01 8.599842163363070613e-01 8.470860296289696167e-01 8.356229725153925258e-01 8.198798034720962136e-01 7.518477476981653140e-01
1.773302077936588428e-03 8.390794201849268233e-03 2.812888282335332391e-01 7.317230680171165069e-01 8.348783234272523224e-01 8.677264546398343326e-01 8.697436823830919650e-01 8.517417792112635944e-01 8.359566735168446616e-01 8.159191967199266315e-01 7.427996270692208691e-01
2.491099154335045703e-03 1.117045093676234842e-02 3.226287337596904781e-01 7.689589028277724614e-01 8.552061250943138182e-01 8.799993237179316585e-01 8.773810409885673955e-01 8.548011803006666520e-01 8.348468203025826151e-01 8.104788285771327150e-01 7.322585924749779318e-01
3.483112147481497081e-03 1.472036583263385164e-02 3.642055632461302372e-01 7.999817675986896637e-01 8.715892543558845240e-01 8.897546675552886475e-01 8.832224981224285898e-01 8.563992457654496793e-01 8.323205654458414315e-01 8.035459488615600554e-01 7.203223752122008827e-01
4.841890717615198771e-03 1.918595320558727155e-02 4.052551844507593648e-01 8.255347491646322089e-01 8.847286456179905834e-01 8.974365295760562411e-01 8.875193707368039808e-01 8.566261576435497682e-01 8.283814162344405041e-01 7.951101319188026428e-01 7.071359582129089771e-01
6.683434112533537426e-03 2.471356761587838180e-02 4.451327937606696650e-01 8.464094858872058813e-01 8.952142323655155609e-01 9.033951483282799400e-01 8.904596622390843486e-01 8.555347381069077217e-01 8.230163381575495984e-01 7.851742638549310538e-01 6.929000519447847672e-01
9.148826896791244223e-03 3.144066614522308262e-02 4.833249528885952828e-01 8.633595362712345178e-01 9.035272339282749421e-01 9.079011373760691450e-01 8.921784322591551630e-01 8.531472169478679923e-01 8.162036292582749430e-01 7.737667825919742892e-01 6.778744936509827346e-01
1.240370390180081488e-02 3.948465736233833234e-02 5.194474800602927322e-01 8.770550914620941496e-01 9.100509557597352694e-01 9.111589022943604732e-01 8.927666178404808361e-01 8.494616435932783594e-01 8.079220016148082051e-01 7.609544783461765771e-01 6.623742978110250812e-01
1.663457204265474804e-02 4.893187894676959832e-02 5.532346077253397221e-01 8.880659495589237062e-01 9.150845951335910833e-01 9.133183030547313841e-01 8.922783604185980932e-01 8.444583914931204083e-01 7.981611509946880956e-01 7.468544709246016655e-01 6.467568651768139665e-01
2.204121781925256346e-02 5.982844504509628181e-02 5.845235211724013613e-01 8.968613441354805760e-01 9.188570281768468906e-01 9.144842995048757528e-01 8.907371036228938221e-01 8.381072431463209016e-01 7.869337736352602919e-01 7.316432787127340465e-01 6.314004654031021291e-01
2.882495990400863253e-02 7.217458195210410543e-02 6.132370518409349103e-01 9.038184060170210143e-01 9.215391443967839713e-01 9.147246918613979316e-01 8.881408393311502891e-01 8.303755150962242038e-01 7.742884678522634623e-01 7.155604456307181893e-01 6.166762665427446555e-01
3.717336963774756087e-02 8.592347705081980480e-02 6.393662611203110302e-01 9.092340418702349325e-01 9.232542188973025254e-01 9.140762439835551367e-01 8.844669443637639406e-01 8.212375528913372635e-01 7.603222583147045688e-01 6.989043363175078127e-01 6.029182332716281900e-01
4.724314218092112022e-02 1.009847453996197686e-01 6.629539529994487035e-01 9.133372634445394711e-01 9.240863042009895834e-01 9.125495537325286621e-01 8.796770903930426488e-01 8.106856537879640889e-01 7.451907247629225850e-01 6.820187208142018953e-01 5.903963251179772387e-01
5.914375037678316210e-02 1.172316705137054493e-01 6.840797156146912750e-01 9.163004813969003459e-01 9.240868615363108107e-01 9.101330699183630690e-01 8.737227251191904687e-01 7.987420260467246180e-01 7.291131606792280451e-01 6.652706489652365773e-01 5.792980002683337792e-01
7.292492285958467046e-02 1.345107185400293837e-01 7.028468162779935025e-01 9.182491647356582076e-01 9.232799544304091111e-01 9.067966797295773373e-01 8.665515935782099888e-01 7.854707768690601943e-01 7.123701888399259774e-01 6.490224308185901236e-01 5.697210749135258601e-01
8.857047509727966617e-02 1.526516405418414102e-01 7.193710908781532076e-01 9.192697581380047112e-01 9.216663679998381431e-01 9.024953155531528770e-01 8.581156572437707020e-01 7.709882306448627709e-01 6.952921435616968848e-01 6.336024811022149539e-01 5.616781778744336373e-01
1.059995024624550142e-01 1.714767423834835103e-01 7.337718363100195207e-01 9.194160014342855902e-01 9.192270363480259388e-01 8.971730514828365477e-01 8.483805281307176260e-01 7.554693253029785005e-01 6.782383592346836743e-01 6.192804920242794831e-01 5.551104056350074645e-01
1.250738129340935312e-01 1.908084336929382618e-01 7.461646164530775227e-01 9.187139161503165008e-01 9.159261777617181410e-01 8.907681577267240192e-01 8.373361267739397595e-01 7.391477226296617742e-01 6.615698927178071953e-01 6.062514293369367646e-01 5.499061970814884681e-01
1.456085408095448563e-01 2.104747414613384049e-01 7.566558237585317981e-01 9.171657810720268422e-01 9.117145573974190231e-01 8.832195193071660233e-01 8.250076999467890193e-01 7.223078929800060832e-01 6.456203254811372361e-01 5.946304900481280686e-01 5.459212419781043213e-01
1.673820184965122138e-01 2.303129233634133299e-01 7.653388003170137344e-01 9.147534520947337988e-01 9.065333107868761564e-01 8.744746539233352323e-01 8.114656838076484968e-01 7.052688957598287622e-01 6.306702025478934104e-01 5.844583287187532505e-01 5.429961568082619650e-01
1.901417077899311137e-01 2.501715727037913117e-01 7.722913153084917104e-01 9.114414115321741727e-01 9.003187458166704848e-01 8.644992314150029555e-01 7.968323716592184969e-01 6.883616066861970584e-01 6.169298383918253581e-01 5.757136147629811074e-01 5.409701144779742732e-01
2.136052032364370024e-01 2.699116849118113337e-01 7.775742191665614422e-01 9.071799643955159587e-01 8.930084593138098992e-01 8.532874802349770249e-01 7.812832332802656099e-01 6.719030884192531694e-01 6.045328951393575956e-01 5.683290061875725385e-01 5.396900097947843200e-01
2.374583177463278072e-01 2.894071102298066966e-01 7.812311454757339124e-01 9.019090263101272598e-01 8.845489121699378066e-01 8.408722137422414145e-01 7.650413058518625853e-01 6.561728590459799948e-01 5.935402464358816577e-01 5.622069627177521678e-01 5.390157150339128789e-01
2.613549369616436913e-01 3.085447099792568704e-01 7.832892039470540357e-01 8.955629475870198197e-01 8.749042666259303491e-01 8.273325878757259444e-01 7.483644070611894517e-01 6.413954397210213099e-01 5.839513017420423502e-01 5.572330110647707446e-01 5.388224351918003974e-01
2.849243878914228256e-01 3.272244121142408591e-01 7.837606931457868908e-01 8.880767529320182652e-01 8.640658002471819366e-01 8.127974014598106089e-01 7.315267292663225618e-01 6.277318157418551037e-01 5.757189144875567433e-01 5.532854843680051760e-01 5.390012090735097905e-01
3.077903688795060599e-01 3.453592544848971269e-01 7.826459468979071188e-01 8.793939970090711711e-01 8.520606472220043637e-01 7.974420974602791645e-01 7.147980403514337944e-01 6.152799997404421184e-01 5.687643009491877288e-01 5.502418913455554561e-01 5.394583958200053209e-01
3.296008228582434363e-01 3.628754243681335812e-01 7.799374938202950913e-01 8.694760958319797117e-01 8.389581531794824132e-01 7.814787916301471071e-01 6.984245312681173212e-01 6.040826895261676155e-01 5.629895837274107029e-01 5.479827068649772981e-01 5.401147007620830109e-01
3.500622112804385733e-01 3.797122530555284703e-01 7.756257271135220677e-01 8.583124789344392935e-01 8.248720176931224612e-01 7.651404541064726894e-01 6.826148902866939761e-01 5.941388026717205895e-01 5.582869913256549577e-01 5.463935370449012341e-01 5.409040386715388005e-01
3.689679412730844654e-01 3.958221017490479721e-01 7.697062157928864501e-01 8.459302803495621914e-01 8.099568730493260649e-01 7.486621867010342379e-01 6.675335853722444979e-01 5.854156569015567246e-01 5.545448826131059716e-01 5.453664554443165002e-01 5.417723555033746585e-01
3.862121069418947839e-01 4.111700745146596447e-01 7.621886019310686322e-01 8.324017246288772931e-01 7.943990663907404270e-01 7.322635684732742289e-01 6.533012466783713057e-01 5.778594526609981408e-01 5.516513945481761327e-01 5.448010149530920776e-01 5.426764355556610298e-01
4.017856783335233550e-01 4.257335097944365265e-01 7.531066988287671293e-01 8.178471495695570637e-01 7.784029254637953033e-01 7.161357352850314939e-01 6.400002769306550876e-01 5.714029568042925389e-01 5.494966583280436190e-01 5.446051536829583650e-01 5.435826893853762387e-01
4.157589313246011775e-01 4.395012282378518709e-01 7.425289490790724090e-01 8.024320299848932692e-01 7.621751575181838767e-01 7.004352883412106046e-01 6.276829510282933011e-01 5.659703876869932593e-01 5.479743559300048750e-01 5.446960091432350159e-01 5.444659218331004968e-01
4.282574493433851659e-01 4.524725457415600949e-01 7.305679004857884573e-01 7.863575419301148672e-01 7.459106537984695473e-01 6.852849762856338955e-01 6.163794049302361300e-01 5.614801864734745296e-01 5.469830840641166647e-01 5.450005528830249579e-01 5.453080961716777475e-01
4.394385673713740448e-01 4.646560909563609565e-01 7.173869653358817544e-01 7.698458979093535381e-01 7.297825139349590762e-01 6.707792632932841892e-01 6.061037596555839402e-01 5.578465877988695309e-01 5.464276999517735378e-01 5.454559406295431678e-01 5.460971250976948133e-01
4.494723826679023482e-01 4.760684906629761293e-01 7.032026399398292327e-01 7.531232884833937158e-01 7.139377187691993143e-01 6.569920071350938695e-01 5.968577114790165616e-01 5.549807903457643077e-01 5.462206197926198215e-01 5.460095084752285555e-01 5.468257256343839190e-01
4.585285736999812900e-01 4.867329996328559338e-01 6.882807382196765023e-01 7.364040625498251558e-01 6.984981442344468938e-01 6.439836313681231994e-01 5.886318429468612168e-01 5.527922427326652510e-01 5.462829438822013328e-01 5.466184018398667632e-01 5.474903724888912082e-01
4.667683991290100809e-01 4.966781509735470612e-01 6.729260689676429541e-01 7.198793350241236011e-01 6.835652100715621238e-01 6.318060557252206388e-01 5.814054585407973930e-01 5.511902496569853760e-01 5.465452725711132942e-01 5.472488772023285097e-01 5.480903755800669019e-01
4.743404951587491536e-01 5.059364885277486401e-01 6.574662078185211644e-01 7.037116772509168783e-01 6.692258445458311167e-01 6.205047578114351037e-01 5.751459003187811003e-01 5.500858599149361927e-01 5.469481204137806030e-01 5.478753540082830220e-01 5.486270957685925875e-01
4.813790708303178900e-01 5.145434182285734126e-01 6.422312661218968488e-01 6.880355946516862886e-01 6.555576672453190534e-01 6.101182737724816230e-01 5.698081514320350038e-01 5.493938574054738622e-01 5.474418990606207958e-01 5.484793117949806618e-01 5.491033012442444461e-01
4.880034083786694565e-01 5.225361871474599740e-01 6.275324704097989814e-01 6.729619363092577133e-01 6.426320676188597147e-01 6.006760032988064379e-01 5.653352317556854523e-01 5.490346328264167353e-01 5.479864991065811486e-01 5.490481274903576958e-01 5.495226574852872803e-01
4.943179464427108760e-01 5.299529755363969752e-01 6.136426568172154150e-01 6.585837282153260697e-01 6.305147899773567710e-01 5.921953519791168796e-01 5.616595592544401105e-01 5.489357403326802221e-01 5.485505445075672393e-01 5.495739350499417863e-01 5.498893370738189290e-01
5.004125374002053039e-01 5.368320755909959940e-01 6.007813671235333608e-01 6.449812087843053154e-01 6.192644018548604246e-01 5.846791231281859291e-01 5.587051802242662957e-01 5.490330078110337020e-01 5.491104164632092388e-01 5.500525697665870073e-01 5.502077319849910664e-01
5.063626940443870517e-01 5.432111343145835658e-01 5.891062396023271086e-01 6.322247300398894376e-01 6.089294612920556071e-01 5.781137985432528437e-01 5.563906009152871368e-01 5.492711445185055608e-01 5.496491486465312493e-01 5.504826376819275113e-01 5.504822498255740326e-01
5.122297832133623219e-01 5.491264547453353906e-01 5.787111156999708017e-01 6.203752106616369222e-01 5.995453055141345411e-01 5.724690403715596565e-01 5.546318839127192257e-01 5.496038574413071309e-01 5.501552868862035206e-01 5.508647301557940690e-01 5.507171762166064299e-01
5.180612051535485874e-01 5.546123728550901300e-01 5.696300849105280228e-01 6.094826300542733888e-01 5.911312505341843604e-01 5.676984781376367417e-01 5.533456838223747010e-01 5.499935383981552350e-01 5.506217891112110685e-01 5.512007869685137118e-01 5.509165874122894380e-01
5.238906371910427850e-01 5.597007469103139066e-01 5.618458527721310602e-01 5.995834735088871881e-01 5.836887390325694591e-01 5.637416469779545913e-01 5.524519586742386856e-01 5.504106148175416102e-01 5.510450202918443230e-01 5.514935992374608853e-01 5.510842997330898108e-01
5.297384336490086332e-01 5.644206033289804747e-01 5.553004795391975890e-01 5.906980913201225203e-01 5.772007035962407606e-01 5.605268173766163597e-01 5.518761782089863788e-01 5.508326696561819391e-01 5.514238759588470096e-01 5.517464358825290294e-01 5.512238450191214723e-01
5.356122703717595135e-01 5.687979739742028418e-01 5.499066702341623980e-01 5.828287358796321316e-01 5.716321846707518306e-01 5.579743923735254185e-01 5.515509369016461383e-01 5.512434336971877569e-01 5.517590491769763794e-01 5.519627737439003479e-01 5.513384637838096847e-01
5.415081066258770059e-01 5.728559365586607388e-01 5.455582468818453989e-01 5.759587322823817024e-01 5.669320790113390185e-01 5.560005325257231235e-01 5.514169551885061971e-01 5.516317408876311168e-01 5.520524410058960108e-01 5.521461108230600878e-01 5.514311099014298501e-01
5.474115112770856495e-01 5.766148398098065453e-01 5.421390021704697304e-01 5.700529342877261874e-01 5.630357915398707114e-01 5.545206911938795891e-01 5.514235106099404371e-01 5.519905187993672246e-01 5.523067039945610546e-01 5.522998435156046826e-01 5.515044624291337572e-01
5.532993640958415726e-01 5.800926677376145868e-01 5.395296511796148220e-01 5.650593831910079023e-01 5.598685083658170303e-01 5.534527939741669122e-01 5.515283799261275766e-01 5.523158655001693118e-01 5.525249019325532140e-01 5.524271912641923743e-01 5.515609415462757736e-01
5.591418971812334160e-01 5.833054805149390232e-01 5.376129659908496228e-01 5.609119402411375521e-01 5.573487893238225910e-01 5.527198670750131937e-01 5.516973950539629801e-01 5.526062440340256954e-01 5.527102662874555650e-01 5.525311550946183647e-01 5.516027266321043010e-01
5.649049885589980668e-01 5.862678666173161135e-01 5.362773740524550137e-01 5.575335920541689694e-01 5.553921871690555845e-01 5.522519999141605185e-01 5.519037227416231373e-01 5.528618083181158216e-01 5.528660296358562931e-01 5.526144995226995871e-01 5.516317752544245279e-01
5.705525669768113373e-01 5.889933507838454041e-01 5.354193555122074288e-01 5.548401108657308178e-01 5.539146330439036481e-01 5.519876066825915029e-01 5.521269736324888600e-01 5.530838606519162814e-01 5.529953180526919754e-01 5.526797500348024084e-01 5.516498423637440363e-01
5.760489453408020877e-01 5.914947206160559023e-01 5.349449408364159719e-01 5.527437677716094955e-01 5.528353796316208824e-01 5.518740208989821872e-01 5.523522341817633796e-01 5.532744315071992380e-01 5.531010870529473600e-01 5.527292005973890587e-01 5.516584993264534997e-01
5.813608839588210175e-01 5.937842557380889064e-01 5.347705396778932307e-01 5.511568348208797374e-01 5.520793584675949273e-01 5.518675096156634430e-01 5.525690979099743272e-01 5.534359665438317588e-01 5.531860886338186845e-01 5.527649273901709126e-01 5.516591526190856021e-01
5.864592049177784761e-01 5.958738627034251278e-01 5.348232617377552955e-01 5.499946641662940561e-01 5.515788783035942000e-01 5.519328269076321236e-01 5.527707534057959560e-01 5.535711032143297849e-01 5.532528597805193016e-01 5.527888061961192534e-01 5.516530620633255388e-01
5.913198380278308353e-01 5.977751332608199908e-01 5.350408386952869577e-01 5.491781947662932595e-01 5.512746587513467356e-01 5.520424398074815775e-01 5.529531675024247361e-01 5.536825190436409638e-01 5.533037251890000618e-01 5.528025316700164726e-01 5.516413584228948563e-01
5.959242670212743231e-01 5.994993519115875413e-01 5.353712269003542135e-01 5.486358040935770397e-01 5.511162502502060523e-01 5.521755566747760247e-01 5.531143847606277975e-01 5.537728348615998941e-01 5.533408087951708909e-01 5.528076371220048690e-01 5.516250600307305296e-01
6.002594413223260039e-01 6.010574808576062411e-01 5.357719584573495952e-01 5.483044874244095146e-01 5.510619326330903345e-01 5.523170723614706512e-01 5.532539498548832979e-01 5.538445582162553338e-01 5.533660499876494887e-01 5.528055135969243139e-01 5.516050879109646310e-01
6.043172984282952909e-01 6.024601471150506926e-01 5.362093054623536803e-01 5.481304038614370766e-01 5.510782081059936166e-01 5.524565212767114097e-01 5.533724482356819907e-01 5.539000544112989699e-01 5.533812212340347703e-01 5.527974270370978882e-01 5.515822786771998887e-01
6.080940838572558294e-01 6.037176488528089857e-01 5.366573211561768142e-01 5.480688710402391584e-01 5.511390111298291039e-01 5.525871031885605245e-01 5.534711526888957955e-01 5.539415348317060506e-01 5.533879444614784315e-01 5.527845323416725742e-01 5.515573944219932523e-01
6.115896504227005259e-01 6.048399874747044658e-01 5.370968181032477196e-01 5.480839169536088074e-01 5.512247506226359839e-01 5.527048212161275176e-01 5.535517589951090001e-01 5.539710543911220419e-01 5.533877041218576709e-01 5.527678833311016060e-01 5.515311289553026519e-01
6.148068713275252062e-01 6.058369207525650113e-01 5.375143358810433591e-01 5.481475079810237405e-01 5.513212835335624673e-01 5.528077497909742455e-01 5.536161924542890578e-01 5.539905121039732094e-01 5.533818556194491922e-01 5.527484380886288351e-01 5.515041101489817077e-01
6.177512293013228684e-01 6.067180230489919168e-01 5.379011402968885136e-01 5.482385698664627993e-01 5.514188978504805938e-01 5.528954340166215564e-01 5.536664680466173438e-01 5.540016509930251187e-01 5.533716287473784412e-01 5.527270598722677786e-01 5.514768987582925330e-01
