4.096268893865591790e-09 1.832011929762359207e-07 1.345993853356374447e-06 1.673840383166024157e-05 1.112672936171343330e-01 1.000000000000097478e+00 1.000000000000008660e+00 1.000000000000003775e+00 1.000000000000000888e+00 1.000000000000003109e+00 1.000000000000001332e+00
5.806334328511640071e-09 2.597064310636883127e-07 1.907870437468843107e-06 2.372633355262876093e-05 1.113324570325073121e-01 1.000000000000074607e+00 1.000000000000006661e+00 1.000000000000001998e+00 1.000000000000001110e+00 1.000000000000002442e+00 1.000000000000000888e+00
8.230294531687134779e-09 3.681690914048576402e-07 2.704282239955371150e-06 3.363152946394784728e-05 1.114247821879767453e-01 1.000000000000056621e+00 1.000000000000005107e+00 1.000000000000000444e+00 1.000000000000000888e+00 1.000000000000002220e+00 1.000000000000000666e+00
1.166617058979885117e-08 5.219450865913333944e-07 3.833113571971384988e-06 4.767178070689339779e-05 1.115555630026148909e-01 1.000000000000041966e+00 1.000000000000003997e+00 9.999999999999996669e-01 1.000000000000000888e+00 1.000000000000001554e+00 1.000000000000000222e+00
1.653639083570222579e-08 7.399774787395301158e-07 5.433089133625817574e-06 6.757310592291370830e-05 1.117407601945991924e-01 1.000000000000030198e+00 1.000000000000003109e+00 9.999999999999993339e-01 1.000000000000000666e+00 1.000000000000001332e+00 1.000000000000000222e+00
2.343972055206651840e-08 1.049137906047738682e-06 7.700803241858070032e-06 9.578169349797230174e-05 1.120028991369864807e-01 1.000000000000021094e+00 1.000000000000002442e+00 9.999999999999990008e-01 1.000000000000000222e+00 1.000000000000001110e+00 1.000000000000000222e+00
3.322486536388417760e-08 1.487552460543796932e-06 1.091484005658630913e-05 1.357640265250654251e-04 1.123737079154329271e-01 1.000000000000013767e+00 1.000000000000001776e+00 9.999999999999992228e-01 1.000000000000000444e+00 1.000000000000000666e+00 1.000000000000000222e+00
4.709479204789357785e-08 2.109328363173226225e-06 1.546992846597787849e-05 1.924316545976132982e-04 1.128977517955429000e-01 1.000000000000008216e+00 1.000000000000001554e+00 9.999999999999990008e-01 1.000000000000000000e+00 1.000000000000000666e+00 1.000000000000000000e+00
6.675458244415019321e-08 2.991275616232748680e-06 2.192528865820168543e-05 2.727418934454312006e-04 1.136373754287040572e-01 1.000000000000004219e+00 1.000000000000001332e+00 9.999999999999990008e-01 1.000000000000000000e+00 1.000000000000000666e+00 1.000000000000000000e+00
9.462097996093755789e-08 4.242472739958886123e-06 3.107303261342034528e-05 3.865462984135820752e-04 1.146792941464186977e-01 1.000000000000001332e+00 1.000000000000001110e+00 9.999999999999993339e-01 1.000000000000000000e+00 1.000000000000000444e+00 9.999999999999998890e-01
1.341193577491359855e-07 6.017891707377722592e-06 4.403486921282859782e-05 5.477870103904512950e-04 1.161431300841249820e-01 9.999999999999994449e-01 1.000000000000001110e+00 9.999999999999992228e-01 1.000000000000000000e+00 1.000000000000000000e+00 9.999999999999998890e-01
1.901045580933010815e-07 8.537823313940826590e-06 6.239869483199755645e-05 7.761793187092792335e-04 1.181919703253457854e-01 9.999999999999982236e-01 1.000000000000001332e+00 9.999999999999992228e-01 1.000000000000000000e+00 1.000000000000000222e+00 9.999999999999998890e-01
2.694572319571956101e-07 1.211560086654760686e-05 8.841126426673248423e-05 1.099569443773272147e-03 1.210444657266022683e-01 9.999999999999977796e-01 1.000000000000001110e+00 9.999999999999993339e-01 1.000000000000000222e+00 1.000000000000000444e+00 1.000000000000000000e+00
3.819287941226841979e-07 1.719720744670743046e-05 1.252494746721910317e-04 1.557221461938098359e-03 1.249868465524570371e-01 9.999999999999976685e-01 1.000000000000000888e+00 9.999999999999995559e-01 1.000000000000000000e+00 1.000000000000000444e+00 1.000000000000000000e+00
5.413385120931443529e-07 2.441791054994922543e-05 1.774013991523858580e-04 2.204366234016457392e-03 1.303812477849814466e-01 9.999999999999976685e-01 1.000000000000000888e+00 9.999999999999993339e-01 9.999999999999997780e-01 1.000000000000000000e+00 1.000000000000000000e+00
7.672692451093240826e-07 3.468328995844505126e-05 2.511997007194315536e-04 3.118432775799585572e-03 1.376638966920421536e-01 9.999999999999978906e-01 1.000000000000000888e+00 9.999999999999993339e-01 1.000000000000000000e+00 1.000000000000000000e+00 1.000000000000000000e+00
1.087469124030017982e-06 4.928516440901662673e-05 3.555650755485468715e-04 4.407462569755749536e-03 1.473238368626084427e-01 9.999999999999982236e-01 1.000000000000000666e+00 9.999999999999996669e-01 9.999999999999997780e-01 1.000000000000000222e+00 1.000000000000000000e+00
1.541252295362664595e-06 7.006729780799247800e-05 5.030363935803223042e-04 6.221243269652845624e-03 1.598524903123975660e-01 9.999999999999985567e-01 1.000000000000000666e+00 9.999999999999996669e-01 9.999999999999997780e-01 1.000000000000000000e+00 1.000000000000000000e+00
2.184312954824137407e-06 9.966173935951300558e-05 7.111872120345063327e-04 8.765617961462919550e-03 1.756610687113553393e-01 9.999999999999991118e-01 1.000000000000000444e+00 9.999999999999996669e-01 1.000000000000000000e+00 1.000000000000000000e+00 1.000000000000000000e+00
3.095537544836401494e-06 1.418245713630380211e-04 1.004554233024433467e-03 1.232010153762798377e-02 1.949806638462897590e-01 9.999999999999994449e-01 1.000000000000000666e+00 9.999999999999998890e-01 1.000000000000000000e+00 1.000000000000000000e+00 1.000000000000000000e+00
4.386640074039906218e-06 2.019098982350183552e-04 1.417228873822232215e-03 1.725816284043923607e-02 2.177847913622686371e-01 9.999999999999995559e-01 1.000000000000000222e+00 9.999999999999998890e-01 1.000000000000000000e+00 1.000000000000000000e+00 1.000000000000000000e+00
6.215782607173746751e-06 2.875328903180138229e-04 1.996281600171994925e-03 2.406803062634366511e-02 2.437868895798372959e-01 9.999999999999996669e-01 1.000000000000000444e+00 9.999999999999998890e-01 1.000000000000000000e+00 1.000000000000000000e+00 1.000000000000000000e+00
8.806815068277995504e-06 4.094855157755247885e-04 2.806187408593662728e-03 3.336936717825332577e-02 2.725399905215056817e-01 9.999999999999996669e-01 1.000000000000000222e+00 9.999999999999998890e-01 1.000000000000000000e+00 1.000000000000000222e+00 1.000000000000000000e+00
1.247642757362590447e-05 5.829796357365592784e-04 3.934378701776400540e-03 4.591755704409381661e-02 3.036026206885200640e-01 1.000000000000000000e+00 1.000000000000000222e+00 9.999999999999998890e-01 1.000000000000000000e+00 1.000000000000000000e+00 1.000000000000000000e+00
1.767242498981412603e-05 8.292963528493438015e-04 5.497936676753661066e-03 6.258330493360055036e-02 3.366804790951285486e-01 1.000000000000000222e+00 1.000000000000000222e+00 9.999999999999998890e-01 1.000000000000000000e+00 1.000000000000000222e+00 1.000000000000000000e+00
2.502760160958550232e-05 1.177909482180196582e-03 7.651200834913668078e-03 8.429273719571837853e-02 3.716617229955502810e-01 1.000000000000000000e+00 1.000000000000000222e+00 1.000000000000000000e+00 1.000000000000000000e+00 1.000000000000000000e+00 1.000000000000000000e+00
3.543543820271668207e-05 1.669112554436925130e-03 1.059367948506590232e-02 1.119160670883515146e-01 4.085322980682673522e-01 1.000000000000000000e+00 1.000000000000000222e+00 9.999999999999998890e-01 1.000000000000000000e+00 1.000000000000000000e+00 1.000000000000000000e+00
5.015622542655411779e-05 2.357098038787148585e-03 1.457704666381634886e-02 1.461056194008509002e-01 4.472279524418791841e-01 1.000000000000000000e+00 1.000000000000000222e+00 9.999999999999998890e-01 9.999999999999997780e-01 1.000000000000000222e+00 1.000000000000000000e+00
7.096544058615060708e-05 3.313301557300196275e-03 1.990923051796696097e-02 1.871078205159636687e-01 4.875014896486425942e-01 1.000000000000000222e+00 1.000000000000000000e+00 9.999999999999998890e-01 1.000000000000000000e+00 1.000000000000000000e+00 1.000000000000000000e+00
1.003605191860579504e-04 4.629631478623817166e-03 2.695276999395079809e-02 2.346008243139555971e-01 5.288579688925317823e-01 1.000000000000000222e+00 1.000000000000000000e+00 9.999999999999998890e-01 1.000000000000000000e+00 1.000000000000000000e+00 9.999999999999998890e-01
1.418478631238690205e-04 6.420980898326595146e-03 3.611406403972441254e-02 2.876218415321955546e-01 5.705696416851305797e-01 1.000000000000000222e+00 1.000000000000000222e+00 9.999999999999998890e-01 1.000000000000000000e+00 1.000000000000000000e+00 1.000000000000000000e+00
2.003393405806900413e-04 8.826231941535240752e-03 4.782039119449955911e-02 3.446290001718880780e-01 6.117538053593517544e-01 1.000000000000000222e+00 1.000000000000000000e+00 9.999999999999998890e-01 9.999999999999997780e-01 1.000000000000000000e+00 1.000000000000000000e+00
2.826969888789170439e-04 1.200692103764599422e-02 6.248323959860453691e-02 4.036940538119284105e-01 6.514858127877148908e-01 1.000000000000000222e+00 1.000000000000000222e+00 9.999999999999996669e-01 1.000000000000000000e+00 1.000000000000000000e+00 9.999999999999998890e-01
3.984764087196512069e-04 1.614295344627581646e-02 8.044985587819532269e-02 4.627711542308274306e-01 6.889181313442737098e-01 1.000000000000000000e+00 1.000000000000000000e+00 9.999999999999996669e-01 1.000000000000000000e+00 1.000000000000000000e+00 9.999999999999998890e-01
5.609335658829753572e-04 2.142527133648230303e-02 1.019494619488735127e-01 5.199638341223417060e-01 7.233787396452063811e-01 1.000000000000000000e+00 1.000000000000000000e+00 9.999999999999996669e-01 1.000000000000000000e+00 1.000000000000000000e+00 9.999999999999998890e-01
7.883762204818266185e-04 2.804604817022162550e-02 1.270446526424445222e-01 5.737260482087496172e-01 7.544292221179085267e-01 1.000000000000000222e+00 1.000000000000000000e+00 9.999999999999996669e-01 1.000000000000000000e+00 1.000000000000000000e+00 1.000000000000000000e+00
1.105959263948227750e-03 3.618747082459211617e-02 1.555998097505292832e-01 6.229676393319815153e-01 7.818756156448778416e-01 1.000000000000000000e+00 1.000000000000000000e+00 9.999999999999995559e-01 1.000000000000000000e+00 9.999999999999997780e-01 9.999999999999998890e-01
1.548041224496323658e-03 4.601015734898260962e-02 1.872754345649328689e-01 6.670679228713325415e-01 8.057391368871404946e-01 1.000000000000000000e+00 1.000000000000000000e+00 9.999999999999995559e-01 1.000000000000000000e+00 9.999999999999997780e-01 9.999999999999998890e-01
2.161233995361969314e-03 5.764177393772387109e-02 2.215507108231020983e-01 7.058212431981205626e-01 8.262029969358845038e-01 1.000000000000000222e+00 1.000000000000000000e+00 9.999999999999993339e-01 1.000000000000000000e+00 9.999999999999996669e-01 9.999999999999998890e-01
3.008284035096654707e-03 7.116597939228096192e-02 2.577691273788764170e-01 7.393447125359561278e-01 8.435527334740618999e-01 1.000000000000000000e+00 1.000000000000000000e+00 9.999999999999993339e-01 1.000000000000000000e+00 9.999999999999997780e-01 9.999999999999998890e-01
4.172911944459585694e-03 8.661203602201418550e-02 2.951968985419079483e-01 7.679752561052369808e-01 8.581228572660856146e-01 1.000000000000000222e+00 1.000000000000000000e+00 9.999999999999992228e-01 1.000000000000000000e+00 9.999999999999996669e-01 1.000000000000000000e+00
5.765694235360629451e-03 1.039462764448930293e-01 3.330829263462343204e-01 7.921752531938793807e-01 8.702561349976741800e-01 9.999999999999998890e-01 1.000000000000000000e+00 9.999999999999992228e-01 1.000000000000000000e+00 9.999999999999996669e-01 1.000000000000000000e+00
7.930974579159311144e-03 1.230673465186583326e-01 3.707114824769380257e-01 8.124571685606417626e-01 8.802765388392387313e-01 1.000000000000000000e+00 1.000000000000000000e+00 9.999999999999990008e-01 1.000000000000000000e+00 9.999999999999996669e-01 1.000000000000000000e+00
1.085461045082272181e-02 1.438069288328113204e-01 4.074425822655047269e-01 8.293300965544752046e-01 8.884738549582422706e-01 1.000000000000000222e+00 1.000000000000000000e+00 9.999999999999990008e-01 9.999999999999997780e-01 9.999999999999996669e-01 9.999999999999998890e-01
1.477205329672483421e-02 1.659364124528213413e-01 4.427383571263038831e-01 8.432662557809983417e-01 8.950968613335368307e-01 1.000000000000000000e+00 1.000000000000000000e+00 9.999999999999990008e-01 9.999999999999997780e-01 9.999999999999994449e-01 9.999999999999998890e-01
1.997577995121191732e-02 1.891784662785959137e-01 4.761759186573876201e-01 8.546831659358012923e-01 9.003520935446639450e-01 1.000000000000000222e+00 1.000000000000000000e+00 9.999999999999990008e-01 1.000000000000000000e+00 9.999999999999994449e-01 9.999999999999998890e-01
2.682040874593929342e-02 2.132215847425088795e-01 5.074484655107133202e-01 8.639368160169634825e-01 9.044058367204867999e-01 1.000000000000000000e+00 1.000000000000000222e+00 9.999999999999988898e-01 1.000000000000000000e+00 9.999999999999994449e-01 1.000000000000000000e+00
3.572297350256842946e-02 2.377357000521606867e-01 5.363571287390996867e-01 8.713217512945760079e-01 9.073876930731865631e-01 9.999999999999998890e-01 1.000000000000000000e+00 9.999999999999990008e-01 9.999999999999997780e-01 9.999999999999994449e-01 1.000000000000000000e+00
4.715495369934717684e-02 2.623875009204261755e-01 5.627964607346148673e-01 8.770750023581773691e-01 9.093946850144448701e-01 9.999999999999998890e-01 1.000000000000000000e+00 9.999999999999990008e-01 1.000000000000000222e+00 9.999999999999994449e-01 1.000000000000000222e+00
6.162214834594573892e-02 2.868545865268783412e-01 5.867365147769789679e-01 8.813817616484588280e-01 9.104953110443818609e-01 9.999999999999998890e-01 1.000000000000000000e+00 9.999999999999988898e-01 1.000000000000000000e+00 9.999999999999994449e-01 1.000000000000000222e+00
7.962895188413543490e-02 3.108377632143579650e-01 6.082041117293984778e-01 8.843815122547612484e-01 9.107332889569951240e-01 9.999999999999998890e-01 1.000000000000000000e+00 9.999999999999990008e-01 1.000000000000000222e+00 9.999999999999994449e-01 1.000000000000000222e+00
1.016257323914938893e-01 3.340708005502225353e-01 6.272652495556740870e-01 8.861738975290354148e-01 9.101309337088433482e-01 1.000000000000000000e+00 1.000000000000000222e+00 9.999999999999992228e-01 1.000000000000000222e+00 9.999999999999996669e-01 1.000000000000000444e+00
1.279421472246459468e-01 3.563270648198157975e-01 6.440098695637394011e-01 8.868240189587556221e-01 9.086922609169738596e-01 1.000000000000000000e+00 1.000000000000000000e+00 9.999999999999992228e-01 1.000000000000000222e+00 9.999999999999996669e-01 1.000000000000000666e+00
1.587147413669739160e-01 3.774227643724392123e-01 6.585395280202891444e-01 8.863671135455338801e-01 9.064060082393492479e-01 9.999999999999996669e-01 1.000000000000000000e+00 9.999999999999992228e-01 1.000000000000000444e+00 9.999999999999994449e-01 1.000000000000001110e+00
1.938222764118409658e-01 3.972169995812092069e-01 6.709580346543537743e-01 8.848127375456374955e-01 9.032488413699577556e-01 9.999999999999998890e-01 1.000000000000000000e+00 9.999999999999995559e-01 1.000000000000000444e+00 9.999999999999996669e-01 1.000000000000001554e+00
2.328446036276206887e-01 4.156092417083924184e-01 6.813648315703823011e-01 8.821487062807701340e-01 8.991890620611405760e-01 9.999999999999998890e-01 1.000000000000000000e+00 9.999999999999995559e-01 1.000000000000000888e+00 9.999999999999996669e-01 1.000000000000001998e+00
2.750589365799899766e-01 4.325351277605489764e-01 6.898507662832121801e-01 8.783451312711506587e-01 8.941911517863113668e-01 9.999999999999998890e-01 1.000000000000000000e+00 9.999999999999996669e-01 1.000000000000000666e+00 9.999999999999994449e-01 1.000000000000002442e+00
3.194811717330167666e-01 4.479615012402127783e-01 6.964959102119694379e-01 8.733589627174352943e-01 8.882214413169955414e-01 9.999999999999996669e-01 1.000000000000000000e+00 9.999999999999996669e-01 1.000000000000001110e+00 9.999999999999996669e-01 1.000000000000003331e+00
3.649508643551420684e-01 4.618814874162612827e-01 7.013691390862263342e-01 8.671394778332742748e-01 8.812550565475056885e-01 9.999999999999998890e-01 1.000000000000000000e+00 9.999999999999998890e-01 1.000000000000001332e+00 9.999999999999996669e-01 1.000000000000003997e+00
4.102483873849374629e-01 4.743101485248122362e-01 7.045292830355274205e-01 8.596351270408933987e-01 8.732840152988571303e-01 9.999999999999998890e-01 1.000000000000000000e+00 9.999999999999998890e-01 1.000000000000001554e+00 9.999999999999996669e-01 1.000000000000004885e+00
4.542237137364505406e-01 4.852810033950056834e-01 7.060277385659474714e-01 8.508020183761236810e-01 8.643259201380311119e-01 9.999999999999996669e-01 1.000000000000000222e+00 1.000000000000000000e+00 1.000000000000001554e+00 9.999999999999996669e-01 1.000000000000005773e+00
4.959111326375663098e-01 4.948434755408239183e-01 7.059124836165349137e-01 8.406140368616196179e-01 8.544321466923263664e-01 9.999999999999994449e-01 1.000000000000000000e+00 1.000000000000000000e+00 1.000000000000001776e+00 9.999999999999996669e-01 1.000000000000006661e+00
5.346064425766644534e-01 5.030611779287089691e-01 7.042334234837812623e-01 8.290741269538891567e-01 8.436938984521106244e-01 9.999999999999994449e-01 1.000000000000000222e+00 1.000000000000000000e+00 1.000000000000001998e+00 9.999999999999996669e-01 1.000000000000007327e+00
5.698937852917089764e-01 5.100108481844027875e-01 7.010488952142958086e-01 8.162256325263365087e-01 8.322442251360605558e-01 9.999999999999995559e-01 1.000000000000000000e+00 1.000000000000000000e+00 1.000000000000002220e+00 9.999999999999996669e-01 1.000000000000008438e+00
6.016244576146472234e-01 5.157816975910083368e-01 6.964329565544451484e-01 8.021619078550621396e-01 8.202543644564375125e-01 9.999999999999994449e-01 1.000000000000000000e+00 1.000000000000000000e+00 1.000000000000002220e+00 9.999999999999996669e-01 1.000000000000009104e+00
6.298626876498327753e-01 5.204749127666257191e-01 6.904827924211485168e-01 7.870319236163968446e-01 8.079237438993467357e-01 9.999999999999992228e-01 1.000000000000000222e+00 1.000000000000000000e+00 1.000000000000002442e+00 9.999999999999994449e-01 1.000000000000009548e+00
6.548182169001534048e-01 5.242030405306818963e-01 6.833252391177293550e-01 7.710396146457515476e-01 7.954645556581101395e-01 9.999999999999992228e-01 1.000000000000000222e+00 1.000000000000000000e+00 1.000000000000002442e+00 9.999999999999993339e-01 1.000000000000009548e+00
6.767824910684674400e-01 5.270889946973125184e-01 6.751211595803910948e-01 7.544355202315075060e-01 7.830835015179719028e-01 9.999999999999992228e-01 1.000000000000000222e+00 1.000000000000000222e+00 1.000000000000002442e+00 9.999999999999993339e-01 1.000000000000009326e+00
6.960781770312504113e-01 5.292644551432075239e-01 6.660663480993297414e-01 7.375008712019680557e-01 7.709643771726857331e-01 9.999999999999991118e-01 1.000000000000000444e+00 1.000000000000000000e+00 1.000000000000002220e+00 9.999999999999993339e-01 1.000000000000008882e+00
7.130248084225344618e-01 5.308674906691595030e-01 6.563879374924206367e-01 7.205262975866520980e-01 7.592550627024201582e-01 9.999999999999991118e-01 1.000000000000000222e+00 1.000000000000000000e+00 1.000000000000001998e+00 9.999999999999991118e-01 1.000000000000008660e+00
7.279188579935744752e-01 5.320393286574337521e-01 6.463359735272449225e-01 7.037890328507044879e-01 7.480611685728502103e-01 9.999999999999990008e-01 1.000000000000000666e+00 1.000000000000000000e+00 1.000000000000001776e+00 9.999999999999991118e-01 1.000000000000007772e+00
7.410246283033319337e-01 5.329203109931209825e-01 6.361707981366399034e-01 6.875331078758702974e-01 7.374466087794757652e-01 9.999999999999994449e-01 1.000000000000000222e+00 9.999999999999998890e-01 1.000000000000001554e+00 9.999999999999985567e-01 1.000000000000007327e+00
7.525722131546767057e-01 5.336452074591068184e-01 6.261478694707410808e-01 6.719561932345831101e-01 7.274395670645702472e-01 9.999999999999994449e-01 1.000000000000000666e+00 1.000000000000000000e+00 1.000000000000001554e+00 9.999999999999984457e-01 1.000000000000006217e+00
7.627594800924557550e-01 5.343381913239458880e-01 6.165023027539544564e-01 6.572047551245815411e-01 7.180413323237767598e-01 9.999999999999996669e-01 1.000000000000000666e+00 1.000000000000000222e+00 1.000000000000001110e+00 9.999999999999980016e-01 1.000000000000005329e+00
7.717559257351304103e-01 5.351078984115752446e-01 6.074354956669538730e-01 6.433768597165037129e-01 7.092354746543180211e-01 9.999999999999998890e-01 1.000000000000000444e+00 1.000000000000000222e+00 1.000000000000000888e+00 9.999999999999975575e-01 1.000000000000004441e+00
7.797070501777085827e-01 5.360430662159934023e-01 5.991056801195694392e-01 6.305301920569746921e-01 7.009955471404093474e-01 1.000000000000000222e+00 1.000000000000000222e+00 1.000000000000000222e+00 1.000000000000000888e+00 9.999999999999970024e-01 1.000000000000003775e+00
7.867384877824060707e-01 5.372092577698461824e-01 5.916233216687072360e-01 6.186921740641239120e-01 6.932904769156001956e-01 1.000000000000000666e+00 1.000000000000000666e+00 1.000000000000000222e+00 1.000000000000000888e+00 9.999999999999962252e-01 1.000000000000002887e+00
7.929595284446339098e-01 5.386470978286620470e-01 5.850512893647525914e-01 6.078694507309293504e-01 6.860876628307037706e-01 1.000000000000001110e+00 1.000000000000000000e+00 1.000000000000000222e+00 1.000000000000000444e+00 9.999999999999955591e-01 1.000000000000002220e+00
7.984659112242673551e-01 5.403722861186462945e-01 5.794089305324148231e-01 5.980550471170230642e-01 6.793543245878528314e-01 1.000000000000001554e+00 1.000000000000000000e+00 1.000000000000000222e+00 1.000000000000000444e+00 9.999999999999948930e-01 1.000000000000001998e+00
8.033419184435174332e-01 5.423774266144270051e-01 5.746787597689909655e-01 5.892326614719074485e-01 6.730578300896601363e-01 1.000000000000001776e+00 1.000000000000000000e+00 1.000000000000000222e+00 1.000000000000000444e+00 9.999999999999941158e-01 1.000000000000001332e+00
8.076618793855978584e-01 5.446354654949624452e-01 5.708144114942559355e-01 5.813784662493525213e-01 6.671656549258735414e-01 1.000000000000001998e+00 1.000000000000000000e+00 1.000000000000000444e+00 1.000000000000000666e+00 9.999999999999932276e-01 1.000000000000000888e+00
8.114912317611991943e-01 5.471043144203923125e-01 5.677487122577751233e-01 5.744612752837255920e-01 6.616454242942938491e-01 1.000000000000002442e+00 1.000000000000000000e+00 1.000000000000000222e+00 1.000000000000000888e+00 9.999999999999925615e-01 1.000000000000000000e+00
8.148872987593477335e-01 5.497320946366947014e-01 5.654010714309630758e-01 5.684420264281261348e-01 6.564652582481645959e-01 1.000000000000002442e+00 1.000000000000000222e+00 1.000000000000000666e+00 1.000000000000001110e+00 9.999999999999917843e-01 9.999999999999994449e-01
8.178999263969622957e-01 5.524623970595521349e-01 5.636837520052473405e-01 5.632733512425960321e-01 6.515944507415398768e-01 1.000000000000002442e+00 1.000000000000000222e+00 1.000000000000000444e+00 1.000000000000001776e+00 9.999999999999914513e-01 9.999999999999983347e-01
8.205720951597756940e-01 5.552390152402632006e-01 5.625068888160980052e-01 5.588997051412860628e-01 6.470043872343730351e-01 1.000000000000002220e+00 1.000000000000000000e+00 1.000000000000000222e+00 1.000000000000002442e+00 9.999999999999908962e-01 9.999999999999974465e-01
8.229405780920643343e-01 5.580097502990420955e-01 5.617823290506768208e-01 5.552582316069968327e-01 6.426695437243390430e-01 1.000000000000001776e+00 1.000000000000000000e+00 1.000000000000000666e+00 1.000000000000002665e+00 9.999999999999908962e-01 9.999999999999961142e-01
8.250366729052657222e-01 5.607290725372097162e-01 5.614264711963058430e-01 5.522803026471104770e-01 6.385683984381734790e-01 1.000000000000001554e+00 1.000000000000000222e+00 1.000000000000000444e+00 1.000000000000003331e+00 9.999999999999908962e-01 9.999999999999945599e-01
8.268869969779321094e-01 5.633596121235550092e-01 5.613622919928051846e-01 5.498935388190208107e-01 6.346841098101905221e-01 1.000000000000001110e+00 1.000000000000000222e+00 1.000000000000000666e+00 1.000000000000004219e+00 9.999999999999908962e-01 9.999999999999930056e-01
8.285143078585711640e-01 5.658726059244212347e-01 5.615207124092472801e-01 5.480240586324743868e-01 6.310048566249218949e-01 1.000000000000000888e+00 1.000000000000000222e+00 1.000000000000000666e+00 1.000000000000005107e+00 9.999999999999913403e-01 9.999999999999906741e-01
8.299383007767694442e-01 5.682475279227123810e-01 5.618414028038251073e-01 5.465987162893015672e-01 6.275237871837177073e-01 1.000000000000000666e+00 1.000000000000000222e+00 1.000000000000000888e+00 1.000000000000005551e+00 9.999999999999914513e-01 9.999999999999881206e-01
8.311763373446062753e-01 5.704711716568637847e-01 5.622730929898918095e-01 5.455471328932884889e-01 6.242385755173294193e-01 1.000000000000000222e+00 1.000000000000000222e+00 1.000000000000000888e+00 1.000000000000006217e+00 9.999999999999917843e-01 9.999999999999857891e-01
8.322440717597291426e-01 5.725364432951666194e-01 5.627734449983473608e-01 5.448033877886842014e-01 6.211506275976528269e-01 1.000000000000000222e+00 1.000000000000000444e+00 1.000000000000000888e+00 1.000000000000007105e+00 9.999999999999922284e-01 9.999999999999832356e-01
8.331559569299280543e-01 5.744410799318520056e-01 5.633085585642072513e-01 5.443072983710771640e-01 6.182640150201507145e-01 1.000000000000000000e+00 1.000000000000000222e+00 1.000000000000000888e+00 1.000000000000007772e+00 9.999999999999926725e-01 9.999999999999807931e-01
8.339256281077611632e-01 5.761864477000199214e-01 5.638521978414983149e-01 5.440052696139900945e-01 6.155842360322854034e-01 1.000000000000000000e+00 1.000000000000000444e+00 1.000000000000000888e+00 1.000000000000007772e+00 9.999999999999926725e-01 9.999999999999782396e-01
8.345661725891329041e-01 5.777765133814779519e-01 5.643848399688593531e-01 5.438507346201776338e-01 6.131169146991728436e-01 1.000000000000000222e+00 1.000000000000000222e+00 1.000000000000001332e+00 1.000000000000007994e+00 9.999999999999926725e-01 9.999999999999760192e-01
8.350902995915532312e-01 5.792170308190525141e-01 5.648926454044433942e-01 5.438042340611625169e-01 6.108665504847017313e-01 1.000000000000000222e+00 1.000000000000000222e+00 1.000000000000001332e+00 1.000000000000007550e+00 9.999999999999928946e-01 9.999999999999743538e-01
8.355104252935217080e-01 5.805149435698542248e-01 5.653664363810259053e-01 5.438331968279912498e-01 6.088354245949888499e-01 1.000000000000000222e+00 1.000000000000000000e+00 1.000000000000001110e+00 1.000000000000007327e+00 9.999999999999925615e-01 9.999999999999734657e-01
8.358386862330643430e-01 5.816779780175187486e-01 5.658007475394681851e-01 5.439114891442400346e-01 6.070227566643955353e-01 1.000000000000000666e+00 9.999999999999998890e-01 1.000000000000001554e+00 1.000000000000006439e+00 9.999999999999920064e-01 9.999999999999732436e-01
8.360868923526272312e-01 5.827143850279919990e-01 5.661929874270211771e-01 5.440187977973538480e-01 6.054241845725633064e-01 1.000000000000001554e+00 9.999999999999995559e-01 1.000000000000001332e+00 1.000000000000005551e+00 9.999999999999917843e-01 9.999999999999733546e-01
8.362664309330838375e-01 5.836327815234088057e-01 5.665427262523743401e-01 5.441399078843228709e-01 6.040316096633406850e-01 1.000000000000001332e+00 9.999999999999992228e-01 1.000000000000001554e+00 1.000000000000004441e+00 9.999999999999911182e-01 9.999999999999743538e-01
