4.284094038018690589e-06 4.591406432605279315e-05 1.693370254497243677e-04 4.093572638278712293e-04 7.428733380991690101e-04 1.314483478347450813e-03 2.562978975171103201e-03 5.888898483005719671e-03 1.225852315831807079e-02 2.422895104706340730e-02 5.040408386585549377e-02
4.269533569275763076e-06 5.794287083190315167e-05 2.136411055329864395e-04 5.164716191896138705e-04 9.371717306421759822e-04 1.657972827984310199e-03 3.229616194069384952e-03 7.396060247364179795e-03 1.529031325811789493e-02 2.984437372710425571e-02 6.071263838580536615e-02
4.821902865876310709e-06 7.312562799568056557e-05 2.695234959581275136e-04 6.515799111110875128e-04 1.182168228534721246e-03 2.090791717264186677e-03 4.067228786607119707e-03 9.273556205041685527e-03 1.900930217499392783e-02 3.656808505916049612e-02 7.260542939064326684e-02
5.802945124966566825e-06 9.229036166245897235e-05 3.400014475838289809e-04 8.219725887552119248e-04 1.490993328746601908e-03 2.635821741018978814e-03 5.117929645784621319e-03 1.160323304479265322e-02 2.354075172734819074e-02 4.454415852421401978e-02 8.617473074088201346e-02
7.182192589351770812e-06 1.164833235412389417e-04 4.288730243727006605e-04 1.036818985866990372e-03 1.880100943257531111e-03 3.321540922094844920e-03 6.433086397956081469e-03 1.448032974853176273e-02 2.902033296434560969e-02 5.391194074734990960e-02 1.014828846646589483e-01
8.992855090309067337e-06 1.470268407187919177e-04 5.409154519584614268e-04 1.307636468197452420e-03 2.370052515894343834e-03 4.183211776903321237e-03 8.074724227141012733e-03 1.801360644831664568e-02 3.559064611936552797e-02 6.479914113452661661e-02 1.185566026463186345e-01
1.131248381124454385e-05 1.855926988495667249e-04 6.821314013007610593e-04 1.648865730000628966e-03 2.986447697905013875e-03 5.264211728215295767e-03 1.011682573868836164e-02 2.232459624907269513e-02 4.339641527307651347e-02 7.731454762488217114e-02 1.373826626571319209e-01
1.425664813188172340e-05 2.342952491930862832e-04 8.600531610529484842e-04 2.078568782939133920e-03 3.761005371732888385e-03 6.617460829150506423e-03 1.264635920078083925e-02 2.754575508936329964e-02 5.257849882161449301e-02 9.154089445433938321e-02 1.579053110482901146e-01
1.797994673631359079e-05 2.958095221284961595e-04 1.084115687397382366e-03 2.619263938119251265e-03 4.732783913545392067e-03 8.306864086854302137e-03 1.576382260710651809e-02 3.381735076419073449e-02 6.326701900655745670e-02 1.075284182611360440e-01 1.800255527170061265e-01
2.268174671332948012e-05 3.735209286027791589e-04 1.366109988303646286e-03 3.298906286302497656e-03 5.949506712445092743e-03 1.040863920773595595e-02 1.958306187683039878e-02 4.128304322547445698e-02 7.557405114480079955e-02 1.252895859691181002e-01 2.036023914795872525e-01
2.861562869086254951e-05 4.717146012151879082e-04 1.720727716358812784e-03 4.152011238359784757e-03 7.468927215810206716e-03 1.301234980442127383e-02 2.423012017917424918e-02 5.008425356892574204e-02 8.958639860949087208e-02 1.447953780789447698e-01 2.284559711404265947e-01
3.610237227984060911e-05 5.958139572824270973e-04 2.166205551136872725e-03 5.220900948024233441e-03 9.360127847038057086e-03 1.622141750727985540e-02 2.984091359745047814e-02 6.035357699708660678e-02 1.053589979083616179e-01 1.659733869983855414e-01 2.543724667422073149e-01
4.554682489604779084e-05 7.526794220509555123e-04 2.725073132375805795e-03 6.557027638245714087e-03 1.170460233837901202e-02 2.015285638905034080e-02 3.655761230614713864e-02 7.220763712398793610e-02 1.229094506385992880e-01 1.887078624690856077e-01 2.811104822643195056e-01
5.745935002103998401e-05 9.509790137812060111e-04 3.425000070701173741e-03 8.222293810228585922e-03 1.459692801162848150e-02 2.493597412760086007e-02 4.452373261058378134e-02 8.573987788018165579e-02 1.422140814871427905e-01 2.128417176419132306e-01 3.084086246870861858e-01
7.248284523910315704e-05 1.201642009350590559e-03 4.299725135042039084e-03 1.029024882624862518e-02 1.814480344576057183e-02 3.070982931553752418e-02 5.387809841109036241e-02 1.010138268700765118e-01 1.632057970844785211e-01 2.381804033599394244e-01 3.359938485806163722e-01
9.142660480375333198e-05 1.518404264553138185e-03 5.390033726785160503e-03 1.284699907065396142e-02 2.246822014659317912e-02 3.761932958442167768e-02 6.474798585923094429e-02 1.180573367763602527e-01 1.857738913121569357e-01 2.644974620699515055e-01 3.635901086772193036e-01
1.153085986471752493e-04 1.918447835929451735e-03 6.744728644059628728e-03 1.599163275857504521e-02 2.769756603502581543e-02 4.580999569672547511e-02 7.724189315953157442e-02 1.368582302947914664e-01 2.097658225448660041e-01 2.915414829484194170e-01 3.909268310160796678e-01
1.454080552742317259e-04 2.423127202902039101e-03 8.421515601300662984e-03 1.983594122629644962e-02 3.397053082237735944e-02 5.542158397646423235e-02 9.144245396378397617e-02 1.573616593872307068e-01 2.349908814405305968e-01 3.190440964292509118e-01 4.177467254908044381e-01
1.833305608738703730e-04 3.058758846644138874e-03 1.048770222899049476e-02 2.450322781858560450e-02 4.142779669691944167e-02 6.658092404754303861e-02 1.074000247728704033e-01 1.794693629604890706e-01 2.612255715509365084e-01 3.467285751739711541e-01 4.438125181908936789e-01
2.310881958402430099e-04 3.857430371155204027e-03 1.302059206222166803e-02 3.012604238301960780e-02 5.020763884542135680e-02 7.939445811358042393e-02 1.251274266198244833e-01 2.030408843873232339e-01 2.882204349709860391e-01 3.743185600079145803e-01 4.689122778366732192e-01
2.911974767993854392e-04 4.857761517721927332e-03 1.610744894184983761e-02 3.684276632795022155e-02 6.043970561276373193e-02 9.394103594187540318e-02 1.445962245065731955e-01 2.278966987911449915e-01 3.157079707095595267e-01 4.015464149536862593e-01 4.928631367301546384e-01
3.667979857887486775e-04 6.105526160336135870e-03 1.984491751152503425e-02 4.479309265182061101e-02 7.223836928418125858e-02 1.102655154481336219e-01 1.657348063721357512e-01 2.538230995129317491e-01 3.434112195900183573e-01 4.281607436214873164e-01 5.155133476783873014e-01
4.617944479668045104e-04 7.654027436739236669e-03 2.433781515613110333e-02 5.411257918385099092e-02 8.569611093660856049e-02 1.283736494229941183e-01 1.884283968735858406e-01 2.805786004408754031e-01 3.710525365018897959e-01 4.539326717918067966e-01 5.367427570538564341e-01
5.810245366461751692e-04 9.564114116174849550e-03 2.969725896713821742e-02 6.492657624138754857e-02 1.008774135877131412e-01 1.482286253954305522e-01 2.125210226651158274e-01 3.079015245392406341e-01 3.983620506735896516e-01 4.786606121046930729e-01 5.564618948316149005e-01
7.304536931469415850e-04 1.190374033894169709e-02 3.603815248938264937e-02 7.734391673440188519e-02 1.178135897243529767e-01 1.697494935619359158e-01 2.378193391240548682e-01 3.355183725141110407e-01 4.250853366276997614e-01 5.021733634327285589e-01 5.746099736692270588e-01
9.173966088845890259e-04 1.474700444224879420e-02 4.347612116523714987e-02 9.145079043855398881e-02 1.364988787968195172e-01 1.928115881401837595e-01 2.640981316020347136e-01 3.631525077093644693e-01 4.509898856367172137e-01 5.243315426244243849e-01 5.911521452148074118e-01
1.150762636642826183e-03 1.817265204998545769e-02 5.212404054527488423e-02 1.073052019049177824e-01 1.568880408802179882e-01 2.172489311900246134e-01 2.911072142241725724e-01 3.905326651678214245e-01 4.758700748395861546e-01 5.450274821597010932e-01 6.060763829659213675e-01
1.441319293463530753e-03 2.226208598704312522e-02 6.208833678958095709e-02 1.249323452680382446e-01 1.788955660164778527e-01 2.428585054332398629e-01 3.185793663110225160e-01 4.174008040296003363e-01 4.995504663844456128e-01 5.641838390556410676e-01 6.193903518852795775e-01
1.801964380903157406e-03 2.709698146688448162e-02 7.346524870075425706e-02 1.443211407147980685e-01 2.023965277981523148e-01 2.694061888396158122e-01 3.462388762793539576e-01 4.435188776178939363e-01 5.218874150098282705e-01 5.817512385924217266e-01 6.311185929915762438e-01
2.247993501699227948e-03 3.275665160990180735e-02 8.633722507866187224e-02 1.654220893705547202e-01 2.272290369038512947e-01 2.966340542648859824e-01 3.738102153437407593e-01 4.686741918574005572e-01 5.427691013370649076e-01 5.977053177947266871e-01 6.413003040881021244e-01
2.797346556757231931e-03 3.931534067184418862e-02 1.007695974921094945e-01 1.881465316573699698e-01 2.531981897568140183e-01 3.242686530742995288e-01 4.010263495155325097e-01 4.926831498718473035e-01 5.621142243954753148e-01 6.120435404591871853e-01 6.499879417297301787e-01
3.470814991620212175e-03 4.683963697921180586e-02 1.168076275192306973e-01 2.123673432682083584e-01 2.800813505772484779e-01 3.520298300347474707e-01 4.276362263228023486e-01 5.153933231540444027e-01 5.798696703142367515e-01 6.247821342507092757e-01 6.572468069213160957e-01
4.292191947806087843e-03 5.538619120289769299e-02 1.344739904418468246e-01 2.379210665762767352e-01 3.076345456595273586e-01 3.796395700491910774e-01 4.534110441549482062e-01 5.366839300124408574e-01 5.960075207624802029e-01 6.359534592254998397e-01 6.631557053229112375e-01
5.288350610542045561e-03 6.499989586993172586e-02 1.537667326903760234e-01 2.646114412473890565e-01 3.355996864611157093e-01 4.068303681554237272e-01 4.781490213504251963e-01 5.564649240366352778e-01 6.105217765576259614e-01 6.456040638487215988e-01 6.678086835290129031e-01
6.489241924755372731e-03 7.571263040394873856e-02 1.746577314442454287e-01 2.922142537834010456e-01 3.637122792226943346e-01 4.333526509246340974e-01 5.016785165082875420e-01 5.746749874442416139e-01 6.234251551666227797e-01 6.537936244022883869e-01 6.713177224178119573e-01
7.927810726561224791e-03 8.754261019798753596e-02 1.970916898371619097e-01 3.204833647886025649e-01 3.917092339423631775e-01 4.589808606268535596e-01 5.238594943151541061e-01 5.912787806233591459e-01 6.347462839942030755e-01 6.605948976292731478e-01 6.738160997049346124e-01
9.639837739504527117e-03 1.004943110282489754e-01 2.209857142940711561e-01 3.491576962139649187e-01 4.193363660793382741e-01 4.835179353140909853e-01 5.445834651702315954e-01 6.062638201420719186e-01 6.445275625613090531e-01 6.660947400632178939e-01 6.754619028695501015e-01
1.166372192121496558e-02 1.145588848493185874e-01 2.462295338088269503e-01 3.779688781019661659e-01 4.463551990303085693e-01 5.067980632723011469e-01 5.637721375891439068e-01 6.196373478452065209e-01 6.528239117065635089e-01 6.703961502273433348e-01 6.764408815858035107e-01
1.404022151264853330e-02 1.297149486721995704e-01 2.726864269472206725e-01 4.066491803470664856e-01 4.725487273274022737e-01 5.286877403846050871e-01 5.813751004391231048e-01 6.314235210148114730e-01 6.597025683459357692e-01 6.736211559007381222e-01 6.769675095064213721e-01
1.681217168106509743e-02 1.459296171899590044e-01 3.001949156160459431e-01 4.349393060463108696e-01 4.977258861378860977e-01 5.490852954688234533e-01 5.973668942094237932e-01 6.416612060099318171e-01 6.652440159958492583e-01 6.759141799266860096e-01 6.772828657916267758e-01
2.002419173699546487e-02 1.631596587906730400e-01 3.285712628648985167e-01 4.625956125409128039e-01 5.217245825244634094e-01 5.679191571495905144e-01 6.117438389806864052e-01 6.504026016722211923e-01 6.695440535934221726e-01 6.774452620840996087e-01 6.776478986923367698e-01
2.372238651814455659e-02 1.813526773228127942e-01 3.576127761459224619e-01 4.893963612045181821e-01 5.444132646765931227e-01 5.851452079495583769e-01 6.245209677041658747e-01 6.577128568177940116e-01 6.727168812763891781e-01 6.784121986943744131e-01 6.783309930714892522e-01
2.795403645224991962e-02 2.004482517336304837e-01 3.871018712483965674e-01 5.151466761427400121e-01 5.656911224644708414e-01 6.007436053168506707e-01 6.357293748262384803e-01 6.636707759542425089e-01 6.748989011434859409e-01 6.790403345720089634e-01 6.795896980393881792e-01
3.276726112183690059e-02 2.203789967092438795e-01 4.168108009910639900e-01 5.396820059680615955e-01 5.854871133515552328e-01 6.147154491994150094e-01 6.454142397435614908e-01 6.683706205395811839e-01 6.762526761187758195e-01 6.795785171696608895e-01 6.816479874725041022e-01
3.821063371881332216e-02 2.410715353065378541e-01 4.465069027081368103e-01 5.628700165471568484e-01 6.037580827825319574e-01 6.270796491951377005e-01 6.536337270936095623e-01 6.719248952109544426e-01 6.769701599784955226e-01 6.802897879557011640e-01 6.846722369112788753e-01
4.433271986508316442e-02 2.624473962461319476e-01 4.759581751367123470e-01 5.846109783186773656e-01 6.204862932079685534e-01 6.378703002319945359e-01 6.604589022999249881e-01 6.744678410392908052e-01 6.772739434027916783e-01 6.814359689684660326e-01 6.887505874869934708e-01
5.118151442916869798e-02 2.844238622572317632e-01 5.049389628441015576e-01 6.048368326440041187e-01 6.356766910887209354e-01 6.471348220987849231e-01 6.659747264507941411e-01 6.761591242986092487e-01 6.774149550904788875e-01 6.832565641718043592e-01 6.938807613472127711e-01
5.880375408099406537e-02 3.069148010169524543e-01 5.332355077126271770e-01 6.235092148060915607e-01 6.493542302846326830e-01 6.549330597622117223e-01 6.702820988020015136e-01 6.771869060461437329e-01 6.776649930962520552e-01 6.859442553431063239e-01 6.999701560870165151e-01
6.724409083846741297e-02 3.298315072472333687e-01 5.606511238166485001e-01 6.406167695149286301e-01 6.615615388332929392e-01 6.613374782657976958e-01 6.735007819707722332e-01 6.777691337047655473e-01 6.783028766426153489e-01 6.896212512684708473e-01 7.068492740379874739e-01
7.654412197626225822e-02 3.530835747742904207e-01 5.870107649493044866e-01 6.561721168915964908e-01 6.723571699283679148e-01 6.664345120506166564e-01 6.757728562468658939e-01 6.781515952627574784e-01 6.795941066893510518e-01 6.943219921677359352e-01 7.142960906885051919e-01
8.674128352414889331e-02 3.765798029484468956e-01 6.121647831645690152e-01 6.702088166413241455e-01 6.818146206927314656e-01 6.703270310728238757e-01 6.772660931916368865e-01 6.786011768809555589e-01 6.817657103422082310e-01 6.999873278380398522e-01 7.220661263309234856e-01
9.786762732592087233e-02 4.002291255508412804e-01 6.359917215296422288e-01 6.827786423223215495e-01 6.900222343757801413e-01 6.731377465299340779e-01 6.781763226709156545e-01 6.793930828607401828e-01 6.849800522901833277e-01 7.064729215557971065e-01 7.299218482158225108e-01
1.099485144287202093e-01 4.239415354684339943e-01 6.584000434655397083e-01 6.939494238825228978e-01 6.970840185000271028e-01 6.750131763034779020e-01 6.787275403986807731e-01 6.807917182765333974e-01 6.893130476571958098e-01 7.135708871668388076e-01 7.376559280402985586e-01
1.230012695839026865e-01 4.476289685150330877e-01 6.793287716579659019e-01 7.038036510966360071e-01 7.031213039257389052e-01 6.761275092202247983e-01 6.791682763760705788e-01 6.830265494120698611e-01 6.947424660783975137e-01 7.210399761936256979e-01 7.451052576267946925e-01
1.370338519723689752e-01 4.712061080044319672e-01 6.987470864027232054e-01 7.124379559294701236e-01 7.082750248641791480e-01 6.766853543392774561e-01 6.797627992367488714e-01 6.862662724221433308e-01 7.011502968082303777e-01 7.286375199663077673e-01 7.521554148677033202e-01
1.520436049661403333e-01 4.945910800065771995e-01 7.166530088313833868e-01 7.199635062220819393e-01 7.127082050923666534e-01 6.769219883583295072e-01 6.807762829944689065e-01 6.905963678070080602e-01 7.083397259052524042e-01 7.361465607460899729e-01 7.587374673316952256e-01
1.680161518296742207e-01 5.177060271960521876e-01 7.330713592390323274e-01 7.265072393540727980e-01 7.166079874223609814e-01 6.770994440719008134e-01 6.824542597178006043e-01 6.960057020871819322e-01 7.160633505860710679e-01 7.433938150171873760e-01 7.648200772214995835e-01
1.849245038600765556e-01 5.404775728697424064e-01 7.480512245425964268e-01 7.322137313783554369e-01 7.201862609002606108e-01 6.774968218124556296e-01 6.849984472781444067e-01 7.023865760169369921e-01 7.240563812276770150e-01 7.502571609026393862e-01 7.703998536723322133e-01
2.027284419306477070e-01 5.628372081899386536e-01 7.616631826110812353e-01 7.372473222471184195e-01 7.236776825372053246e-01 6.783938087734994182e-01 6.885429360564588874e-01 7.095495464379615314e-01 7.320678429834678314e-01 7.566640162051520013e-01 7.754921654146281762e-01
2.213742215673538405e-01 5.847216443870874025e-01 7.739965083403674839e-01 7.417938946694948577e-01 7.273337714104644025e-01 6.800477480794278051e-01 6.931359672826213902e-01 7.172504202938293494e-01 7.398842466308388488e-01 7.625835429594882697e-01 7.801236439608110196e-01
2.407946360506955097e-01 6.060731576038860258e-01 7.851565241117353100e-01 7.460614439899097006e-01 7.314119366285795065e-01 6.826666451010973136e-01 6.987323254933980321e-01 7.252235488214281434e-01 7.473429819699034526e-01 7.680159700965785152e-01 7.843267362332380088e-01
2.609094528879324915e-01 6.268399135720544857e-01 7.952621571559589375e-01 7.502783245151710689e-01 7.361589572271918236e-01 6.863827303081433406e-01 7.051993376421713533e-01 7.332142384012076963e-01 7.543355858062181785e-01 7.729817888821741700e-01 7.881360910287315003e-01
2.816262183983884726e-01 6.469762008482956572e-01 8.044436347846901647e-01 7.546879100515725414e-01 7.417896435126205557e-01 6.912326804006262426e-01 7.123360884347897937e-01 7.410041340275160815e-01 7.608031198111390170e-01 7.775126091911773729e-01 7.915863109807085296e-01
3.028414056674378352e-01 6.664424481541119105e-01 8.128400987572224068e-01 7.595385144529802623e-01 7.484630452874193596e-01 6.971503147431522551e-01 7.199019401640014415e-01 7.484261584492390984e-01 7.667268051842588417e-01 7.816444657483951897e-01 7.947105943181790311e-01
3.244418653574068778e-01 6.852048860562320876e-01 8.205967763315253904e-01 7.650679598484114718e-01 7.562602079921040277e-01 7.039750652492798855e-01 7.276481642558096929e-01 7.553687484586102396e-01 7.721169468745657793e-01 7.854135792839146424e-01 7.975399149151970457e-01
3.463065288217079818e-01 7.032347620664188836e-01 8.278612479222433596e-01 7.714832788208646486e-01 7.651684511993204207e-01 7.114753680051290052e-01 7.353462628649275468e-01 7.617715706465403303e-01 7.770024367969327050e-01 7.888541058700965225e-01 8.001025424121258611e-01
3.683083094395736556e-01 7.205071311034773052e-01 8.347783584251334821e-01 7.789376287822219469e-01 7.750768013729952832e-01 7.193819269998117383e-01 7.428082465521600453e-01 7.676160563127055747e-01 7.814221674311779831e-01 7.919972346866659407e-01 8.024238211727036107e-01
3.903161502651314452e-01 7.369993836954568112e-01 8.414835001790387237e-01 7.875082107658114561e-01 7.857852647106819965e-01 7.274233106295563411e-01 7.498968451249253819e-01 7.729140371788308927e-01 7.854188187502419982e-01 7.948710404540810792e-01 8.045261835108075132e-01
4.121971716363250215e-01 7.526897836262413932e-01 8.480944009482718204e-01 7.971801435502471334e-01 7.970274320369836740e-01 7.353564851845028061e-01 7.565262686703818629e-01 7.776969387718385418e-01 7.890348642792970324e-01 7.975006588658731799e-01 8.064293764648468033e-01
4.338188780717472381e-01 7.675563187901341955e-01 8.547021615877656853e-01 8.078410931090921343e-01 8.085024593208878230e-01 7.429873003418258071e-01 7.626559272951294322e-01 7.820069139274262726e-01 7.923103152722943410e-01 7.999085392683910056e-01 8.081508559257676305e-01
4.550513864678815135e-01 7.815761200181152724e-01 8.613629638521609344e-01 8.192895895069085554e-01 8.199100298371208018e-01 7.501793364411907250e-01 7.682802110101131232e-01 7.858903565803369018e-01 7.952816411975511812e-01 8.021146777295748986e-01 8.097062725510800751e-01
4.757696354225314783e-01 7.947256086678428089e-01 8.680923378432280346e-01 8.312567039255170931e-01 8.309814237571350182e-01 7.568525228768678836e-01 7.734172066949430713e-01 7.893936094293938499e-01 7.979813842948279001e-01 8.041368215016063692e-01 8.111099588412075123e-01
4.958555286654290351e-01 8.069814365610107343e-01 8.748638297237332218e-01 8.434371955867147053e-01 8.415014283638009296e-01 7.629747130509421105e-01 7.780984674511125521e-01 7.925603851971111391e-01 8.004381353225124007e-01 8.059906680482062935e-01 8.123753335629299022e-01
5.151999565229455902e-01 8.183221949111245674e-01 8.816131736777801375e-01 8.555237629402415722e-01 8.513187603041968421e-01 7.685498316528779350e-01 7.823610265352326509e-01 7.954303788880892068e-01 8.026766863487176940e-01 8.076900788140377596e-01 8.135151661341097906e-01
5.337046320744462946e-01 8.287307755472451687e-01 8.882477855227012276e-01 8.672376184071625138e-01 8.603457267355805183e-01 7.736056514625100355e-01 7.862420277643209499e-01 7.980386450175237512e-01 8.047182850850322922e-01 8.092473118319544190e-01 8.145416809785107626e-01
5.512836773241406307e-01 8.381971503282074076e-01 8.946600070054401277e-01 8.783502897077172245e-01 8.685499942122524297e-01 7.781832202088510009e-01 7.897757590277866280e-01 8.004154515699686279e-01 8.065809731733533106e-01 8.106732632241342440e-01 8.154665193358159314e-01
5.678649019734559600e-01 8.467212052029825520e-01 9.007415862106692428e-01 8.886944721249241397e-01 8.759421376003939663e-01 7.823288790815249305e-01 7.929925512636466500e-01 8.025864404518308071e-01 8.082800065302048198e-01 8.119777016722459217e-01 8.163006041782180366e-01
5.833907331118454165e-01 8.543151701494990924e-01 9.063967293828950611e-01 8.981646860885795780e-01 8.825622901949992105e-01 7.860889626401122987e-01 7.959189018886628775e-01 8.045729988416383538e-01 8.098283459834906273e-01 8.131694812346269563e-01 8.170539672726574443e-01
5.978187751257074689e-01 8.610051804265246300e-01 9.115516832487530197e-01 9.067104745542202693e-01 8.884682162270879369e-01 7.895067497278617230e-01 7.985782306254530782e-01 8.063927796949168503e-01 8.112371876031411189e-01 8.142567228178233529e-01 8.177355952858226251e-01
6.111220000428924104e-01 8.668316168955217949e-01 9.161598751327038048e-01 9.143255644197618714e-01 8.937259889279894898e-01 7.926210293944085938e-01 8.009918072780894960e-01 8.080603173538193351e-01 8.125164866564154043e-01 8.152469597926936817e-01 8.183533374229093882e-01
6.232885841387451054e-01 8.718480850166971940e-01 9.202027227512719065e-01 9.210360381605688929e-01 8.984035187911442177e-01 7.954656688219000626e-01 8.031795498722924531e-01 8.095876816175601176e-01 8.136754238845262943e-01 8.161472470325303874e-01 8.189138960436083137e-01
6.343214141985599186e-01 8.761191441361432242e-01 9.236870060493844736e-01 9.268896098074063117e-01 9.025665743171581434e-01 7.980697154193016063e-01 8.051605411940219170e-01 8.109851122677586011e-01 8.147227696412792097e-01 8.169642350396599806e-01 8.194229000719707168e-01
6.442372875829606160e-01 8.797171180921342648e-01 9.266400500741304169e-01 9.319470497820437904e-01 9.062766625951924615e-01 8.004577409880635486e-01 8.069532321894150595e-01 8.122615816863313354e-01 8.156671182568909773e-01 8.177042126219905560e-01 8.198850437355221787e-01
6.530658287586706967e-01 8.827184490629350622e-01 9.291039549076121062e-01 9.362759613454770813e-01 9.095901073600770603e-01 8.026502832732788084e-01 8.085753836692635144e-01 8.134252467446504431e-01 8.165169871673086943e-01 8.183731235093123502e-01 8.203042631146141295e-01
6.608481466621378697e-01 8.852000775340527206e-01 9.311298660362817836e-01 9.399465932038771898e-01 9.125577771629588275e-01 8.046643347492640208e-01 8.100438425064077075e-01 8.144837702086472619e-01 8.172807973266967840e-01 8.189765644904450914e-01 8.206839207992225882e-01
6.676352654100844441e-01 8.872362556673499823e-01 9.327729478095542204e-01 9.430291580993341860e-01 9.152250888025724729e-01 8.065138711518228254e-01 8.113742592799728648e-01 8.154445124936643419e-01 8.179667682452611555e-01 8.195197745812865531e-01 8.210269734043609269e-01
6.734863748729094102e-01 8.888960652840210974e-01 9.340884029512118714e-01 9.455921288850884787e-01 9.176320802031617818e-01 8.082104176630892090e-01 8.125808391167784750e-01 8.163146125107019202e-01 8.185827694725162917e-01 8.200076255267270131e-01 8.213361053614050000e-01
6.784669636334013099e-01 8.902417577159925655e-01 9.351286243599601367e-01 9.477011012175736715e-01 9.198134788565630604e-01 8.097636370044982712e-01 8.136761867576365326e-01 8.171009882983649719e-01 8.191361696006859150e-01 8.204446228463767588e-01 8.216138224466060791e-01
6.826469099001025720e-01 8.913278966319125862e-01 9.359413902374270622e-01 9.494179631240813322e-01 9.217987754242261689e-01 8.111819066809374812e-01 8.146712715561315044e-01 8.178102925238746046e-01 8.196337152536874449e-01 8.208349234473292233e-01 8.218625073945314830e-01
6.860986121493699574e-01 8.922011881247775555e-01 9.365689183220839986e-01 9.508002438707348070e-01 9.236123507032628632e-01 8.124728425504471607e-01 8.155755072892154622e-01 8.184488550473948409e-01 8.200814590576851471e-01 8.211823710722729874e-01 8.220844459464297094e-01
6.888952389220033279e-01 8.929008312009968362e-01 9.370475651963197095e-01 9.519006043955494656e-01 9.252737091688774118e-01 8.136437271105797508e-01 8.163969208192191074e-01 8.190226364580275309e-01 8.204847410134569197e-01 8.214905456766731229e-01 8.222818341251300067e-01
6.911091666181502502e-01 8.934592109453182163e-01 9.374079704455930973e-01 9.527664771362390761e-01 9.267978568982067067e-01 8.147018126406280203e-01 8.171423742063042006e-01 8.195372055911979148e-01 8.208482155417622383e-01 8.217628186414659419e-01 8.224567767437965804e-01
6.928106569010835658e-01 8.939027742750184080e-01 9.376754805712447238e-01 9.534398743620590144e-01 9.281958372173748639e-01 8.156544875807889561e-01 8.178178050000807220e-01 8.199977433802394522e-01 8.211759092210718647e-01 8.220024037172970477e-01 8.226112842168965544e-01
6.940668035752353138e-01 8.942529612070994061e-01 9.378707272321127331e-01 9.539573749637667577e-01 9.294754117238335223e-01 8.165093141174591951e-01 8.184284556904812824e-01 8.204090672097876791e-01 8.214712927561441669e-01 8.222123943279390224e-01 8.227472710397502054e-01
6.949407549214456914e-01 8.945271018933034224e-01 9.380102696409639007e-01 9.543502825211155338e-01 9.306418516873696811e-01 8.172739614525856844e-01 8.189790721921202943e-01 8.207756654498847837e-01 8.217373541803847381e-01 8.223957810841413529e-01 8.228665561146041307e-01
6.954911940884016541e-01 8.947392239195302022e-01 9.381072390302039876e-01 9.546449310138722666e-01 9.316987870109900705e-01 8.179560699304504467e-01 8.194740602391668016e-01 8.211017312296990944e-01 8.219766665461246680e-01 8.225554480974970328e-01 8.229708632506099741e-01
6.957720402485404465e-01 8.949007418142176373e-01 9.381719445367845411e-01 9.548631033331537177e-01 9.326490477717762628e-01 8.185630850942655634e-01 8.199175963109127663e-01 8.213911870643130220e-01 8.221914496582450882e-01 8.226941515575528774e-01 8.230618198678875119e-01
6.958323200168154976e-01 8.950210205541566655e-01 9.382124160646467814e-01 9.550225230844359148e-01 9.334954280294786022e-01 8.191020981537012746e-01 8.203136956905364707e-01 8.216476964112451320e-01 8.223836293793658214e-01 8.228144877052138151e-01 8.231409528483150106e-01
6.957161548058712341e-01 8.951078180433253983e-01 9.382348719280043658e-01 9.551373812841380539e-01 9.342413049895730293e-01 8.195797213845715801e-01 8.206662444034050763e-01 8.218746630948992049e-01 8.225548984764289306e-01 8.229188589098361817e-01 8.232096819135773513e-01
6.954628164455393113e-01 8.951676196910657302e-01 9.382441082320635006e-01 9.552188647001186306e-01 9.348910605648459438e-01 8.200020153749348895e-01 8.209790041303836050e-01 8.220752233830843636e-01 8.227067802511913719e-01 8.230094458335821539e-01 8.232693121491144739e-01
