3.576157531344716991e-17 7.203496405506571578e-17 4.248367630135297094e-17 1.740686754366543468e-17 1.793243029822575542e-17 2.808748487267854473e-21 1.115809692137997035e-20 5.996085186228056807e-20 2.663141080909871308e-19 1.155336118199940433e-18 6.368709723914781238e-18
5.069110170391151666e-17 1.021082625474648376e-16 6.021945746653743933e-17 2.467432818957822376e-17 2.541994248453195979e-17 5.644178881007166424e-21 2.242426737975336473e-20 1.205076699601468874e-19 5.350299601190707181e-19 2.316946991422740555e-18 1.269002136725272767e-17
7.185331384896507213e-17 1.447368325850382091e-16 8.535943158243743575e-17 3.497622639582170126e-17 3.603434791060623968e-17 1.134228376250322612e-20 4.506700629819818338e-20 2.421809552039929675e-19 1.074523370081020359e-18 4.641348373359503063e-18 2.521259273853992591e-17
1.018501924606887273e-16 2.051625308555413975e-16 1.209946352017517174e-16 4.957975704403408595e-17 5.108198832308993326e-17 2.279362090440894841e-20 9.057495130903465739e-20 4.866510107466731237e-19 2.156905942618383918e-18 9.283889376447028919e-18 4.991684889771349550e-17
1.443699743783735358e-16 2.908158371145626804e-16 1.715065217851614488e-16 7.028148084612855590e-17 7.241543174005608336e-17 4.580784248999497887e-20 1.820369192350236143e-19 9.777079797091824444e-19 4.326373997064596120e-18 1.853446952781094736e-17 9.841492444032216375e-17
2.046406336034400395e-16 4.122297745007118742e-16 2.431056757547547109e-16 9.962862576997783557e-17 1.026623064076866312e-16 9.206180471432335443e-20 3.658477962085723914e-19 1.963632570041587374e-18 8.668965690838857203e-18 3.691231530573755225e-17 1.930871082687929257e-16
2.900726767167814314e-16 5.843355501596296110e-16 3.445954315237051053e-16 1.412330498359214651e-16 1.455504164346834239e-16 1.850246626148715905e-19 7.352092883790645469e-19 3.941820664850049951e-18 1.734619515418611984e-17 7.329118355494351631e-17 3.767115107245694672e-16
4.111702847816670477e-16 8.282994217272240424e-16 4.884543012539132369e-16 2.002167984851357227e-16 2.063700457474370357e-16 3.718641482219924201e-19 1.477272575095680481e-18 7.907183291785854188e-18 3.464555074818548640e-17 1.449924292885304631e-16 7.303123610261193005e-16
5.828228263092617518e-16 1.174127004397546293e-15 6.923703339966258116e-16 2.838446738900576093e-16 2.926321166157524476e-16 7.473647983970819715e-19 2.967599004285700658e-18 1.584569309326311819e-17 6.903653872435475139e-17 2.855985638276090811e-16 1.405836065857563296e-15
8.261355307502031374e-16 1.664355890100273728e-15 9.814161409961845808e-16 4.024228152426646836e-16 4.150067013465966244e-16 1.501953654518034818e-18 5.959135055987462173e-18 3.171117198475563530e-17 1.371677547101055275e-16 5.597233266118320026e-16 2.685188782318885797e-15
1.171024398040286340e-15 2.359291803727287506e-15 1.391132194419647837e-15 5.705761352880818462e-16 5.886642989033863112e-16 3.018061056832836726e-18 1.195947476739355538e-17 6.334928080829836682e-17 2.715777342038918108e-16 1.090632746690404707e-15 5.085412658062875774e-15
1.659894375020422465e-15 3.344434293965137367e-15 1.971897899353213672e-15 8.090662527356515221e-16 8.351985802418478940e-16 6.063257335769548648e-18 2.398195963073877572e-17 1.262658194530226252e-16 5.354414698667744202e-16 2.111298191532477228e-15 9.543282559096590443e-15
2.352853002510274335e-15 4.741008979488195216e-15 2.795128738973631173e-15 1.147382321351886608e-15 1.185394111840255281e-15 1.217678341177660143e-17 4.803591758295439589e-17 2.509586966533911508e-16 1.050501181683801312e-15 4.057579100925210109e-15 1.773421978924752738e-14
3.335100494894807773e-15 6.720908663129602146e-15 3.962063294558347281e-15 1.627440574972149433e-15 1.683232605007790656e-15 2.444157841107666510e-17 9.607089483869490560e-17 4.970762172755915293e-16 2.049410611508255700e-15 7.736025444259053357e-15 3.261415006341998974e-14
4.727404753869097875e-15 9.527893851696549892e-15 5.616224425586948376e-15 2.308881081811483348e-15 2.391734764626021797e-15 4.902223662418573400e-17 1.917638803388396963e-16 9.805249425198044550e-16 3.972706674244777333e-15 1.462175130375727070e-14 5.932413379900099953e-14
6.700949013155420285e-15 1.350768419292323399e-14 7.961094896563958615e-15 3.276678464845106479e-15 3.401560633880256005e-15 9.821858689127209723e-17 3.818264542338650251e-16 1.924880759902530805e-15 7.646234424839742508e-15 2.737922130030775729e-14 1.066729723673420005e-13
9.498377246869243817e-15 1.915068659641178591e-14 1.128519761677520296e-14 4.652129945641146044e-15 4.843825305342437932e-15 1.965035349420257420e-16 7.579433472719179626e-16 3.757879305763160965e-15 1.460147354108424075e-14 5.075823788457862265e-14 1.895202146182235853e-13
1.346362416235937499e-14 2.715269880380213586e-14 1.599769893449837577e-14 6.608820006882396431e-15 6.909482057091932939e-15 3.924021767489582982e-16 1.499001968529049075e-15 7.290466765578228838e-15 2.764570046851324673e-14 9.310949707193371676e-14 3.325286410917210809e-13
1.908419606953380478e-14 3.850121067082490690e-14 2.267898343159499722e-14 9.396006696015693138e-15 9.879156586543882048e-15 7.817252538848156883e-16 2.951659539609815599e-15 1.404500146499909811e-14 5.186164926885930778e-14 1.689026775925652092e-13 5.759468588915949120e-13
2.705109868097817485e-14 5.459821002171484414e-14 3.215256210365921966e-14 1.337323818795636578e-14 1.416998067548180216e-14 1.552697821400909648e-15 5.782544374501047338e-15 2.684899041923976763e-14 9.633245593386684094e-14 3.028321035775958156e-13 9.843191413966229933e-13
3.834377565405624470e-14 7.743514536638230055e-14 4.558744350808567365e-14 1.906225418073833684e-14 2.041066669558579135e-14 3.072929952288791199e-15 1.126269576098603013e-14 5.089424077893946951e-14 1.770683591428360988e-13 5.363792375680350466e-13 1.659291021813961275e-12
5.435049328360247173e-14 1.098425916149427319e-13 6.464412851178930633e-14 2.722599940611499293e-14 2.956439230824315820e-14 6.055546102868046871e-15 2.179294821001317277e-14 9.559834228811833131e-14 3.218849462463001393e-13 9.380847488358627332e-13 2.757959461010299604e-12
7.703895863351650098e-14 1.558472472461759069e-13 9.168331078937495620e-14 3.899102029462372579e-14 4.313388590272088148e-14 1.187341519130157281e-14 4.186220580939921917e-14 1.778251497990904690e-13 5.783833894030288040e-13 1.619275352674621751e-12 4.518458080011762339e-12
1.091981234671902949e-13 2.211837535854341475e-13 1.300651532366533522e-13 5.604066250919954847e-14 6.350944628686829406e-14 2.314712641502248426e-14 7.977188389585801536e-14 3.273645662310816979e-13 1.026750044213373480e-12 2.757585079304964715e-12 7.294597993099356906e-12
1.547808587727061773e-13 3.140309298998438441e-13 1.845802062634291642e-13 8.092592960394491315e-14 9.456721789283125528e-14 4.483234873443809507e-14 1.506948952133449156e-13 5.960946558292156857e-13 1.799863017358423809e-12 4.631271004730044609e-12 1.160130623089651601e-11
2.193895513602702495e-13 4.460752004740530080e-13 2.620731026346450076e-13 1.175749059608763721e-13 1.427067592751198364e-13 8.620542053918773869e-14 2.820200976257946929e-13 1.073020420279836661e-12 3.114190509644607235e-12 7.667969943032858500e-12 1.817220631864335617e-11
3.109641834509239048e-13 6.340542717738164357e-13 3.723510870862412137e-13 1.721412332001932184e-13 2.186587091715921135e-13 1.644403312290761458e-13 5.225408611602447898e-13 1.908483429822424117e-12 5.316181921161640804e-12 1.251203830163806106e-11 2.802986967184433081e-11
4.407572400565197752e-13 9.020109546996049950e-13 5.295176903607490443e-13 2.544359945817559391e-13 3.406360184456116957e-13 3.109600929600378938e-13 9.579871120829840326e-13 3.352344842110391509e-12 8.950222908281119847e-12 2.011476223795781730e-11 4.256798295533214377e-11
6.247148573187637461e-13 1.284605225253357168e-12 7.539479841649428563e-13 3.803670713951453271e-13 5.398111484447003746e-13 5.825426899198387241e-13 1.736815235542533164e-12 5.812920218967059543e-12 1.485559768000616179e-11 3.185126620979999573e-11 6.364298068620729754e-11
8.854332243287486261e-13 1.832015185180239172e-12 1.075243014636638918e-12 5.761177865712956980e-13 8.697786804325195762e-13 1.080428033480095639e-12 3.112232177623313245e-12 9.945891943444101353e-12 2.430100771819759821e-11 4.966661507303781757e-11 9.367080347500300243e-11
1.254929365491026147e-12 2.617239844104567228e-12 1.536694967794846134e-12 8.853169638432722197e-13 1.422761851119725017e-12 1.982630957621289711e-12 5.509328967899566567e-12 1.678524391076375750e-11 3.916563615223608418e-11 7.625118412104744607e-11 1.357227920843025324e-10
1.778564481772675768e-12 3.747051947167562520e-12 2.202105877095419578e-12 1.381319064410890086e-12 2.357067251815814724e-12 3.597607583099481007e-12 9.630109357997780007e-12 2.793118877307350237e-11 6.217500542478625159e-11 1.152418173276722480e-10 1.936139716189888576e-10
2.520597849168883771e-12 5.378516422272615826e-12 3.166301713770250666e-12 2.188131628082013183e-12 3.942998964738189449e-12 6.451700771387411972e-12 1.661422117888406790e-11 4.581259889221657846e-11 9.719738909441754503e-11 1.714408723928591090e-10 2.719779444101985326e-10
3.572046451465323275e-12 7.744003801085753610e-12 4.571480384710286983e-12 3.515805318220473206e-12 6.638531166908062298e-12 1.142878623943782292e-11 2.827926375694008871e-11 7.404284780984628589e-11 1.496018372748057877e-10 2.510406844778434220e-10 3.763261483066705498e-10
5.061803266641598780e-12 1.118914975624682688e-11 6.632794701235163963e-12 5.719683087108465573e-12 1.121203136196572232e-11 1.998859175417296458e-11 4.747129354077577678e-11 1.178872006511923848e-10 2.266718090661930944e-10 3.618375441731660657e-10 5.130959983770420491e-10
7.172357793660626208e-12 1.623046416761607763e-11 9.678551821875750979e-12 9.398403679135007745e-12 1.893782603011177830e-11 3.450043152923638603e-11 7.856278193078280724e-11 1.848557891523688799e-10 3.380594353560003219e-10 5.134187854786435499e-10 6.897025682826294073e-10
1.016201097295318721e-11 2.364257448870364196e-11 1.421347757326462228e-11 1.555377997046258393e-11 3.190200548707387346e-11 5.874137787199125679e-11 1.281404212893834637e-10 2.854276956959413102e-10 4.962559377304440898e-10 7.173111412899933236e-10 9.146213669483746869e-10
1.439624536421415120e-11 3.458978989512241170e-11 2.101817142936954514e-11 2.584762339883374766e-11 5.347101873390582367e-11 9.862133601626810943e-11 2.059268203842599354e-10 4.338981888263902769e-10 7.170462083906173326e-10 9.870901447255159078e-10 1.197543894165999349e-09
2.039198603585374576e-11 5.082329666333371226e-11 3.130488698287115887e-11 4.300738818947244644e-11 8.899435106114555814e-11 1.632103116447880917e-10 3.259757371341306544e-10 6.493232210685354339e-10 1.019913623758108421e-09 1.338470247020976344e-09 1.549660666344240427e-09
2.887998554918220703e-11 7.497447420154099074e-11 4.696006869630139387e-11 7.145525838775894922e-11 1.468341870377485604e-10 2.661523813415345040e-10 5.081673514228313004e-10 9.565151616556777547e-10 1.428369134870346133e-09 1.789423165149837508e-09 1.984135554456669191e-09
4.089264764487247106e-11 1.109873422384909822e-10 7.091886600070140112e-11 1.182647624451539252e-10 2.398375223517414174e-10 4.275522256338047826e-10 7.800060232935759780e-10 1.387025886554645520e-09 1.970200679870948047e-09 2.360405299760928953e-09 2.516838197120554521e-09
5.788748521858530949e-11 1.647499811151843915e-10 1.077375681755658403e-10 1.945851329822604900e-10 3.873861397950977599e-10 6.764082812404358421e-10 1.178687521913651644e-09 1.980044682077500382e-09 2.677677609723100984e-09 3.074809101006863036e-09 3.167396866840404107e-09
8.192037994877207090e-11 2.450070844860705203e-10 1.644581345282229492e-10 3.177149170776194707e-10 6.181716989630141970e-10 1.053636172676097605e-09 1.753358450779338507e-09 2.783147694682239828e-09 3.587799666108826941e-09 3.959781483058209691e-09 3.960623552970057143e-09
1.158882624548827795e-10 3.646650036127196505e-10 2.518962530255387418e-10 5.140489814908098375e-10 9.738395195370536377e-10 1.615673108446338154e-09 2.567444673972846632e-09 3.852872020366200360e-09 4.742746336627768501e-09 5.047567956931422334e-09 4.928349854669204808e-09
1.638682801677007243e-10 5.426383197848907116e-10 3.865317706136839355e-10 8.231601468833648372e-10 1.513616953462992721e-09 2.438578262270251137e-09 3.700890602655541980e-09 5.255158042493029549e-09 6.190750679114257563e-09 6.377539064398134447e-09 6.111702576793434576e-09
2.315906499041655673e-10 8.064348333698724850e-10 5.932381293705251225e-10 1.303297704940493092e-09 2.319982660633069805e-09 3.622452540065510409e-09 5.252145149871880072e-09 7.065810190883468023e-09 7.987678927040413795e-09 7.999035184864751082e-09 7.563849030629871685e-09
3.270961084986782810e-10 1.195735469042609922e-09 9.091542991249032282e-10 2.038576091102649086e-09 3.505337337230069867e-09 5.295910003026500177e-09 7.339774115469354280e-09 9.371262657867976734e-09 1.019962967880503678e-08 9.975132172232199423e-09 9.353260957639319751e-09
4.616473744142072275e-10 1.767298067562980303e-09 1.389075032449642147e-09 3.148072173202577203e-09 5.219507890215836455e-09 7.620270348878275983e-09 1.010369261579851637e-08 1.227008672247891889e-08 1.290686430392509356e-08 1.238739544027114484e-08 1.156758756071666396e-08
6.509889021823348975e-10 2.601599450674075294e-09 2.112806585831271697e-09 4.796934642702460985e-09 7.657771420217299761e-09 1.079314525320344080e-08 1.370620710007298739e-08 1.587581530671525574e-08 1.620934206350617570e-08 1.534167099911794457e-08 1.431829368290088523e-08
9.170825604420099888e-10 3.811726948906610631e-09 3.194995678188037312e-09 7.209426686184133045e-09 1.106895464539367700e-08 1.505120405205579522e-08 1.833333155836609323e-08 2.032175892569836006e-08 2.023407038015359818e-08 1.897497711208243579e-08 1.774630624482582784e-08
1.290491513675264649e-09 5.555134998958950152e-09 4.797977041398324483e-09 1.068358117789173574e-08 1.576309816355313029e-08 2.067216416795938147e-08 2.419717267256345009e-08 2.576851951406399413e-08 2.514441689522335183e-08 2.346362523219907456e-08 2.202901537791547858e-08
1.813644317882896949e-09 8.048988201323688517e-09 7.148186143131174412e-09 1.560687732602173986e-08 2.211823694684622025e-08 2.797647770904644778e-08 3.154051713367636330e-08 3.241486237739899564e-08 3.115149948415342727e-08 2.903282183063507280e-08 2.738909042716500205e-08
2.545291121666739188e-09 1.158991103617903006e-08 1.055663760266985128e-08 2.247211107036882047e-08 3.058610641688176457e-08 3.732976254085791418e-08 4.064503734855565215e-08 4.051249201787411281e-08 3.852780994107771965e-08 3.596818190144504974e-08 3.410569152758957079e-08
3.566570679112700055e-09 1.657904714982038607e-08 1.544387306695818451e-08 3.189252362695308481e-08 4.169709178513982493e-08 4.914769363889599054e-08 5.184469271688835963e-08 5.038513263230922816e-08 4.762336636727720482e-08 4.462980937863769547e-08 4.252878596573432218e-08
4.989249650628094994e-09 2.355339033067020230e-08 2.236964555424084562e-08 4.461539450902053147e-08 5.606551592351623207e-08 6.390572336315098089e-08 6.554589463969795228e-08 6.245220159992920035e-08 5.888494257751635656e-08 5.546985343109581297e-08 5.309742257367166296e-08
6.966886293917303148e-09 3.322438288979317842e-08 3.206746224004863457e-08 6.153382464680770966e-08 7.439736930773685321e-08 8.215650294524446450e-08 8.225581869872464527e-08 7.725736140694174695e-08 7.287928420400646741e-08 6.905471821222647536e-08 6.636299101884481929e-08
9.709924690496566358e-09 4.652479279981428290e-08 4.548401254764765919e-08 8.369743285645595424e-08 9.750371555044783751e-08 1.045581018318312847e-07 1.026199414362746289e-07 9.550241602417908890e-08 9.032166699984612071e-08 8.609338162737265511e-08 8.301871539341609468e-08
1.350606329654277279e-08 6.466490075511428002e-08 6.382354916914671722e-08 1.123241971795217051e-07 1.263240833436527778e-07 1.319159872524223636e-07 1.274695702416605822e-07 1.180874329638436571e-07 1.121116510379946252e-07 1.074735751156145514e-07 1.039369256599949622e-07
1.874768888960563051e-08 8.919909312800340399e-08 8.859757454990380834e-08 1.488176143019607926e-07 1.619649706640201021e-07 1.652412519600532691e-07 1.578799893720555375e-07 1.461586362545022806e-07 1.393784085458525853e-07 1.343079174047593830e-07 1.302160405026787624e-07
2.596875744723435015e-08 1.221041290948651597e-07 1.216808310438385461e-07 1.947955148821026292e-07 2.057589504851131731e-07 2.058269103458455890e-07 1.952400421453556581e-07 1.811665022156562728e-07 1.735385464955819282e-07 1.679925224908571289e-07 1.632397059410303506e-07
3.589428043026172811e-08 1.658707150503378597e-07 1.653757023523404959e-07 2.521389275451852444e-07 2.593496810713298725e-07 2.553434945251006892e-07 2.413346543145679186e-07 2.249375436574396127e-07 2.163699314665039639e-07 2.102811691561202752e-07 2.047511922521198198e-07
4.950659440940789994e-08 2.236106827362032266e-07 2.224887698046791927e-07 3.230709336022133106e-07 3.248074492385853243e-07 3.159550260163731875e-07 2.984430462533654505e-07 2.797644277506802265e-07 2.701057102751834058e-07 2.633788862599594959e-07 2.569469880641590010e-07
6.813392664767756515e-08 2.991831512689711350e-07 2.964254283161269365e-07 4.102761457014818071e-07 4.047789703254615290e-07 3.904570686382894815e-07 3.694571545503172796e-07 3.485203013196202395e-07 3.375535896731078053e-07 3.300598377176940038e-07 3.225945839549316376e-07
9.356851291392432916e-08 3.973446873670942772e-07 3.913110765070079953e-07 5.170711035769364690e-07 5.026744774967260888e-07 4.824402413339231500e-07 4.580269748071444857e-07 4.348045090344753531e-07 4.222465934840643359e-07 4.138157479869970552e-07 4.051807607180876227e-07
1.282237957879011220e-07 5.239307890700653582e-07 5.121503104956706606e-07 6.476346431342610127e-07 6.228952109377426462e-07 5.964853681753173926e-07 5.687419971320417830e-07 5.431283662695472934e-07 5.286330635035279302e-07 5.190428607964835755e-07 5.090983600659917076e-07
1.753431801063324944e-07 6.860791157074562433e-07 6.650385990458299135e-07 8.073056744870564631e-07 7.711058111346196070e-07 7.384002461969948100e-07 7.073605173994777036e-07 6.791514374385970629e-07 6.623157185064160604e-07 6.512776461810219820e-07 6.398816110735935085e-07
2.392766240424028317e-07 8.925088501824514793e-07 8.574439595280361522e-07 1.002954664878964444e-06 9.545592322683104569e-07 9.155125374615646791e-07 8.811013597704465326e-07 8.499810730122118523e-07 8.303522420457364975e-07 8.174942528964184774e-07 8.045027339183317853e-07
3.258462009704362799e-07 1.153875449049627940e-06 1.098579158938435370e-06 1.243435536685208761e-06 1.182486777450299554e-06 1.137038201839254070e-06 1.099015583553194540e-06 1.064551005739981515e-06 1.041633254296778576e-06 1.026480156191426959e-06 1.011745893578327754e-06
4.428278935398740601e-07 1.483225814175391814e-06 1.399888081903455504e-06 1.540127704931722475e-06 1.466572599100436390e-06 1.414549931262624615e-06 1.372459379846283025e-06 1.334098843505501852e-06 1.307357786125453564e-06 1.289310718804469760e-06 1.272678815317856341e-06
6.005844885964259379e-07 1.896585591158507299e-06 1.775673513921422718e-06 1.907584350593231320e-06 1.821540184104501548e-06 1.762575200257048138e-06 1.715694033053645983e-06 1.672767575742114689e-06 1.641631718477071351e-06 1.619948658269298931e-06 1.601247728575170456e-06
8.128937175816561010e-07 2.413717871427187088e-06 2.243898286812555899e-06 2.364313027936022118e-06 2.265887586321647475e-06 2.199359103599233932e-06 2.146645044195736440e-06 2.098363007388061640e-06 2.062221358734564021e-06 2.036000958101270360e-06 2.015028057754680738e-06
1.098026879495553768e-06 3.059101143449159635e-06 2.827198310730902846e-06 2.933728077436388051e-06 2.822818261162132230e-06 2.747833739634238226e-06 2.687860811660632719e-06 2.633307676556427537e-06 2.591502779788251091e-06 2.559673933134365283e-06 2.536171779898552217e-06
1.480146196829714612e-06 3.863184175161739676e-06 3.554155360700991821e-06 3.645330416496168891e-06 3.521425411551347117e-06 3.436844436317729795e-06 3.367722138704914804e-06 3.305842720430226809e-06 3.257658247230310809e-06 3.218977447534551527e-06 3.192603066860356397e-06
1.991104173574603943e-06 4.863987154431632875e-06 4.460890494728093814e-06 4.536188396999489264e-06 4.398200325349017277e-06 4.302694723435230864e-06 4.221967766990881742e-06 4.151542884008683891e-06 4.096184636745779070e-06 4.049242335097552004e-06 4.019527293047943781e-06
2.672745376240490557e-06 6.109132759362522922e-06 5.593056503164833614e-06 5.652813174810544507e-06 5.498950282985821897e-06 5.391087842490015848e-06 5.295618648425733636e-06 5.215227142851153812e-06 5.151795971424550123e-06 5.095031720029922500e-06 5.061335446139685237e-06
3.579830628187792442e-06 7.658409175788939355e-06 7.008330618092804518e-06 7.053543753743357065e-06 6.881230651774169250e-06 6.759563988740641229e-06 6.645405440512782922e-06 6.553369154079953484e-06 6.480824019344585550e-06 6.412548226199453642e-06 6.374007352256424688e-06
4.783726202674393665e-06 9.586991147374649487e-06 8.779537658182376769e-06 8.811581783947547948e-06 8.617420480807779358e-06 8.480560619900983163e-06 8.342830699771456072e-06 8.237139102184790453e-06 8.154248404508585300e-06 8.072666265121969926e-06 8.028144089311723799e-06
6.377027368132622764e-06 1.198947704917535637e-05 1.099856982829002944e-05 1.101884648342773853e-05 1.079860323116014493e-05 1.064525928402529290e-05 1.047803082263500418e-05 1.035624287483954214e-05 1.026152225979740220e-05 1.016475323094687995e-05 1.011279398714620495e-05
8.479318512361955486e-06 1.498494216854178849e-05 1.378131388820513705e-05 1.379085865530335724e-05 1.353945641992916138e-05 1.336842787593180844e-05 1.316464484725024304e-05 1.302376763547523392e-05 1.291540278095213318e-05 1.280148732278043808e-05 1.274027955211596152e-05
1.124431401568711459e-05 1.872326358766061296e-05 1.727385131046413477e-05 1.727291316284363331e-05 1.698440842036025414e-05 1.679452368813602020e-05 1.654595032325319759e-05 1.638229695659349419e-05 1.625805027680804558e-05 1.612493505005415279e-05 1.605228682590977563e-05
1.486867926701555905e-05 2.339304328214170987e-05 2.166026514152500333e-05 2.164786518315234257e-05 2.131539034541251278e-05 2.110539229756123544e-05 2.080259383510608016e-05 2.061162655435411453e-05 2.046872722160943657e-05 2.031422093103727459e-05 2.022754698607046283e-05
1.960290530376580697e-05 2.923154658499941416e-05 2.717247232206275123e-05 2.714594109608222276e-05 2.676159927297935435e-05 2.652998330759895288e-05 2.616232944249367206e-05 2.593849690957606587e-05 2.577351395032909497e-05 2.559520877877727093e-05 2.549152599760522026e-05
2.576471043913420417e-05 3.653718674929664267e-05 3.410260701053471839e-05 3.405709425962674512e-05 3.361180008120338402e-05 3.335661048029152587e-05 3.291228703869588474e-05 3.264886615713078361e-05 3.245756445282365835e-05 3.225272237667680243e-05 3.212864618572869259e-05
3.375557593326517452e-05 4.568522725780245464e-05 4.281861473016343602e-05 4.274656384095688899e-05 4.222983149567937603e-05 4.194841635655026244e-05 4.141442980078735434e-05 4.110338094167522712e-05 4.088055958048276886e-05 4.064596822472156372e-05 4.049769885144154173e-05
4.408119870323641445e-05 5.714754656268035524e-05 5.378388522180783292e-05 5.367446632145507788e-05 5.307415266609358701e-05 5.276286662800380294e-05 5.212503114190242471e-05 5.175687043188579309e-05 5.149618188940274625e-05 5.122799002549375787e-05 5.105127518095192826e-05
5.737686978618260653e-05 7.151751986590211682e-05 6.758195969069068795e-05 6.742045909747123613e-05 6.672247453162452786e-05 6.637630399539499462e-05 6.561921192659729335e-05 6.518289509110437212e-05 6.487664217857273591e-05 6.457018932834919522e-05 6.436024923292593734e-05
7.443906699740936660e-05 8.954132258421968729e-05 8.494759944200642044e-05 8.471476683633969611e-05 8.390276848304127849e-05 8.351483986746466477e-05 8.262183092871951487e-05 8.210463084118312289e-05 8.174353650269627946e-05 8.139319323692266353e-05 8.114459540233345553e-05
9.626488067055221558e-05 1.121572485049385139e-04 1.068057956992627365e-04 1.064771518504439661e-04 1.055322314091727809e-04 1.050931541692505587e-04 1.040463127005098945e-04 1.034336591362174058e-04 1.030066025670806599e-04 1.026056371055809359e-04 1.023121118294315171e-04
1.241012546534428062e-04 1.405449490220387579e-04 1.343206204604457184e-04 1.338657260573739385e-04 1.327660977976388658e-04 1.322630954569851481e-04 1.310433124895928894e-04 1.303185504972688175e-04 1.298122625461244723e-04 1.293527448037546724e-04 1.290069373918547354e-04
1.595063770636972013e-04 1.761868021731104043e-04 1.689561282224893751e-04 1.683378078113483966e-04 1.670584905327029295e-04 1.664742886423589620e-04 1.650614205661690324e-04 1.642054368350417764e-04 1.636041492015925423e-04 1.630768957319185509e-04 1.626700571446927993e-04
2.044258098595170354e-04 2.209438351023439954e-04 2.125517408059566225e-04 2.117252458563099570e-04 2.102377172555797179e-04 2.095491883888031016e-04 2.079223222844521154e-04 2.069129902858958883e-04 2.061980373636065596e-04 2.055925906011079696e-04 2.051142134931673196e-04
2.612859494941643804e-04 2.771486096888901504e-04 2.674145406002561274e-04 2.663266244603633534e-04 2.645984094790205729e-04 2.637750203348406919e-04 2.619128164675976278e-04 2.607242233567941530e-04 2.598736027817447492e-04 2.591782269431712775e-04 2.586156380835167592e-04
3.331069135272273396e-04 3.477170016690823442e-04 3.364304254529792461e-04 3.350182936988955768e-04 3.330124336424895273e-04 3.320145928184587065e-04 3.298956214471031670e-04 3.284970631523698040e-04 3.274849703306432656e-04 3.266866359836117714e-04 3.260245584850410988e-04
4.236355768372072916e-04 4.362794966898933448e-04 4.231947815524015190e-04 4.213848780541034548e-04 4.190592192880835147e-04 4.178366778471980653e-04 4.154396104708452933e-04 4.137943739783572772e-04 4.125907352418124794e-04 4.116750566751485878e-04 4.108951567679323372e-04
5.374967250287945343e-04 5.473299898011006097e-04 5.321607102030575511e-04 5.298673066150315965e-04 5.271735518728544109e-04 5.256640517050048750e-04 5.229675219119593382e-04 5.210315109336362532e-04 5.196015472227220660e-04 5.185526331256691112e-04 5.176330676230384443e-04
6.803555275942434677e-04 6.863854879000089908e-04 6.687982849224055094e-04 6.659218638388679327e-04 6.628043510796647079e-04 6.609327368019855603e-04 6.579146722144106575e-04 6.556349682302761109e-04 6.539388245596544549e-04 6.527390048141773222e-04 6.516539887256948263e-04
8.590771189452835015e-04 8.601429354235742581e-04 8.397511788549409661e-04 8.361766429116711643e-04 8.325708607036940052e-04 8.302488598561139467e-04 8.268851227408082621e-04 8.241986022777156003e-04 8.221910777028660624e-04 8.208204788814682171e-04 8.195398996648795833e-04
1.081858561448463887e-03 1.076609152123055328e-03 1.052966831143413873e-03 1.048561635581127596e-03 1.044392552325462166e-03 1.041519381405127615e-03 1.037781653298394322e-03 1.034613801362563312e-03 1.032244212426695028e-03 1.030680173265529926e-03 1.029169290189984156e-03
1.358294932254719943e-03 1.345166647514713142e-03 1.317763171498918372e-03 1.312375568270631029e-03 1.307555943542470893e-03 1.304019817955433432e-03 1.299872822579525855e-03 1.296136892990499938e-03 1.293349106079562296e-03 1.291565452801957331e-03 1.289784736845469171e-03
1.699325798955507016e-03 1.676522894578495000e-03 1.644779819754767182e-03 1.638237516224439133e-03 1.632666469119563139e-03 1.628346997978752939e-03 1.623745359438377939e-03 1.619342041781492289e-03 1.616074723101474861e-03 1.614040963266048052e-03 1.611946153350945392e-03
