3.811480462139362506e-08 3.242370346442926843e-07 9.810655903058106207e-05 1.046262862819381323e-03 7.117671170574570855e-03 3.683711441267320530e-02 1.138920129960304950e-01 2.472676141364273106e-01 3.432043374098805444e-01 3.301519299277699826e-01 1.433995162041141747e-01
5.402667959791141040e-08 4.596063884941525604e-07 1.390687923151454628e-04 1.482655008566352529e-03 1.005371451731185140e-02 5.135384544347664643e-02 1.537553053514757739e-01 3.176732038509818001e-01 4.268647313137812205e-01 4.134174477181489782e-01 1.857577224284275574e-01
7.658129730046235404e-08 6.514957479201500569e-07 1.971328839035613287e-04 2.100750230852025616e-03 1.417942141020537075e-02 7.112745976194849440e-02 2.042211967070627909e-01 3.975720945884150814e-01 5.151389649441375784e-01 5.020283803350005236e-01 2.338925373748371450e-01
1.085517874041093472e-07 9.235059955484735992e-07 2.794363296300261140e-04 2.975858587262728092e-03 1.995560172056589504e-02 9.765848531551864220e-02 2.658807700106941008e-01 4.834220824798010074e-01 6.026660519175739417e-01 5.904331128510930116e-01 2.855649574561681114e-01
1.538689549234612113e-07 1.309094781569745393e-06 3.960916267877424759e-04 4.214131325099968080e-03 2.800113156040771531e-02 1.325545844303656073e-01 3.380828897513910580e-01 5.704171393623566066e-01 6.842155048899178915e-01 6.730655597285739589e-01 3.380005357356221096e-01
2.181045521117144303e-07 1.855694501678288034e-06 5.614214101801695512e-04 5.964798571156639667e-03 3.912819712275908413e-02 1.772917009973669356e-01 4.186047863582627593e-01 6.534725955310074497e-01 7.558618154097520581e-01 7.456809881072923307e-01 3.885998124565913092e-01
3.091562819837650879e-07 2.630551678632050168e-06 7.957006339897981480e-04 8.436854774058494960e-03 5.436801076901748297e-02 2.328376601281652303e-01 5.037197951121626938e-01 7.283359014709052115e-01 8.155934619194913360e-01 8.060904851136653226e-01 4.354954987557780322e-01
4.382187339352333489e-07 3.729008018748537277e-06 1.127607462857339567e-03 1.192138538389639173e-02 7.496884224755623327e-02 2.991912084099161429e-01 5.887684611894997699e-01 7.923484532654618828e-01 8.632257513009077288e-01 8.540936283609257273e-01 4.777176516595068034e-01
6.211595899985024787e-07 5.286245231564924134e-06 1.597657579388173446e-03 1.682059451997949817e-02 1.023390696040817754e-01 3.749820330435802984e-01 6.690876336063834584e-01 8.446142636909708123e-01 8.998630768545512471e-01 8.908798011050438337e-01 5.150232134430338116e-01
8.804702372851503676e-07 7.493944220975336678e-06 2.262988219240496049e-03 2.368385809122884600e-02 1.379039155412612183e-01 4.573374480207447745e-01 7.409430741573236334e-01 8.856677443618411472e-01 9.272610726698196082e-01 9.183143868272745092e-01 5.476043873955426244e-01
1.248030490149513190e-06 1.062391772266600481e-05 3.203963945178789179e-03 3.324916517101756536e-02 1.828564835262458665e-01 5.421738200074547320e-01 8.021094454773671778e-01 9.169191124367146450e-01 9.473210933024556191e-01 9.383849359075953078e-01 5.758455152995328730e-01
1.769027122637676097e-06 1.506163939055076272e-05 4.533178020229679597e-03 4.648414970874556462e-02 2.378217513346996825e-01 6.248993082804256138e-01 8.519473031098067084e-01 9.401308974236841642e-01 9.617866436476302239e-01 9.528826601331154000e-01 6.001820513041302707e-01
2.507507600846339824e-06 2.135381859319669334e-05 6.407474659954303688e-03 6.461338495889563938e-02 3.025109645676952175e-01 7.013074041405321646e-01 8.910773545939119078e-01 9.570510867263614108e-01 9.721106896827365063e-01 9.632753286347377486e-01 6.210403583809852579e-01
3.554251151722739696e-06 3.027590944021576601e-05 9.043516809780348387e-03 8.910716192778632416e-02 3.754907780306634968e-01 7.683352394164476573e-01 9.208827731438689046e-01 9.692151804047299812e-01 9.794321676541364319e-01 9.706961837936406434e-01 6.388197198118024112e-01
5.037923695683819605e-06 4.292790592947431141e-05 1.273697534426877082e-02 1.215938012383295797e-01 4.541831591927613654e-01 8.244321343712309735e-01 9.430457939593540617e-01 9.778744131183760846e-01 9.846078095206283187e-01 9.759870617381251057e-01 6.538891598705207642e-01
7.140886001188142998e-06 6.087025549763138473e-05 1.788428721614621075e-02 1.636511561362695155e-01 5.351388596392189223e-01 8.694833417140240828e-01 9.592223198501884651e-01 9.839985379831340806e-01 9.882640297407879748e-01 9.797577695070923687e-01 6.665866262974322609e-01
1.012159490805060212e-05 8.631662091853530222e-05 2.500366346175867185e-02 2.164503586243260447e-01 6.145315207001914581e-01 9.044263315993443797e-01 9.708652822071583977e-01 9.883134282106961210e-01 9.908499302153808141e-01 9.824429229985707224e-01 6.772174695206499839e-01
1.434634516620427800e-05 1.224070695787829704e-04 3.474823015445668850e-02 2.802844949161200083e-01 6.887517446868801629e-01 9.307722134410219006e-01 9.791603299278567318e-01 9.913491129023619397e-01 9.926831946514713678e-01 9.843491295681909836e-01 6.860528397871651363e-01
2.033424248801414378e-05 1.735947564188602250e-04 4.789914379030152380e-02 3.541128457945622032e-01 7.549537613470198583e-01 9.501980836356652693e-01 9.850287540317193002e-01 9.934857739354043815e-01 9.939865592063880095e-01 9.856913233426821686e-01 6.933291239060518363e-01
2.882091494211344465e-05 2.461921221778919935e-04 6.532239042901265280e-02 4.353344625539530277e-01 8.114151967766494167e-01 9.642802328362597430e-01 9.891622540157112287e-01 9.949926364110738275e-01 9.949153322515473796e-01 9.866195317997222825e-01 6.992489595068906993e-01
4.084875343541690611e-05 3.491399460804251484e-04 8.787487697472548542e-02 5.199864734564610957e-01 8.576215489990355323e-01 9.743621747567065006e-01 9.920674849749681057e-01 9.960586387192148505e-01 9.955774720163346192e-01 9.872380557601155848e-01 7.039837561219152162e-01
5.789469235228087872e-05 4.950850028231205697e-04 1.162600022578372666e-01 6.034021847451210840e-01 8.940827272331736131e-01 9.815179542109260247e-01 9.941089304780322822e-01 9.968155757777430459e-01 9.960479047676309428e-01 9.876189736766178839e-01 7.076773291667842747e-01
8.205107008809321115e-05 7.018796315002289333e-04 1.508612446792770012e-01 6.811360130612241770e-01 9.219852843913742824e-01 9.865690830369064912e-01 9.955453531650910737e-01 9.973550455364534884e-01 9.963785775000049139e-01 9.878115432427643228e-01 7.104501824525746301e-01
1.162814504701612612e-04 9.946475759931394482e-04 1.916103467883908396e-01 7.498146958100062598e-01 9.428202416294362287e-01 9.901245381153317426e-01 9.965587058279627986e-01 9.977405956152622934e-01 9.966054409677992387e-01 9.878486985354010264e-01 7.124040391965530405e-01
1.647821074193556190e-04 1.408589759656544505e-03 2.379481761061711664e-01 8.076106844744860291e-01 9.580903427668366890e-01 9.926256907926690465e-01 9.972760727711932338e-01 9.980162957160814141e-01 9.967532654925770341e-01 9.877515163850066893e-01 7.136263236573642255e-01
2.334920262138274615e-04 1.992719228241129556e-03 2.888985047020908858e-01 8.542313587936281039e-01 9.691339831483500866e-01 9.943872843694664398e-01 9.977858253265190491e-01 9.982127200030732617e-01 9.968389457173609802e-01 9.875322731731062120e-01 7.141943816829999792e-01
3.308107662205277935e-04 2.814692901672645117e-03 3.432209501734191370e-01 8.905425347472145647e-01 9.770516880314209507e-01 9.956311860904820676e-01 9.981492607361953651e-01 9.983510888138138473e-01 9.968737598210045681e-01 9.871965282085805038e-01 7.141792789642154027e-01
4.686054161991046706e-04 3.966808340484274074e-03 3.995797396267825041e-01 9.180571134141022327e-01 9.827004370501910557e-01 9.965125575683796422e-01 9.984088529682622060e-01 9.984461203619665604e-01 9.968649081142072488e-01 9.867445396106651057e-01 7.136490316815904400e-01
6.636159230607586827e-04 5.572994363645417115e-03 4.566758260344405129e-01 9.384860351634763953e-01 9.867227939995887320e-01 9.971393599704468924e-01 9.985940318983398400e-01 9.985079870384555578e-01 9.968165556040591291e-01 9.861722301779533018e-01 7.126711178760815057e-01
9.394020218439614158e-04 7.796166711515892418e-03 5.133224889717897810e-01 9.534421408393339847e-01 9.895880589917290804e-01 9.975864990251572806e-01 9.987251957098650657e-01 9.985436539644655385e-01 9.967305332698958020e-01 9.854718631466390377e-01 7.113141077126287071e-01
1.329012009964433434e-03 1.084457993079999440e-02 5.684725290588114044e-01 9.642952638576763880e-01 9.916328741921317524e-01 9.979058847267792132e-01 9.988164792304975448e-01 9.985577925629693929e-01 9.966068053095988866e-01 9.846325525782907429e-01 7.096482579423725179e-01
1.878585470833121730e-03 1.497481321833115005e-02 6.212174937088341675e-01 9.721340657440967759e-01 9.930958512511873781e-01 9.981334861589404861e-01 9.988776558593336352e-01 9.985534017082448033e-01 9.964437783259083581e-01 9.836407136474102364e-01 7.077449599988682172e-01
2.652110417880748725e-03 2.048804077990848752e-02 6.707793667346541033e-01 9.777865084886445679e-01 9.941448457612757084e-01 9.982942301598219936e-01 9.989154407199347663e-01 9.985322270471882478e-01 9.962385089133393157e-01 9.824805481493550374e-01 7.056750250382822776e-01
3.737504895473532131e-03 2.771588529574232559e-02 7.165093807231631695e-01 9.818640678331768123e-01 9.948974193335643479e-01 9.984053797660453755e-01 9.989343820200634605e-01 9.984950402603164354e-01 9.959868552929259655e-01 9.811346530868337856e-01 7.035059327237588311e-01
5.254023927672295778e-03 3.699337241119732972e-02 7.579007718000171367e-01 9.848096856913369779e-01 9.954357141576133383e-01 9.984788539762624593e-01 9.989374699315619610e-01 9.984418205416432102e-01 9.956836142284504199e-01 9.795848261175865712e-01 7.012983467411476601e-01
7.360616986054772069e-03 4.861997765991175197e-02 7.946135627115914479e-01 9.869402738312277323e-01 9.958170419046677990e-01 9.985228164054197331e-01 9.989265518557445267e-01 9.983718677228465843e-01 9.953226842669228303e-01 9.778131097134860061e-01 6.991023751380706086e-01
1.026417637477932548e-02 6.281487302526102268e-02 8.265011128898260839e-01 9.884808607893855736e-01 9.960813174722891183e-01 9.985427617069518869e-01 9.989026150119468817e-01 9.982838684080230784e-01 9.948972974835594840e-01 9.758030552959517934e-01 6.969541810801440640e-01
1.422555864910588289e-02 7.967674508313980775e-02 8.536234302728632484e-01 9.895905180699761106e-01 9.962562297955290802e-01 9.985422580224619926e-01 9.988659782862253644e-01 9.981759320093523957e-01 9.944003598658205378e-01 9.735410956793464354e-01 6.948735795775001778e-01
1.955992278485192692e-02 9.915890200220923989e-02 8.762348525867220683e-01 9.903813694347660679e-01 9.963608164663652067e-01 9.985234542594024765e-01 9.988164225723313860e-01 9.980456118668161736e-01 9.938249286198723720e-01 9.710178021304567419e-01 6.928631520263444088e-01
2.662675156437122395e-02 1.210660393003487878e-01 8.947437204972402691e-01 9.909322216118058302e-01 9.964079237127843047e-01 9.984874269333797736e-01 9.987532805572385541e-01 9.978899270208437811e-01 9.931648252696194668e-01 9.682287086958165645e-01 6.909091732895714655e-01
3.580486076759376718e-02 1.450727008167414789e-01 9.096534211806897030e-01 9.912981981006939725e-01 9.964058919698197681e-01 9.984344181937517826e-01 9.986755017330261053e-01 9.977054018300759441e-01 9.924153314360951716e-01 9.651743670998836899e-01 6.889843245784073034e-01
4.745008549091410399e-02 1.707586654733402043e-01 9.215004183961865714e-01 9.915174829075895646e-01 9.963597041254809161e-01 9.983640012012507947e-01 9.985817054012170457e-01 9.974881420848742408e-01 9.915738446065704981e-01 9.618593990145833938e-01 6.870518429816553363e-01
6.183906082924105208e-02 1.976542069069858465e-01 9.308029394275160184e-01 9.916160082394537278e-01 9.962717604921103032e-01 9.982751988930288478e-01 9.984702327942862610e-01 9.972339653181628849e-01 9.906403063683324461e-01 9.582905423026218950e-01 6.850705172405575638e-01
7.911058808728749225e-02 2.252872775271148875e-01 9.380270603725492373e-01 9.916106923545497942e-01 9.961423941387201886e-01 9.981665756758966168e-01 9.983392083790310068e-01 9.969385966736119542e-01 9.896171944184900537e-01 9.544739797430048522e-01 6.829998300412088996e-01
9.922263927702008879e-02 2.532246340195759560e-01 9.435700437259825213e-01 9.915116588018739741e-01 9.959702064379160058e-01 9.980363174968577278e-01 9.981866189508259435e-01 9.965979271938901762e-01 9.885089300573967064e-01 9.504124799158766290e-01 6.808045805544860052e-01
1.219428064041886001e-01 2.811004941994004191e-01 9.477568225309721539e-01 9.913237405084124321e-01 9.957522811580449273e-01 9.978823130526043306e-01 9.980104160268381541e-01 9.962083083113441040e-01 9.873207006164214095e-01 9.461029669416507470e-01 6.784584738840827578e-01
1.468803201539914394e-01 3.086297577194296315e-01 9.508445879758617991e-01 9.910474822875214862e-01 9.954843231376843127e-01 9.977022466717159199e-01 9.978086409246891275e-01 9.957668292060151138e-01 9.860568837929276631e-01 9.415350338395450658e-01 6.759463886533157995e-01
1.735521876717018575e-01 3.356068924006398446e-01 9.530312732394499164e-01 9.906797945135066286e-01 9.951607623920867285e-01 9.974937105919138292e-01 9.975795618643811258e-01 9.952715031249738109e-01 9.847194031134631764e-01 9.366906737490218182e-01 6.732652713965180391e-01
2.014629132303241421e-01 3.618945383508944680e-01 9.544651125876659759e-01 9.902143718908108516e-01 9.947748646121841176e-01 9.972543397423652145e-01 9.973217991617366884e-01 9.947212881509752691e-01 9.833063695314362418e-01 9.315452231281318163e-01 6.704238044672351515e-01
2.301739232555889969e-01 3.874068656452588910e-01 9.552537008784075523e-01 9.896419692249813771e-01 9.943188921530382585e-01 9.969819644453101759e-01 9.970344017179051388e-01 9.941158956517832657e-01 9.818112634095474967e-01 9.260692812767779003e-01 6.674411212008782845e-01
2.593460487910571599e-01 4.120920694880971791e-01 9.554718581474217487e-01 9.889506169260675605e-01 9.937843620908604070e-01 9.966747648019370631e-01 9.967168323712315425e-01 9.934553910335414129e-01 9.802227378404526625e-01 9.202312363495765979e-01 6.643448913315985749e-01
2.887507788784558493e-01 4.359169654518613157e-01 9.551681349082916661e-01 9.881258590010815190e-01 9.931624438838451141e-01 9.963313954737103018e-01 9.963688289000113274e-01 9.927396477140685294e-01 9.785249566073750405e-01 9.139999915673694408e-01 6.611690845627972157e-01
3.182565785717585971e-01 4.588551913799641113e-01 9.543700736829613396e-01 9.871511008895542671e-01 9.924445207313300488e-01 9.959510344907888113e-01 9.959901346966191227e-01 9.919677527765572433e-01 9.766982751611023028e-01 9.073475269795970855e-01 6.579516651697342455e-01
3.478015513387755497e-01 4.808793961853791155e-01 9.530884669648853613e-01 9.860081565516543023e-01 9.916228985013665342e-01 9.955333017816562213e-01 9.955801318629574626e-01 9.911374665123182659e-01 9.747200478751616437e-01 9.002510269660686237e-01 6.547324013251575314e-01
3.773633047159725695e-01 5.019570741395448232e-01 9.513208896750664501e-01 9.846780730131485804e-01 9.906915828819768954e-01 9.950780020890525046e-01 9.951374438808138212e-01 9.902448094788283139e-01 9.725653850246006593e-01 8.926944258691877909e-01 6.515509087535693578e-01
4.069333564289680516e-01 5.220493280859019869e-01 9.490547751204774229e-01 9.831422723472829084e-01 9.896469716086541135e-01 9.945846803132546432e-01 9.946595882052899906e-01 9.892838051686417833e-01 9.702077596460778608e-01 8.846693470886721755e-01 6.484449984302014247e-01
4.364991790796142190e-01 5.411117254399964160e-01 9.462702659517766568e-01 9.813839733123669307e-01 9.884882537055444951e-01 9.940520328273280137e-01 9.941427441225656469e-01 9.882463635603542240e-01 9.676194470379524404e-01 8.761755106341378996e-01 6.454493623704715688e-01
4.660335756553353193e-01 5.590964599998551332e-01 9.429430108789418341e-01 9.793897358190953861e-01 9.872173098127263735e-01 9.934772789693560036e-01 9.935816654282855209e-01 9.871222651258469982e-01 9.647718423175756230e-01 8.672207449481954544e-01 6.425946053079693021e-01
4.954891649747609761e-01 5.759551748812278271e-01 9.390469941311957447e-01 9.771508330185803004e-01 9.858379915702892848e-01 9.928556352850939071e-01 9.929697272129001107e-01 9.858992009301797976e-01 9.616357285979041380e-01 8.578207569834616075e-01 6.399066082458215732e-01
5.247953236467249871e-01 5.916419762256145409e-01 9.345573810907884527e-01 9.746640514855396953e-01 9.843548112215785295e-01 9.921800274481489268e-01 9.922990662749643365e-01 9.845628378850563855e-01 9.581815592028549711e-01 8.479987965977621167e-01 6.374061902750666198e-01
5.538555704421889159e-01 6.061163320799255461e-01 9.294532534171108251e-01 9.719315232498666468e-01 9.827712411907000289e-01 9.914411167018432058e-01 9.915607623751276911e-01 9.830968993216907537e-01 9.543797854908108169e-01 8.377853099086107758e-01 6.351090188679100468e-01
5.825445690044595004e-01 6.193456857401847815e-01 9.237200159171583547e-01 9.689593594035397217e-01 9.810879373780942991e-01 9.906276290421150987e-01 9.907450113599264307e-01 9.814832692236756806e-01 9.502012277740138346e-01 8.272176255018134361e-01 6.330257092676531139e-01
6.107052391777959555e-01 6.313077141299154871e-01 9.173512171933888570e-01 9.657551693572452578e-01 9.793012129893666762e-01 9.897268905512413006e-01 9.898412551514319535e-01 9.797021359226300019e-01 9.456174672016958160e-01 8.163396698700360332e-01 6.311620534289156259e-01
6.381476168201496435e-01 6.419922328042287907e-01 9.103495594973913807e-01 9.623249056786278288e-01 9.774020046403149031e-01 9.887254223927111063e-01 9.888382508343120936e-01 9.777321853867543267e-01 9.406012369806435736e-01 8.052016730067281802e-01 6.295193285923629256e-01
6.646518299805646013e-01 6.514027919847759085e-01 9.027269777034283571e-01 9.586697130903348851e-01 9.753754350511300020e-01 9.876094477606436328e-01 9.877240759643391987e-01 9.755508389495765043e-01 9.351268065430389242e-01 7.938598057553060139e-01 6.280946522641915886e-01
6.899775222565556199e-01 6.595580199251762643e-01 8.945038112923673346e-01 9.547834633091570877e-01 9.732009456465752217e-01 9.863652036987393679e-01 9.864860764622893630e-01 9.731345131124196079e-01 9.291703714521390989e-01 7.823756868009521526e-01 6.268813691425109136e-01
7.138808727009219313e-01 6.664927452141550246e-01 8.857072327023605141e-01 9.506514251399611481e-01 9.708528882188240949e-01 9.849790125453802281e-01 9.851107665711098527e-01 9.704588682162577085e-01 9.227104755060270280e-01 7.708157056584342692e-01 6.258694710383139181e-01
7.361379531890994699e-01 6.722588652599474912e-01 8.763692008378387577e-01 9.462501703708906531e-01 9.683014354939779578e-01 9.834371276590414546e-01 9.835836895926438617e-01 9.674990136334035151e-01 9.157284953556408258e-01 7.592501246760627875e-01 6.250460591668475230e-01
7.565702003345824433e-01 6.769258314551670486e-01 8.665242780735813444e-01 9.415485103966982905e-01 9.655136785186263504e-01 9.817254096922639617e-01 9.818892472509538338e-01 9.642296499720078851e-01 9.082092127358948330e-01 7.477519451678865670e-01 6.243958579460490155e-01
7.750657505597388086e-01 6.805805175124743922e-01 8.562076932838305066e-01 9.365091049086221586e-01 9.624547993596483941e-01 9.798289075305914864e-01 9.800105077676753984e-01 9.606251492280638571e-01 9.001414884017555629e-01 7.363955487889713991e-01 6.239017818609803312e-01
7.915908009301374504e-01 6.833261703348125771e-01 8.454540452719183641e-01 9.310903968244156337e-01 9.590892241904688253e-01 9.777314161143738636e-01 9.779290088857712782e-01 9.566595951074440274e-01 8.915190383155660037e-01 7.252551534803930444e-01 6.235455451667549776e-01
8.061882475429927863e-01 6.852801636172631827e-01 8.342969844156044035e-01 9.252486456695980799e-01 9.553816720468805146e-01 9.754150706210874544e-01 9.756245800339484742e-01 9.523068217789346646e-01 8.823412985352915294e-01 7.144031502921508459e-01 6.233082920880679278e-01
8.189650821914569168e-01 6.865704152743044020e-01 8.227700464449743123e-01 9.189399684206107644e-01 9.512980259379096859e-01 9.728600215291294262e-01 9.730752137439492300e-01 9.475404968797621619e-01 8.726143514493979181e-01 7.039084078859932925e-01 6.231712161967043473e-01
8.300731576182924787e-01 6.873305766374876447e-01 8.109085453948886579e-01 9.121223861710315850e-01 9.468059744917900478e-01 9.700442227995007549e-01 9.702570168802566730e-01 9.423342937667924524e-01 8.623518728305897829e-01 6.938346402947198621e-01 6.231161340138710036e-01
8.396886836420218714e-01 6.876943860161492950e-01 7.987521347928039361e-01 9.047578928340155313e-01 9.418754072671610134e-01 9.669433563375715579e-01 9.671442660147788750e-01 9.366621910322660005e-01 8.515760469059961979e-01 6.842389280376823812e-01 6.231259801861938064e-01
8.479945240804368511e-01 6.877898034780836056e-01 7.863474308464779572e-01 8.968145241876848139e-01 9.364785910943780323e-01 9.635309080446811114e-01 9.637095799432295884e-01 9.304989268333483388e-01 8.403183855999661889e-01 6.751704647895299116e-01 6.231851989535378555e-01
8.551672701920893793e-01 6.877336252449766096e-01 7.737500521155102895e-01 8.882683491043880109e-01 9.305901989294329546e-01 9.597784022153635908e-01 9.599242093220765604e-01 9.238206234661265892e-01 8.286203788488661903e-01 6.666695770944726096e-01 6.232800172239846281e-01
8.613692699182683432e-01 6.876271880357335275e-01 7.610255846801460278e-01 8.791052658051855540e-01 9.241872961285372279e-01 9.556557915041055118e-01 9.557584323500279977e-01 9.166055846690199793e-01 8.165338965406131466e-01 6.587670400475504895e-01 6.233985962098401723e-01
8.667447554964679002e-01 6.875535536186458963e-01 7.482492633473648569e-01 8.693224832398683821e-01 9.172494035919087629e-01 9.511319904356501098e-01 9.511820387943834554e-01 9.088352546374965923e-01 8.041212612200625554e-01 6.514836927541096667e-01 6.235310692774977959e-01
8.714188719973832153e-01 6.875762899282403806e-01 7.355044566103592363e-01 8.589295990196101904e-01 9.097587491401155635e-01 9.461755331211182396e-01 9.461648832441369450e-01 9.004953139625445635e-01 7.914549169773614778e-01 6.448303456764233887e-01 6.236694820062492761e-01
8.754984953663242919e-01 6.877397180336191074e-01 7.228802582532626309e-01 8.479492345617271054e-01 9.017007890517690916e-01 9.407553315341061762e-01 9.406774916822537858e-01 8.915768742988862128e-01 7.786166364752348246e-01 6.388079663239908390e-01 6.238076557171087222e-01
8.790739882965348251e-01 6.880703273804268383e-01 7.104685770238263753e-01 8.364172362987621900e-01 8.930650365774533972e-01 9.348415097178855993e-01 9.346917121191843369e-01 8.820777215478238231e-01 7.656962359184249500e-01 6.334081269596966157e-01 6.239409978489124375e-01
8.822213199872492861e-01 6.885789909202347792e-01 6.983610899552479268e-01 8.243824858242695397e-01 8.838461820764176302e-01 9.284062916947261046e-01 9.281814089155417946e-01 8.720035480334569211e-01 7.527898053244834742e-01 6.286136949194138790e-01 6.240662819358181457e-01
8.850042031300471290e-01 6.892636222506314247e-01 6.866463311827257776e-01 8.119063771633300286e-01 8.740454399028344534e-01 9.214249268466371268e-01 9.211232105055630059e-01 8.613691089851314153e-01 7.399975042589568286e-01 6.243997409345082295e-01 6.241814172716489972e-01
8.874760628380191640e-01 6.901119782404089298e-01 6.754070779178401596e-01 7.990620179724950978e-01 8.636720190923840024e-01 9.138766463392458128e-01 9.134973304275152417e-01 8.501992387253692884e-01 7.274210148401955012e-01 6.207346333422343321e-01 6.242852244234536885e-01
8.896817560389133073e-01 6.911043908814670234e-01 6.647181049646122553e-01 7.859331981825153912e-01 8.527445943138041162e-01 9.057456572290764063e-01 9.052884903800343386e-01 8.385296675145430534e-01 7.151607776448720699e-01 6.175812773985926984e-01 6.243772283247214228e-01
8.916590212566004592e-01 6.922162872561270497e-01 6.546443239272936587e-01 7.726131493050431009e-01 8.412926523153072544e-01 8.970221951335440869e-01 8.964869793273032572e-01 8.264075897995268871e-01 7.033131570421308210e-01 6.148984507821657619e-01 6.244574763465907674e-01
8.934396719600399273e-01 6.934204140848680975e-01 6.452393011798989164e-01 7.592030946579241268e-01 8.293576042047720032e-01 8.877036677552050392e-01 8.870898817298630279e-01 8.138919458368405468e-01 6.919676880561349552e-01 6.126421804381311231e-01 6.245263849415365609e-01
8.950505626251341607e-01 6.946887216218774475e-01 6.365441488693747152e-01 7.458105693463062957e-01 8.169935779060301106e-01 8.777959245975809344e-01 8.771024976196173384e-01 8.010533873426260998e-01 6.812045476424013479e-01 6.107671033462152010e-01 6.245846154214439450e-01
8.965143626705246449e-01 6.959938859569390068e-01 6.285867929683671695e-01 7.325474734859950265e-01 8.042678278609980413e-01 8.673146767105328614e-01 8.665399541071771017e-01 7.879738998856925525e-01 6.710923721255285246e-01 6.092277552117792983e-01 6.246329772495220478e-01
8.978501740397235586e-01 6.973104664132896424e-01 6.213816313705409211e-01 7.195278173800416788e-01 7.912607104872125818e-01 8.562870586145313601e-01 8.554289687535973075e-01 7.747460474733639524e-01 6.616865136883539611e-01 6.079797365336424564e-01 6.246723558448719071e-01
8.990740260633698355e-01 6.986157111314320600e-01 6.149295970902082242e-01 7.068651269259055292e-01 7.780651677926306853e-01 8.447532690101184905e-01 8.438096677164115267e-01 7.614717885065654945e-01 6.530277968798497978e-01 6.069807145790024894e-01 6.247036611875363965e-01
9.001992778718888033e-01 6.998900408111924376e-01 6.092186349079881102e-01 6.946695039173468311e-01 7.647856389646672248e-01 8.327681479060849989e-01 8.317372862227163655e-01 7.482607919625728909e-01 6.451418056146255298e-01 6.061912316684062718e-01 6.247277932982568949e-01
9.012369549237051469e-01 7.011172564278999042e-01 6.042245857778770768e-01 6.830443801691908901e-01 7.515362915797170196e-01 8.204024530379380176e-01 8.192834925444731908e-01 7.352281689140031107e-01 6.380387058899597008e-01 6.055753036757109964e-01 6.247456207778169235e-01
9.021960426000813493e-01 7.022845285343074506e-01 5.999124552612569161e-01 6.720830659136857177e-01 7.384384509443329137e-01 8.077435062932956100e-01 8.065369963300480505e-01 7.224915429841626269e-01 6.317135918494510838e-01 6.051008063978261520e-01 6.247579688837699985e-01
9.030837562755404946e-01 7.033822308056996153e-01 5.962380234043418437e-01 6.618652680878546191e-01 7.256171339958297217e-01 7.948948220964594524e-01 7.936030571258062549e-01 7.101674312471094597e-01 6.261473328138469352e-01 6.047396600575536407e-01 6.247656140074741016e-01
9.039058033381320856e-01 7.044036775466572253e-01 5.931497355114917491e-01 6.524538336887825141e-01 7.131966851056920076e-01 7.819743434997543652e-01 7.806015365872297496e-01 6.983670057551847332e-01 6.213078930922619758e-01 6.044678325336414471e-01 6.247692818589157815e-01
9.046666476098604859e-01 7.053448146243511685e-01 5.905907960177971816e-01 6.438920397570929710e-01 7.012956698315362392e-01 7.691110330371951909e-01 7.676632709829145362e-01 6.871914510609749005e-01 6.171520883732282137e-01 6.042651893047290557e-01 6.247696471815463726e-01
9.053697800507388704e-01 7.062038981823589578e-01 5.885013703256543049e-01 6.362017794392081926e-01 6.900213852362635514e-01 7.564398051299097148e-01 7.549247874807086811e-01 6.767272972443821866e-01 6.136277251442276981e-01 6.041152224442967178e-01 6.247673334263498246e-01
9.060179918628173956e-01 7.069811791996295502e-01 5.868207827718747716e-01 6.293829566726129032e-01 6.794645372064438416e-01 7.440951131595995305e-01 7.425217141873466931e-01 6.670422412952056179e-01 6.106760390668654059e-01 6.040046926489611723e-01 6.247629115073375372e-01
