2.529217781064877095e-06 3.226859927118144218e-05 2.416039064667957329e-04 5.910035876927583831e-04 1.091136562872908802e-03 1.954980425937040672e-03 3.830521215119801672e-03 9.227051634143142514e-03 2.071253961036352564e-02 4.567549996725063510e-02 9.381682248640720034e-02
2.985956993047408046e-06 4.071556230729410342e-05 3.050422175410318982e-04 7.468095817264293682e-04 1.380734658964387828e-03 2.478957289589313849e-03 4.871468253274350603e-03 1.176217366609628133e-02 2.624839600956935942e-02 5.656081807011366369e-02 1.092303739739701740e-01
3.665018646987877311e-06 5.137307911051381879e-05 3.851959036394281646e-04 9.440443583605489207e-04 1.748433100445568071e-03 3.146732369034037011e-03 6.201525271429224849e-03 1.498149736589479523e-02 3.309299871052825276e-02 6.926830123632665703e-02 1.254509233895499121e-01
4.572723283424076506e-06 6.481902532473538187e-05 4.865036736177064829e-04 1.193926269943895897e-03 2.215919916639013179e-03 3.999070268448414074e-03 7.900793767454148547e-03 1.904603906296366972e-02 4.143953888710422834e-02 8.378760419159456130e-02 1.421503149496177454e-01
5.742943181798775301e-06 8.178209121414212592e-05 6.146022558458547102e-04 1.510815203051700225e-03 2.811137572632388133e-03 5.088409050410964800e-03 1.006909159251925118e-02 2.413668438469228697e-02 5.145456862701985878e-02 1.000060880173322120e-01 1.589872529027963055e-01
7.231210206740887302e-06 1.031809204715696096e-04 7.766593818177345123e-04 1.913131783267943550e-03 3.570091144083285296e-03 6.481814549647318784e-03 1.282842062067489526e-02 3.044667032585562927e-02 6.325468142382184578e-02 1.177061697904568938e-01 1.756360504514893062e-01
9.113805658387990932e-06 1.301732984866025157e-04 9.818027298041560619e-04 2.424546640570898054e-03 4.539088445989421759e-03 8.264231395225104734e-03 1.632413013300257690e-02 3.816909235644310588e-02 7.688344407195729646e-02 1.365761494112906205e-01 1.918104147464203824e-01
1.148982434812952860e-05 1.642178830292047461e-04 1.241672227746565618e-03 3.075502973853504272e-03 5.777414633202771280e-03 1.054170084501095117e-02 2.072375755041410902e-02 4.747947774640921131e-02 9.229294889282833869e-02 1.562333162819314614e-01 2.072794308677790298e-01
1.448532256330137415e-05 2.071515380364039320e-04 1.571129062038217330e-03 3.905131421993860916e-03 7.360354466181450589e-03 1.344395796036086665e-02 2.621240259588572888e-02 5.851465833084058127e-02 1.093343152478126190e-01 1.762554047900647680e-01 2.218750264020341867e-01
1.825923266522058499e-05 2.612859888975266266e-04 1.989159821439900368e-03 4.963592900743339469e-03 9.382327410455150105e-03 1.712551719911624068e-02 3.298361496806629517e-02 7.135053306289305952e-02 1.277601304266536286e-01 1.962148675842803613e-01 2.354919568291306275e-01
2.301102750243742097e-05 3.295282529656117215e-04 2.520016163844467864e-03 6.314829695945718691e-03 1.195968719063775221e-02 2.176407448215166365e-02 4.122527615456832162e-02 8.598241526211025665e-02 1.472394132680908962e-01 2.157103987135036982e-01 2.480823671649205753e-01
2.899027750882230998e-05 4.155300751345630686e-04 3.194625467701665139e-03 8.039602743174072488e-03 1.523247094675422159e-02 2.755491642419019560e-02 5.110088782090566745e-02 1.023120254809229274e-01 1.673829248217539867e-01 2.343914788876138855e-01 2.596472385449345444e-01
3.650832258203601743e-05 5.238723382589763724e-04 4.052290588317792978e-03 1.023853091048942780e-02 1.936410995696295420e-02 3.470019675508952822e-02 6.272794551072695401e-02 1.201444780600919027e-01 1.877744533505945335e-01 2.519737995103742412e-01 2.702267364129073424e-01
4.595230147851485809e-05 6.602909835642979414e-04 5.142659988169764711e-03 1.303462387241265293e-02 2.453792496429012607e-02 4.339257334138005989e-02 7.615638190114827621e-02 1.391968347512007320e-01 2.080027626191344736e-01 2.682455095931121081e-01 2.798909224478069446e-01
5.780174266717495458e-05 8.319511411039588571e-04 6.527885660392584999e-03 1.657453398918788678e-02 3.094925764670915583e-02 5.379385940081458234e-02 9.135095496277029214e-02 1.591174106035616043e-01 2.276893896202694945e-01 2.830657741738151212e-01 2.887317052735718925e-01
7.264780586854160027e-05 1.047775594789886753e-03 8.284790183226514032e-03 2.102750070188822915e-02 3.879248155816954896e-02 6.601089090370278190e-02 1.081814756369281344e-01 1.795127519250944992e-01 2.465090490332254580e-01 2.963579183692793273e-01 2.968564183036667692e-01
9.121504403776204372e-05 1.318831919161005031e-03 1.050673738257475696e-02 2.658082369801369194e-02 4.824298516831751482e-02 8.007234684991282325e-02 1.264236812350437722e-01 1.999777784967972094e-01 2.642013868259128206e-01 3.080995315954715985e-01 3.043830725004487703e-01
1.143851926540230345e-04 1.658779032550998555e-03 1.330475732094765773e-02 3.343081447572943121e-02 5.943548101942334322e-02 9.591117918159876299e-02 1.457715294407652962e-01 2.201243771573528629e-01 2.805745903243496708e-01 3.183115523953249926e-01 3.114371275577139109e-01
1.432219424426121944e-04 2.084367860941268094e-03 1.680734721298741269e-02 4.176867404722352933e-02 7.244141269445919518e-02 1.133570444998823756e-01 1.658592827474515696e-01 2.396046693109080417e-01 2.955025238039496460e-01 3.270477988509139511e-01 3.181495225359595724e-01
1.789948709394467024e-04 2.615981732994376429e-03 2.115830575073666259e-02 5.176168936188482034e-02 8.724934878222885548e-02 1.321414626848368135e-01 1.862897354719332543e-01 2.581267971410297624e-01 3.089175362465718111e-01 3.343858459891841939e-01 3.246556677533219970e-01
2.231996719018630748e-04 3.278189806207673900e-03 2.651202087595454920e-02 6.353143730948078438e-02 1.037525506398023906e-01 1.519157149030031795e-01 2.066639277241035799e-01 2.754628017423919051e-01 3.208010181238792335e-01 3.404196885227906422e-01 3.310950913927452888e-01
2.775705421918929863e-04 4.100271733697314659e-03 3.302587378490619979e-02 7.713202718997726193e-02 1.217470373456775445e-01 1.722786003877827543e-01 2.266079136640730962e-01 2.914495364455805260e-01 3.311733917266716509e-01 3.452543013770189573e-01 3.376114337977274560e-01
3.440791445315930300e-04 5.116655492738566430e-03 4.084986088874035387e-02 9.253232463524441176e-02 1.409415129453242266e-01 1.928090947728656468e-01 2.457933716727278839e-01 3.059843491613020716e-01 3.400847140253576706e-01 3.490020129498251356e-01 3.443524758719997969e-01
4.249131461272821655e-04 6.367195754750327313e-03 5.011412040292636400e-02 1.096061028171267798e-01 1.609780003092292910e-01 2.130983450295672876e-01 2.639505383312940601e-01 3.190174921872726554e-01 3.476065956433359028e-01 3.517805071738990264e-01 3.514698695053135591e-01
5.224262588565649693e-04 7.897211626685772187e-03 6.091565489084545953e-02 1.281329221885443015e-01 1.814597510772043842e-01 2.327763253022219203e-01 2.808735626870977886e-01 3.305430332173600605e-01 3.538257656194559453e-01 3.537122357978839116e-01 3.591182092293120909e-01
6.390514527292153000e-04 9.757204913963079054e-03 7.330598791219522514e-02 1.478104408659263458e-01 2.019816993881861367e-01 2.515303390807101525e-01 2.964195348544471642e-01 3.405896427710406460e-01 3.588393562462455222e-01 3.549250209707784931e-01 3.674530552141635487e-01
7.771701979022375539e-04 1.200219739794068999e-02 8.728161363055740585e-02 1.682764189979187586e-01 2.221587245499158370e-01 2.691146368608761663e-01 3.105030159199377859e-01 3.492121839923195692e-01 3.627518310221706788e-01 3.555536351663259320e-01 3.766275075230571812e-01
9.389339035476873844e-04 1.469065958876319446e-02 1.027788067561824226e-01 1.891366936897546369e-01 2.416481095527017731e-01 2.853521035586939480e-01 3.230879595081472266e-01 3.564846332052954425e-01 3.656734043538164003e-01 3.557421408916195404e-01 3.867869698276828472e-01
1.126039794054982260e-03 1.788305140640856702e-02 1.196737001568025788e-01 2.099944777439846921e-01 2.601643028735944885e-01 3.001299537958122543e-01 3.341786456026290542e-01 3.624945587535907676e-01 3.677197751002435067e-01 3.556467402278845058e-01 3.980618658113812547e-01
1.339472645267130281e-03 2.164004986989171569e-02 1.377876744618928562e-01 2.304766486780207846e-01 2.774858124892749522e-01 3.133916642068634295e-01 3.438108289346226143e-01 3.673391862746935854e-01 3.690129917009832838e-01 3.554388103169550672e-01 4.105583230639568426e-01
1.579235879716027035e-03 2.602058914483068586e-02 1.568972635562713436e-01 2.502539599488520783e-01 2.934553506522563637e-01 3.251271649345590098e-01 3.520438765373979928e-01 3.711229637596524245e-01 3.696832631425859272e-01 3.553076750750548407e-01 4.243472431575496806e-01
1.844109385963775289e-03 3.107987254878408212e-02 1.767471631911676777e-01 2.690537801469472523e-01 3.079750354006198232e-01 3.353628497423462584e-01 3.589543108865883014e-01 3.739564846393318986e-01 3.698715095042577339e-01 3.554624828663400793e-01 4.394527195856816060e-01
2.131484818249907830e-03 3.686752570115017780e-02 1.970646491337045836e-01 2.866655120721461336e-01 3.209985942815283266e-01 3.441524440923646733e-01 3.646309148519683574e-01 3.759566066289961594e-01 3.697323926201947497e-01 3.561323382274970695e-01 4.558413663054813880e-01
2.437338538280625199e-03 4.342604222498379352e-02 2.175737696359829054e-01 3.029399224039366900e-01 3.325222820703519488e-01 3.515693145027314892e-01 3.691713884500776865e-01 3.772475959352066255e-01 3.694374678892515806e-01 3.575636172117547806e-01 4.734146123148299523e-01
2.756403322135572275e-03 5.078963235363351258e-02 2.380079924725009011e-01 3.177841291638945909e-01 3.425758112932005273e-01 3.577004614845873398e-01 3.726804551814097977e-01 3.779631115972302280e-01 3.691779430655910965e-01 3.600132718545370758e-01 4.920061691428232464e-01
3.082587947308934768e-03 5.898352988732708663e-02 2.581204375255318206e-01 3.311540370646730569e-01 3.512141537212393749e-01 3.626422157979938277e-01 3.752692729351856937e-01 3.782488063722390104e-01 3.691663199116372862e-01 3.637370470743217510e-01 5.113864673170037678e-01
3.409665776728279876e-03 6.802375590954863604e-02 2.776912943475643436e-01 3.430457519222294693e-01 3.585106925334851646e-01 3.664975326537124878e-01 3.770559875386295667e-01 3.782652435211297237e-01 3.696359524690688292e-01 3.689720777497202397e-01 5.312748056386279449e-01
3.732210008362842231e-03 7.791728921846173550e-02 2.965324250749937218e-01 3.534871154698622786e-01 3.645519243276528765e-01 3.693747218050817960e-01 3.781672555715226980e-01 3.781907006883649669e-01 3.708373418141226452e-01 3.759144546021431221e-01 5.513584413275453011e-01
4.046700321675708069e-03 8.866256073613432154e-02 3.144894426147695210e-01 3.625301064621660463e-01 3.694337274934130777e-01 3.713874351362835280e-01 3.787405395307381073e-01 3.782232473995692512e-01 3.730299156097936497e-01 3.846940242561716072e-01 5.713162982684768521e-01
4.352675093499501838e-03 1.002501747890172518e-01 3.314417244211478319e-01 3.702445228893589402e-01 3.732591101726016047e-01 3.726557335739347221e-01 3.789269274371172003e-01 3.785812522928486135e-01 3.764682810040751448e-01 3.953505756187954967e-01 5.908438855284992020e-01
4.653770842624816058e-03 1.126637624165311019e-01 3.473008897388819016e-01 3.767131184025858670e-01 3.761373025160515415e-01 3.733080525397559080e-01 3.788941371837873939e-01 3.795012416468638849e-01 3.813826803026088008e-01 4.078169388820455099e-01 6.096757253237810037e-01
4.958490515374113471e-03 1.258808862349796442e-01 3.620082605175219959e-01 3.820282100984626616e-01 3.781840400744883035e-01 3.734838634562480664e-01 3.788292237594742540e-01 3.812318818713786306e-01 3.879547324042858514e-01 4.219144873370939131e-01 6.276021178744558560e-01
5.280581290311656129e-03 1.398739372843072759e-01 3.755317722721165374e-01 3.862896870358945023e-01 3.795228766486922201e-01 3.733367735816734978e-01 3.789403140938408243e-01 3.840229432436444434e-01 3.962913942449522442e-01 4.373644963311978384e-01 6.444782231729191402e-01
5.638974823602867920e-03 1.546109865802783034e-01 3.878627253820964293e-01 3.896043073115807442e-01 3.802873473041343821e-01 3.730377048999150014e-01 3.794564669343580832e-01 3.881086080037257080e-01 4.064019494453887660e-01 4.538150272250979222e-01 6.602249249826690480e-01
6.057329995102197877e-03 1.700565739168325707e-01 3.990126870959948002e-01 3.920861548173124600e-01 3.806237589832492940e-01 3.727776359100650194e-01 3.806245432118742777e-01 3.936855687479223764e-01 4.181839061390081325e-01 4.708787085795830274e-01 6.748224312126506197e-01
6.563295851784097489e-03 1.861724313634835204e-01 4.090107802126401459e-01 3.938581156644638814e-01 3.806943021783392167e-01 3.727691786179669342e-01 3.827018723686820834e-01 4.008880135723724703e-01 4.314230865441410212e-01 4.881737207614433305e-01 6.882987148323578275e-01
7.187659572032105600e-03 2.029181475776805077e-01 4.179015304867174652e-01 3.950542111799126288e-01 3.806800402753997004e-01 3.732460183680803567e-01 3.859436621881584539e-01 4.097634899081702420e-01 4.458105045569883962e-01 5.053597559147570140e-01 7.007154450054581263e-01
7.963551061921331914e-03 2.202517809663691872e-01 4.257433912031375334e-01 3.958225726857936277e-01 3.807831387875068030e-01 3.744590254508958771e-01 3.905847052583704682e-01 4.202550970624915894e-01 4.609743765508515501e-01 5.221628412428221955e-01 7.121539307638710126e-01
8.925845746388693866e-03 2.381304248643657528e-01 4.326080167266952436e-01 3.963287468159839566e-01 3.812274571235650389e-01 3.766677693920740810e-01 3.968161227211387532e-01 4.321956216008736029e-01 4.765212730892740556e-01 5.383865954462617731e-01 7.227029593535495566e-01
1.011085329024323173e-02 2.565107167183265924e-01 4.385803113210312576e-01 3.967588648515881222e-01 3.822563849175702466e-01 3.801264063379716229e-01 4.047596153907364047e-01 4.453174944089446918e-01 4.920778005456772353e-01 5.539111404253220794e-01 7.324495513249994483e-01
1.155631830747548203e-02 2.753492669113212776e-01 4.437592273272142895e-01 3.973219887935775518e-01 3.841266561510440769e-01 3.850636754782466031e-01 4.144435928320102658e-01 4.592789190531278987e-01 5.073244421021274597e-01 5.686832705498734430e-01 7.414728574423926633e-01
1.330170267654351424e-02 2.946029634318813595e-01 4.482592186213997243e-01 3.982506721180273934e-01 3.870969678269748915e-01 3.916581727140774905e-01 4.257868732976706760e-01 4.737021884218997059e-01 5.220160889784500879e-01 5.827021763377875363e-01 7.498408634184904331e-01
1.538867553790428111e-02 3.142290894119031397e-01 4.522121614659987410e-01 3.997984914066730622e-01 3.914107546851122721e-01 4.000120646454918827e-01 4.385954757583714891e-01 4.882166387056651735e-01 5.359879751874188081e-01 5.960043680550418665e-01 7.576092919750356813e-01
1.786170904020201178e-02 3.341851762954948790e-01 4.557694277680016115e-01 4.022331201560611080e-01 3.972735828926466373e-01 4.101284277493290609e-01 4.525757833028531962e-01 5.024973353491554162e-01 5.491494769123472786e-01 6.086501401496781094e-01 7.648220450183337293e-01
2.076866478752513109e-02 3.544285118575664084e-01 4.591036343228885874e-01 4.058236028490946889e-01 4.048273136060854815e-01 4.218984640701194944e-01 4.673633616184586503e-01 5.162920359234890455e-01 5.614703816961937877e-01 6.207126031286083201e-01 7.715126158854487270e-01
2.416125543243254764e-02 3.749152357858238083e-01 4.624094088187610807e-01 4.108210749776716741e-01 4.141251262835443647e-01 4.351038946362404403e-01 4.825623157810351449e-01 5.294326202476278276e-01 5.729645239516859556e-01 6.322693642209429310e-01 7.777060326405504931e-01
2.809527489317953028e-02 3.955989917966048486e-01 4.659023454620453975e-01 4.174334664125309846e-01 4.251129874473510428e-01 4.494364624471760550e-01 4.977870785412381593e-01 5.418315178973591717e-01 5.836746045721008525e-01 6.433964572575161522e-01 7.834210123766025546e-01
3.263050585336526449e-02 4.164291677744820785e-01 4.698152369447881616e-01 4.257967358604435315e-01 4.376233184053755498e-01 4.645315867512074259e-01 5.126982217855819979e-01 5.534671020008269382e-01 5.936603343966120327e-01 6.541640123073063640e-01 7.886720952532028095e-01
3.783023136503570194e-02 4.373488434023307669e-01 4.743907598354564215e-01 4.359475350548993045e-01 4.513848167479619367e-01 4.800088513268319645e-01 5.270262745762780421e-01 5.643636189756481292e-01 6.029904409822381961e-01 6.646332521268177862e-01 7.934715918128909529e-01
4.376029645778327370e-02 4.582926707557993251e-01 4.798701561012231331e-01 4.478040204885729292e-01 4.660487315107887385e-01 4.955102528466987510e-01 5.405814163315869614e-01 5.745709614842223756e-01 6.117379559294834346e-01 6.748545555938282314e-01 7.978312309560257054e-01
5.048768552019038125e-02 4.791850213133921899e-01 4.864781458545768822e-01 4.611616557324598742e-01 4.812274498287787972e-01 5.107287225833397892e-01 5.532506524261334713e-01 5.841480850241889122e-01 6.199776717617156985e-01 6.848664440005631793e-01 8.017634466305348928e-01
5.807860389062727280e-02 4.999388173814883762e-01 4.944052622960485310e-01 4.757084211254193895e-01 4.965377031372031902e-01 5.254233412067995657e-01 5.649864516245509671e-01 5.931519173919189702e-01 6.277846373145102854e-01 6.946953912071174297e-01 8.052822883640399221e-01
6.659608104708485132e-02 5.204554943619793539e-01 5.037897963610290519e-01 4.910590495588798010e-01 5.116395180237024443e-01 5.394219044778084671e-01 5.757914543595376022e-01 6.016318569465987087e-01 6.352328633270439839e-01 7.043563451889026661e-01 8.084039788734730392e-01
7.609715136544638325e-02 5.406264788679949751e-01 5.147022259411788703e-01 5.068022651439756388e-01 5.262636849662276628e-01 5.526143880319732693e-01 5.857031062952656741e-01 6.096287609098886007e-01 6.423938342435129289e-01 7.138538099591377195e-01 8.111471661230683639e-01
8.662971780539148459e-02 5.603363926351090374e-01 5.271350427164884778e-01 5.225508396090970953e-01 5.402242061614729307e-01 5.649417866111118292e-01 5.947806298647946299e-01 6.171767866176103290e-01 6.493348059502184189e-01 7.231833061726156142e-01 8.135329262950893314e-01
9.822926121376755748e-02 5.794679038301900897e-01 5.410001384467769681e-01 5.379834836122339148e-01 5.534163515638825803e-01 5.763841398177388387e-01 6.030952734070402776e-01 6.243064710319244925e-01 6.561171155781736486e-01 7.323330245185173393e-01 8.155845715695386744e-01
1.109156151999068779e-01 5.979077832410476523e-01 5.561345504052859212e-01 5.528704905175326756e-01 5.658041203844399458e-01 5.869501211604680746e-01 6.107236832103501989e-01 6.310478109382683387e-01 6.627948101489734567e-01 7.412855096754160655e-01 8.173273082952667856e-01
1.246900709844766808e-01 6.155533625884840321e-01 5.723138282244495390e-01 5.670802568658669385e-01 5.774023059350898990e-01 5.966691082720930739e-01 6.177436649954015646e-01 6.374326094433862000e-01 6.694138415283401589e-01 7.500192541331343055e-01 8.187877828195353480e-01
1.395330931388760742e-01 6.323183469799548151e-01 5.892710418001891881e-01 5.805690733746816656e-01 5.882580514964957930e-01 6.055856017366211264e-01 6.242314767336855086e-01 6.434958068927401076e-01 6.760119330457433628e-01 7.585101278672838898e-01 8.199935474718332840e-01
1.554029025894740901e-01 6.481369152201783557e-01 6.067187743926725219e-01 5.933600634086947379e-01 5.984353547852785393e-01 6.137553333471278405e-01 6.302599655995465566e-01 6.492758281678412402e-01 6.826190627296494506e-01 7.667326122445565773e-01 8.209724786383070239e-01
1.722351118807649573e-01 6.629653160378355947e-01 6.243713324908251039e-01 6.055181514780715313e-01 6.080041630728888480e-01 6.212423163866556131e-01 6.358971546259620800e-01 6.548141461480286862e-01 6.892583818310967780e-01 7.746608398311206622e-01 8.217521808581177423e-01
1.899434854472650536e-01 6.767807083455968931e-01 6.419646787398913812e-01 6.171268890408708740e-01 6.170340989508724672e-01 6.281162753280457034e-01 6.412051603897239715e-01 6.601543203258976034e-01 6.959473243374433293e-01 7.822694642027638867e-01 8.223594126841594631e-01
2.084217633651703205e-01 6.895776612474745493e-01 6.592720830832227152e-01 6.282708098672792341e-01 6.255918107499686132e-01 6.344501831570529271e-01 6.462394993337735594e-01 6.653407654956097206e-01 7.026986673691346663e-01 7.895343950212522222e-01 8.228195691853752436e-01
2.275463587271595589e-01 7.013633090935799119e-01 6.761141177325818985e-01 6.390246704301268954e-01 6.337405330748270282e-01 6.403179000688080658e-01 6.510488928760285177e-01 6.704174705809458068e-01 7.095213578603697391e-01 7.964334342458742055e-01 8.231562511177795693e-01
2.471796455954756166e-01 7.121524409219807117e-01 6.923623914395538037e-01 6.494490741969282110e-01 6.415405537277741876e-01 6.457920676293493756e-01 6.556756324438226535e-01 6.754268383553557742e-01 7.164210021482397828e-01 8.029468416877409975e-01 8.233909421481562241e-01
2.671735174617250186e-01 7.219636904209610906e-01 7.079372963010965858e-01 6.595908518524481456e-01 6.490496910147059983e-01 6.509424439519443384e-01 6.601564634103502804e-01 6.804087595646431952e-01 7.233999969217909110e-01 8.090578460342389144e-01 8.235428044921911939e-01
2.873729212889039042e-01 7.308175376761938402e-01 7.228008979532918321e-01 6.694861722102442014e-01 6.563233615653090158e-01 6.558347941946148785e-01 6.645238435188632886e-01 6.853999741147259739e-01 7.304573450355259512e-01 8.147531052185073008e-01 8.236285919224100027e-01
3.076191491660582589e-01 7.387362207524915680e-01 7.369467384853589653e-01 6.791645254314649938e-01 6.634142002295368989e-01 6.605303328205658353e-01 6.688073642855372203e-01 6.904337136242230111e-01 7.375882409907927872e-01 8.200231106209431298e-01 8.236626691938533362e-01
3.277527760393170175e-01 7.457451037737797828e-01 7.503885702256551937e-01 6.886522156143873863e-01 6.703714092775572286e-01 6.650856078154733231e-01 6.730351083146334235e-01 6.955395714115565342e-01 7.447835302611045538e-01 8.248625239544840060e-01 8.236571198072707434e-01
3.476162413740908064e-01 7.518747211757784710e-01 7.631498519946889880e-01 6.979745973102629009e-01 6.772400710996087092e-01 6.695526597083802933e-01 6.772347469304137446e-01 7.007435145755163131e-01 7.520291506176923768e-01 8.292704328671073322e-01 8.236219201762736697e-01
3.670561617438278246e-01 7.571626711218797379e-01 7.752553196661957635e-01 7.071568253013537086e-01 6.840606074622839206e-01 6.739792874990060412e-01 6.814342453215500583e-01 7.060679415611734733e-01 7.593056590285307550e-01 8.332505097864311150e-01 8.235651574866236224e-01
3.859255148114021372e-01 7.616547199561499726e-01 7.867252816584265895e-01 7.162232740479512749e-01 6.908684693352008521e-01 6.784092939521949583e-01 6.856621183084993243e-01 7.115316965870076560e-01 7.665879387188901939e-01 8.368110575353806535e-01 8.234932701806439992e-01
4.040858461617478081e-01 7.654047984671389360e-01 7.975726779520805332e-01 7.251960051550430109e-01 6.976940428407700789e-01 6.828826393159402874e-01 6.899472533311322708e-01 7.171499751636707387e-01 7.738451683267444370e-01 8.399649252246904618e-01 8.234112932327586343e-01
4.214096192587211132e-01 7.684739011032384326e-01 8.078025016437756500e-01 7.340927415811954182e-01 7.045626879709723234e-01 6.874354834941124315e-01 6.943183767426792663e-01 7.229340863073248080e-01 7.810411172088290721e-01 8.427292802261755478e-01 8.233230943981321159e-01
4.377827610527766367e-01 7.709281487842311043e-01 8.174129526745869123e-01 7.429247855070859607e-01 7.114947978202630363e-01 6.921001293559267964e-01 6.988032769895741181e-01 7.288910701415652893e-01 7.881348060787711773e-01 8.451252279758761921e-01 8.232315917629486890e-01
4.531073616770050494e-01 7.728364001574923314e-01 8.263976464529873001e-01 7.516952324428345378e-01 7.185057739353237771e-01 6.969048909629740329e-01 7.034279092607097494e-01 7.350231983763907406e-01 7.950815401640619617e-01 8.471772813702808103e-01 8.231389467461962539e-01
4.673043813761388887e-01 7.742677993409455839e-01 8.347482763575291287e-01 7.603977209543651972e-01 7.256058466694254028e-01 7.018739036828366418e-01 7.082154905884272544e-01 7.413274054055800644e-01 8.018342853707255413e-01 8.489126946935219298e-01 8.230467299290505911e-01
4.803161214646430865e-01 7.752895675569967393e-01 8.424572669407993653e-01 7.690158419617558749e-01 7.327997142263276142e-01 7.070268759349023213e-01 7.131856573982706671e-01 7.477947077894099293e-01 8.083453211744293654e-01 8.503606912517922556e-01 8.229560595985772053e-01
4.921081520523044039e-01 7.759652293363220599e-01 8.495201063646513617e-01 7.775232335861433919e-01 7.400860183652320234e-01 7.123787635957445907e-01 7.183537094657662658e-01 7.544096709889163144e-01 8.145680726963610008e-01 8.515516264782873046e-01 8.228677146732374936e-01
5.026703793346727345e-01 7.763533509520058606e-01 8.559371827291912815e-01 7.858843191961906172e-01 7.474567113352701409e-01 7.179393363238100179e-01 7.237299186225706338e-01 7.611499784384165856e-01 8.204590035802566961e-01 8.525161366204386804e-01 8.227822247820247847e-01
5.120169926582530673e-01 7.765067821943957282e-01 8.617150556185313448e-01 7.940556114564012447e-01 7.548963960300995035e-01 7.237126067715019540e-01 7.293188508218837462e-01 7.679861550416902105e-01 8.259794437138681111e-01 8.532843254482145312e-01 8.226999407888332394e-01
5.201851540050124179e-01 7.764723385868843586e-01 8.668671681103131688e-01 8.019874990283608618e-01 7.623817425234380440e-01 7.296961125521335134e-01 7.351186465671243342e-01 7.748815002179871847e-01 8.310972315998542692e-01 8.538850371807512607e-01 8.226210891001519698e-01
5.272324588242319754e-01 7.762908349874213521e-01 8.714140486638440875e-01 8.096264429520662054e-01 7.698811033809653814e-01 7.358800775174755282e-01 7.411202319482762535e-01 7.817922970600929000e-01 8.357880676673071774e-01 8.543452538030908983e-01 8.225458127884716086e-01
5.332333706914496041e-01 7.759973746120835125e-01 8.753830728664123706e-01 8.169175199596853121e-01 7.773544691885690971e-01 7.422465307302429371e-01 7.473064885820964731e-01 7.886683810620659374e-01 8.400364976556429220e-01 8.546896410113585807e-01 8.224742020344625315e-01
5.382749714963260823e-01 7.756218020317494632e-01 8.788078593664445659e-01 8.238072432755503272e-01 7.847539200703848028e-01 7.487685219880133580e-01 7.536514862436564099e-01 7.954541647193855702e-01 8.438364698071065817e-01 8.549402516582341738e-01 8.224063157743072283e-01
5.424524409737470076e-01 7.751892394944231990e-01 8.817273699290235633e-01 8.302465565462648911e-01 7.920247261532186167e-01 7.554096302769935933e-01 7.601199599792546335e-01 8.020902080297531711e-01 8.471914329378356090e-01 8.551163812463672409e-01 8.223421958747390015e-01
5.458646717367927614e-01 7.747206404464276330e-01 8.841847772603325106e-01 8.361938334524822158e-01 7.991072120705954296e-01 7.621239985525818383e-01 7.666672703175977377e-01 8.085153833142683100e-01 8.501139643803831136e-01 8.552345586716072479e-01 8.222818747763356306e-01
5.486103495049089451e-01 7.742333112881916168e-01 8.862261615636743972e-01 8.416176396499248646e-01 8.059394121444074521e-01 7.688571229930759587e-01 7.732400939181286459e-01 8.146695963691261699e-01 8.526249401013668017e-01 8.553086481040649280e-01 8.222253774339476351e-01
5.507847116880800753e-01 7.737413713582913521e-01 8.878991007992580453e-01 8.464989547106740453e-01 8.124604023498054328e-01 7.755475578483879140e-01 7.797780302861174739e-01 8.204969011873056717e-01 8.547522878970768012e-01 8.553500347068151433e-01 8.221727185535776528e-01
5.524770753335952467e-01 7.732561403459518035e-01 8.892512297837426027e-01 8.508325451019985719e-01 8.186140253435447711e-01 7.821295618744067424e-01 7.862161718261323484e-01 8.259487101539683129e-01 8.565294001383456646e-01 8.553678671452779048e-01 8.221238964882919831e-01
