2.144500365872458896e-17 2.561364653515775091e-16 3.535105491900942447e-18 9.813288480206757507e-19 5.274979213963035774e-19 2.911882999098655257e-19 3.311253251184292702e-19 8.374876801535494853e-19 2.927877987432448909e-18 1.556147379884677269e-17 1.296348231298572311e-15
3.039782230111268048e-17 3.630676260531343223e-16 5.011089342600904690e-18 1.391633713079177115e-18 7.497361041356900818e-19 4.188844674746166090e-19 4.931826051806813540e-19 1.318391422787125790e-18 4.771611023508327033e-18 2.519343284401603836e-17 1.880240012013173383e-15
4.308827749283444663e-17 5.146404179702299675e-16 7.103415521252826088e-18 1.973850178748028045e-18 1.066785577781937482e-18 6.060897298119513580e-19 7.470753881534763053e-19 2.134275789671380985e-18 8.026122232019676268e-18 4.211168761846453618e-17 2.746304422311741173e-15
6.107678811671742638e-17 7.294920692242228155e-16 1.006953947810374059e-17 2.800364104390357626e-18 1.520276079095217701e-18 8.839276802621503840e-19 1.155769889728236592e-18 3.562920998185167211e-18 1.394520918497080061e-17 7.275735488515897880e-17 4.046277584781428328e-15
8.657524886362931080e-17 1.034040764053493128e-15 1.427453950722715898e-17 3.974397528466536378e-18 2.171286380658045198e-18 1.302895295322831405e-18 1.833709256318584246e-18 6.140618250894240320e-18 2.499748155799472593e-17 1.297655323424497868e-16 6.024085306122014707e-15
1.227190371544839042e-16 1.465734302610954933e-15 2.023618347109235063e-17 5.643500992550468644e-18 3.110561259568022930e-18 1.947457261103385867e-18 2.994206425482838154e-18 1.091809479673896820e-17 4.609047378883818765e-17 2.380814584943612903e-16 9.077298576836844142e-15
1.739526017178071105e-16 2.077655238312290460e-15 2.868894323030112554e-17 8.019302025533485342e-18 4.475127636346329661e-18 2.963401658686452730e-18 5.043413501974158334e-18 1.997719727630898621e-17 8.704004922702147414e-17 4.470391509488160792e-16 1.386076425396757440e-14
2.465760706519196543e-16 2.945048981342235971e-15 4.067499821616909546e-17 1.140675216688717180e-17 6.476162887456657271e-18 4.610162027054922671e-18 8.768167290800493341e-18 3.747647027872523622e-17 1.675368974423984844e-16 8.539704819397651474e-16 2.146011369752596109e-14
3.495201370557621345e-16 4.174578004763205698e-15 5.767375675388036480e-17 1.624810947360811899e-17 9.447238226726930331e-18 7.362548578381731965e-18 1.571378488093260744e-17 7.176791525348257815e-17 3.270803438074289448e-16 1.649748055126412190e-15 3.367896126474732298e-14
4.954445878585988941e-16 5.917440853159778425e-15 8.178649662113748157e-17 2.319037604160356468e-17 1.393043677747513286e-17 1.211114276583293348e-17 2.894714167286990910e-17 1.396756957848026545e-16 6.446898681406788608e-16 3.205264888696783887e-15 5.350708046989946839e-14
7.022957062592509492e-16 8.387970523490482715e-15 1.160001776472150075e-16 3.319117654986920968e-17 2.083446803518755184e-17 2.056106810406078148e-17 5.460195292046110801e-17 2.751138155836702961e-16 1.277614215082783752e-15 6.232696630636880051e-15 8.586950318432443031e-14
9.955143268901386242e-16 1.189000170960838738e-14 1.645655652478714261e-16 4.768965068950388607e-17 3.173217307327722230e-17 3.603164921904294681e-17 1.050109806875035700e-16 5.463437776928191306e-16 2.536385686034530109e-15 1.208017213414034557e-14 1.387994553975826425e-13
1.411166553539201222e-15 1.685425378172267638e-14 2.335415737557078594e-16 6.889086456226032026e-17 4.943184475515567906e-17 6.506896300679594018e-17 2.050498025317896992e-16 1.090262383761410336e-15 5.028180002521039699e-15 2.325834908706420595e-14 2.252307748277679946e-13
2.000383007938946097e-15 2.389133467719202356e-14 3.315836403894196490e-16 1.002545692277484676e-16 7.909240157022625736e-17 1.207095889419248965e-16 4.049513049282907834e-16 2.179839996674684982e-15 9.925992442054460973e-15 4.435895060517312204e-14 3.656643929510233391e-13
2.835654110314430380e-15 3.386689846384363170e-14 4.710949652109008019e-16 1.473620589344945399e-16 1.304274346231578665e-16 2.290983788722932223e-16 8.060727327195659259e-16 4.355138915716483116e-15 1.946445195509603023e-14 8.361602884595105606e-14 5.920205625288475778e-13
4.019758434492907540e-15 4.800822560300280803e-14 6.699263296395776287e-16 2.194992253833441551e-16 2.221007707264997836e-16 4.429062340815207383e-16 1.612364590418071032e-15 8.674206624475858737e-15 3.783402865390963274e-14 1.554873579085481105e-13 9.530300964333873194e-13
5.698427329435877947e-15 6.805538058198448154e-14 9.539226888286944334e-16 3.326222210201021319e-16 3.905445552446522428e-16 8.684799286158851427e-16 3.232281501849222749e-15 1.718566222322521568e-14 7.275719238076948769e-14 2.847990563094703366e-13 1.521524603808620847e-12
8.078312710612636893e-15 9.647562190535720375e-14 1.360810022886748638e-15 5.150312017923918563e-16 7.077037638464831662e-16 1.720551947587867042e-15 6.478381259439219232e-15 3.380257785995977274e-14 1.381988587208454673e-13 5.131961977596152401e-13 2.403934577971820887e-12
1.145248475485894635e-14 1.367675864751313269e-13 1.946265334722090636e-15 8.184030167388874697e-16 1.316757079674034446e-15 3.431793911129170553e-15 1.295318721871602462e-14 6.588586347662733944e-14 2.589059858005434067e-13 9.088564636510928116e-13 3.752173638681724273e-12
1.623662609211518422e-14 1.938929322757970028e-13 2.793654549208593357e-15 1.339496284223901535e-15 2.503868083276884171e-15 6.870321116093795659e-15 2.578393443535601062e-14 1.270503715678259559e-13 4.778000440427708123e-13 1.580613071939284942e-12 5.777865591860528011e-12
2.302042956313783714e-14 2.748890129170989964e-13 4.030127702240505678e-15 2.263170003140920743e-15 4.841632039704304339e-15 1.376686236189891855e-14 5.099787675131033197e-14 2.420206395487687840e-13 8.676613037733728868e-13 2.697733123746283223e-12 8.768567661945174188e-12
3.264062161085200170e-14 3.897387984450835422e-13 5.854057388769090620e-15 3.947944737456287983e-15 9.473805471811053493e-15 2.754277432364650094e-14 1.000479962661494719e-13 4.548214224197961638e-13 1.549020925952009686e-12 4.516521532775254912e-12 1.310530028853533333e-11
4.628477479977936945e-14 5.526065515443746104e-13 8.583228380016581007e-15 7.096172985835781316e-15 1.867506674878395095e-14 5.489062954734094747e-14 1.943554522159683334e-13 8.422223474423290343e-13 2.716652278496876799e-12 7.414572135692797772e-12 1.928039351038696956e-11
6.563900766066979069e-14 7.835938873618991259e-13 1.274173831779782591e-14 1.309137914501242091e-14 3.693838814189092624e-14 1.087391561429005622e-13 3.732960579164795221e-13 1.535178320919082809e-12 4.677411743020113231e-12 1.193278597018275476e-11 2.791452310431242924e-11
9.309833574304532065e-14 1.111236789849858543e-12 1.922009945696325171e-14 2.466280596202177048e-14 7.305749561467496130e-14 2.137075817974003487e-13 7.079040798500277881e-13 2.751987993365142631e-12 7.902250784221626989e-12 1.882419862548857184e-11 3.977198018412045994e-11
1.320666286460695718e-13 1.576058573330905465e-12 2.957482145148739582e-14 4.718272754640270302e-14 1.440502349423476131e-13 4.159265573555763731e-13 1.323782218153629747e-12 4.847930864360968583e-12 1.309479258861278053e-11 2.910728725507216781e-11 5.577383082197195888e-11
1.873850274783068799e-13 2.235629129018859567e-12 4.659434301783440404e-14 9.116964651375344448e-14 2.824151773860147592e-13 8.003138318464969236e-13 2.438356651966277592e-12 8.387037999764725915e-12 2.127772535480803920e-11 4.411999819810704643e-11 7.700975861573615192e-11
2.659450672890394218e-13 3.171775052111483134e-12 7.537220733175738349e-14 1.770506195521281740e-13 5.492825357457419825e-13 1.520209440511645784e-12 4.419705048027944396e-12 1.424208143397088466e-11 3.389627287907910080e-11 6.556965420238747610e-11 1.047510230513503928e-10
3.775683406503389969e-13 4.500864290116919073e-12 1.253396048077290896e-13 3.440743444266261684e-13 1.057723153713666600e-12 2.846863962734900830e-12 7.876598552382544063e-12 2.372840524661398498e-11 5.293520418143931192e-11 9.557371307351122156e-11 1.404689554061321405e-10
5.362725040668023061e-13 6.388489996747704328e-12 2.140934041570955455e-13 6.666867147228863175e-13 2.013082070431778066e-12 5.249744668269069067e-12 1.379183065022100766e-11 3.877539428449746694e-11 8.104257434135565903e-11 1.366876478860715947e-10 1.858654615583298114e-10
7.621002602570409052e-13 9.070454623474813683e-12 3.745389448675899564e-13 1.284005670925988289e-12 3.780998808897541863e-12 9.522938074644417664e-12 2.371279560667933762e-11 6.213579830177746824e-11 1.216503628527824505e-10 1.919194716928141238e-10 2.429237271483828757e-10
1.083773848778019507e-12 1.288278290167789772e-11 6.680530441128248285e-13 2.451697580548369250e-12 6.999016518757285095e-12 1.697776220747463969e-11 4.001378499877530743e-11 9.762770232752660444e-11 1.790804858712513019e-10 2.647357789581185350e-10 3.139883489093013678e-10
1.542568706554560611e-12 1.830467874258241174e-11 1.208377441834397412e-12 4.631093943846967807e-12 1.275445138406025266e-11 2.972630544047189573e-11 6.624252897792286115e-11 1.503970954190347337e-10 2.586256392662816781e-10 3.590712503024196795e-10 4.018842010704732043e-10
2.198002055868030672e-12 2.602003677689263490e-11 2.204241900576908992e-12 8.638350306442576590e-12 2.285922118960845500e-11 5.108367660217157766e-11 1.075580284149458488e-10 2.271819355626263808e-10 3.665993590703582293e-10 4.793613947711999784e-10 5.100824975512410166e-10
3.136246302218875213e-12 3.700553246621729065e-11 4.033938441935420378e-12 1.588725961256945619e-11 4.026075036575225918e-11 8.611641163376943394e-11 1.712569479026798043e-10 3.365533927620260615e-10 5.103593519954057063e-10 6.306254026586035749e-10 6.429210742960898957e-10
4.482668654258975614e-12 5.265672849576635783e-11 7.373066573302904725e-12 2.877299922509763946e-11 6.963517612253474766e-11 1.423584930810597605e-10 2.673718580694724728e-10 4.891093440704234827e-10 6.983223713392202332e-10 8.186306667484249577e-10 8.058845663010658507e-10
6.420670748672194144e-12 7.496842605305272460e-11 1.340843896452901303e-11 5.125981048824774395e-11 1.182122051115181617e-10 2.307026927715557071e-10 4.093079414681789795e-10 6.976021955818155855e-10 9.400061944780184800e-10 1.050171406067501248e-09 1.005949786869081802e-09
9.220217199927641957e-12 1.067921447931565645e-10 2.418769287166693666e-11 8.975128040013370868e-11 1.968765943359395094e-10 3.664523334642728333e-10 6.144687978551109304e-10 9.770001252520823359e-10 1.246151747370321512e-09 1.333490353976812265e-09 1.252003156029944409e-09
1.328134961970495147e-11 1.522027429159780843e-10 4.317626333722136125e-11 1.543336763102810063e-10 3.215755434673895728e-10 5.704881034662408784e-10 9.048120410027078113e-10 1.344508644672942510e-09 1.628992356691884643e-09 1.678865417597145250e-09 1.555341194708639046e-09
1.920096051701138056e-11 2.170185131202756332e-10 7.612113070263121104e-11 2.604849290074599383e-10 5.150313059129298268e-10 8.704705593148071176e-10 1.307278191262446008e-09 1.819616115911271929e-09 2.102743755827322885e-09 2.099374791235326826e-09 1.930272240787874070e-09
2.787570766399233564e-11 3.095354205627135650e-10 1.323529788580512909e-10 4.313271390711033933e-10 8.087135778750784882e-10 1.301969735395011376e-09 1.854058666469159471e-09 2.424267551977936899e-09 2.684385396451081519e-09 2.611847572225736608e-09 2.394847539976426654e-09
4.066098560369415497e-11 4.415573092607509447e-10 2.266919674649419107e-10 7.004615540758051409e-10 1.244970724664749609e-09 1.909400888640773589e-09 2.582715102383111935e-09 3.183307940770805944e-09 3.394790957768542733e-09 3.238006253377919534e-09 2.971762243140878957e-09
5.961645131532112981e-11 6.298306110970473709e-10 3.821515740497022948e-10 1.115356903541688571e-09 1.879162874316062294e-09 2.746663805230967850e-09 3.536232951328450418e-09 4.125360462722029186e-09 4.260247172387495180e-09 4.005815738620866347e-09 3.689481002312146695e-09
8.788421713460636033e-11 8.980247818136269530e-10 6.336515040015223416e-10 1.741165856031607277e-09 2.781600365675039208e-09 3.877444683133099149e-09 4.763181049701597086e-09 5.284308572348554319e-09 5.314381866849175846e-09 4.951072416541442438e-09 4.583658395524389758e-09
1.302683867712950417e-10 1.279438294090779028e-09 1.032943912021434407e-09 2.664731233049431994e-09 4.039090301849485325e-09 5.375250491005960744e-09 6.318242396038990454e-09 6.701530484500820186e-09 6.600513061969893377e-09 6.119295963463711227e-09 5.698941422798521881e-09
1.941164467723576158e-10 1.820653740605406074e-09 1.654916033594052204e-09 3.998437595039763644e-09 5.755955429402771209e-09 7.323400969460523290e-09 8.263461268719881331e-09 8.428993470792823476e-09 8.174439513881935702e-09 7.568023686299833958e-09 7.091260594519172357e-09
2.906468058495661975e-10 2.586412735277997876e-09 2.605348224532765952e-09 5.883502431923376562e-09 8.054530847740169203e-09 9.815384198967692417e-09 1.067059849393604262e-08 1.053326477245242304e-08 1.010772497986531408e-08 9.369649098740291117e-09 8.830739196554788822e-09
4.369253502435718887e-10 3.666029209283744723e-09 4.030077577529595093e-09 8.492331111323906250e-09 1.107536870596511867e-08 1.295615589158356341e-08 1.362498560886840513e-08 1.310045386112879839e-08 1.249158500602237813e-08 1.161499014958220211e-08 1.100537928034648321e-08
6.587700479897031706e-10 5.181705030002920232e-09 6.125353577328142899e-09 1.202972678393923768e-08 1.497767139140891340e-08 1.686509098266963810e-08 1.723121669328312319e-08 1.624208838525371805e-08 1.544156232888868204e-08 1.441781697076422772e-08 1.372572030153154323e-08
9.949588475836378135e-10 7.299151139891802376e-09 9.148999284715351191e-09 1.673308052830629182e-08 1.994078803685878257e-08 2.168134276008433417e-08 2.162092647179101715e-08 2.010196251100855955e-08 1.910326742619199740e-08 1.792061586832629195e-08 1.713071484979181743e-08
1.503234294280428340e-09 1.024094797014719776e-08 1.343185240742175070e-08 2.287216510697760194e-08 2.616788626848648160e-08 2.757231013465994126e-08 2.696280394674733145e-08 2.486409315985391734e-08 2.365955579437274203e-08 2.230192028319188470e-08 2.139512849735103046e-08
2.268739825799018123e-09 1.430310026468408422e-08 1.938891344575127163e-08 3.074976842088631016e-08 3.389308356600388731e-08 3.474576602855672694e-08 3.347492295692581923e-08 3.076207750303436086e-08 2.933960744132125554e-08 2.778560782425874783e-08 2.673885072655463424e-08
3.415688928695236124e-09 1.987525695366326792e-08 2.752973817158926585e-08 4.070503143555005183e-08 4.339333715511836297e-08 4.346600050432335748e-08 4.143947770113375337e-08 3.809035337194957993e-08 3.643046735660845698e-08 3.465265377409338299e-08 3.343860519351576996e-08
5.123261535573684352e-09 2.746508502042756476e-08 3.846793830575150850e-08 5.312186547453650807e-08 5.500623135899027186e-08 5.407415079938729749e-08 5.122012659724599352e-08 4.721810470142294089e-08 4.529170702450422187e-08 4.325595431607265929e-08 4.184267549972714322e-08
7.646947243753652619e-09 3.772732284877321054e-08 5.293023424602666196e-08 6.844507635532362404e-08 6.915450375086173623e-08 6.701281014145418943e-08 6.328238778695624683e-08 5.860680749216696337e-08 5.637399301976327730e-08 5.403899505372599629e-08 5.238942421362467686e-08
1.134682220629284288e-08 5.149811644065455036e-08 7.176633551927839869e-08 8.720671918940151129e-08 8.637781058733813143e-08 8.285510387332858170e-08 7.821788801476319867e-08 7.283266563573093382e-08 7.024252169575848629e-08 6.755934951114208337e-08 6.563058741283704044e-08
1.672457350800595747e-08 6.983539227701403446e-08 9.596195798419037071e-08 1.100647355464119064e-07 1.073719853850794440e-07 1.023387426517105158e-07 9.677371928836513068e-08 9.061544115152304328e-08 8.760652331645127258e-08 8.451825608454077530e-08 8.226058645691772725e-08
2.447149867146006828e-08 9.406628219855172983e-08 1.266584228043349069e-07 1.378551894861355911e-07 1.330360419165288944e-07 1.264061156025429692e-07 1.198886734711037647e-07 1.128554572395581002e-07 1.093563774192000543e-07 1.057978507715673052e-07 1.031534279594876067e-07
3.553024598676461408e-08 1.258430337430313415e-07 1.651833871664598463e-07 1.716586442821550072e-07 1.645275366090318962e-07 1.562522400397483832e-07 1.487386804051626956e-07 1.406808779132222902e-07 1.366103323283731971e-07 1.325080423035836009e-07 1.294091802310309979e-07
5.117376946896729675e-08 1.672094635838951318e-07 2.130981894396431513e-07 2.128807112877295973e-07 2.033276945758856118e-07 1.933832849942614379e-07 1.847943682086957016e-07 1.755077891768041132e-07 1.707733998764916759e-07 1.660455286208866764e-07 1.624125419314231466e-07
7.310590026051702752e-08 2.206808930408762465e-07 2.722679398517985435e-07 2.633468689856604305e-07 2.513188971175393465e-07 2.396893822913475494e-07 2.298943214839022798e-07 2.191161742649648602e-07 2.136117141148530243e-07 2.081681003453352073e-07 2.039066833540082508e-07
1.035891308347165692e-07 2.893416908158839574e-07 3.449608072822274099e-07 3.254125302116469242e-07 3.108786347730249885e-07 2.975365072344359403e-07 2.863383882704961443e-07 2.737456419030956126e-07 2.673465161400002356e-07 2.610881989499745474e-07 2.560863762891550734e-07
1.456067039374269231e-07 3.769660781203805678e-07 4.339829978470794726e-07 4.020911189802137921e-07 3.849957236096876082e-07 3.698833685517161963e-07 3.570063530130768097e-07 3.422157852132589803e-07 3.347729826265945719e-07 3.275907452381216474e-07 3.217154773694172228e-07
2.030679087959994101e-07 4.881697501610822701e-07 5.428558609148115665e-07 4.972055224941832664e-07 4.774163585603581600e-07 4.604305528175898089e-07 4.455085325766868631e-07 4.280773762418652451e-07 4.194103979540358987e-07 4.111815876922161227e-07 4.042751468231350630e-07
2.810676011466816958e-07 6.286021442074135393e-07 6.760416726910346123e-07 6.155714854268093003e-07 5.928294053455393692e-07 5.738107098092574008e-07 5.563764485851444311e-07 5.358023020586259092e-07 5.256917490302747932e-07 5.162746110064715972e-07 5.081508401068209500e-07
3.862133460218391860e-07 8.051918351314625425e-07 8.392253006340545880e-07 7.632250347926158691e-07 7.371022901052735410e-07 7.158304442768529248e-07 6.953037667288254116e-07 6.710223035312759247e-07 6.592027989618171996e-07 6.484276770625866631e-07 6.388681945220716846e-07
5.270361873030581963e-07 1.026460564993433833e-06 1.039660548844763332e-06 9.477096470855449252e-07 9.175811262747346565e-07 8.937769074259556144e-07 8.694502682343432184e-07 8.408292911644650140e-07 8.269832055142441216e-07 8.146402476322822392e-07 8.033905622644091397e-07
7.145038463586136070e-07 1.302924846449836301e-06 1.286592918661377968e-06 1.178442541967406138e-06 1.143471605073928566e-06 1.116804990346904611e-06 1.087824855277110897e-06 1.054153418937283895e-06 1.037905463173412910e-06 1.023728892617718497e-06 1.010494261793200552e-06
9.626581734634436038e-07 1.647608024228574805e-06 1.591775120754874819e-06 1.467183380875272567e-06 1.426321001393082005e-06 1.396424695454194516e-06 1.361767665115830218e-06 1.322239371252948186e-06 1.303151570596999141e-06 1.286801092360213095e-06 1.271241815145074893e-06
1.289402068085583338e-06 2.076690353177659661e-06 1.970098177156468635e-06 1.828633161439117406e-06 1.780626750133801130e-06 1.747112974861232204e-06 1.705556520328394101e-06 1.659246682725335349e-06 1.636812606147576996e-06 1.617853023848239075e-06 1.599578740797582809e-06
1.717465184557430039e-06 2.610330425607179854e-06 2.440369479653947866e-06 2.281196798218555991e-06 2.224603753662898371e-06 2.187080473768177981e-06 2.137169502011109855e-06 2.083006648372242372e-06 2.056643131376925639e-06 2.034523672737102539e-06 2.013086169385592223e-06
2.275583148504284595e-06 3.273698695061842851e-06 3.026279776126980455e-06 2.847950430842965131e-06 2.781151207978737971e-06 2.739231735686939901e-06 2.679243821758733302e-06 2.615976851001395925e-06 2.585010902149891983e-06 2.559046012403001357e-06 2.533930006307584558e-06
2.999932652930014365e-06 4.098273601659241147e-06 3.757613791075346945e-06 3.557864597632759092e-06 3.479070639609172728e-06 3.432368171630275316e-06 3.360281913932559315e-06 3.286444987135072768e-06 3.250093208759113414e-06 3.219446612199096932e-06 3.190058038131519437e-06
3.935875963918630131e-06 5.123463742114566423e-06 4.671774218383579047e-06 4.447347759700569827e-06 4.354600488100601957e-06 4.302697216649379047e-06 4.216169414315341663e-06 4.130047089589802047e-06 4.087384871385921655e-06 4.051058471439772596e-06 4.016709844999942448e-06
5.140084661347120322e-06 6.398636575779404392e-06 5.815706570441327856e-06 5.562191992573221545e-06 5.453349595388059216e-06 5.395729403159827389e-06 5.292087205047086325e-06 5.191682158387990706e-06 5.141600219770716215e-06 5.098428859225192117e-06 5.058321366465766609e-06
6.683135729533005567e-06 7.985656315433050333e-06 7.248333622930689215e-06 6.960024804851408765e-06 6.832733280030247811e-06 6.768668426675823569e-06 6.644921905192460975e-06 6.527926557556464529e-06 6.469073202449218437e-06 6.417725390536325561e-06 6.370927392288942111e-06
8.652705341104954974e-06 9.962062000569704294e-06 9.043634224947436594e-06 8.713398984926495647e-06 8.565042514707795135e-06 8.493428593999766254e-06 8.346307160513332206e-06 8.210078501569662913e-06 8.140787232792615638e-06 8.079770636898285976e-06 8.025192273118139151e-06
1.115752867868008652e-05 1.242505253041911213e-05 1.129453382864393512e-05 1.091368734569164851e-05 1.074131069916111745e-05 1.066045040468894602e-05 1.048646314006248902e-05 1.032799704132158433e-05 1.024620087854040305e-05 1.017386970655601712e-05 1.011023323283938133e-05
1.433234946350382064e-05 1.549649017480984219e-05 1.411781551643047032e-05 1.367599278993523788e-05 1.347618564961663042e-05 1.338352978292877299e-05 1.317904537634848524e-05 1.299494304318350064e-05 1.289807876510749289e-05 1.281263826873644121e-05 1.273844365925898282e-05
1.834415170878347096e-05 1.932918978981125815e-05 1.766031332919587181e-05 1.714533826524746341e-05 1.691406917370618943e-05 1.680593147027970840e-05 1.656726849744759861e-05 1.635368406677786363e-05 1.623859126494125299e-05 1.613809275296997436e-05 1.605157797013001712e-05
2.340004956666065438e-05 2.411483032596758915e-05 2.210671755358313906e-05 2.150446856477239028e-05 2.123685590940287677e-05 2.110812481468649139e-05 2.083163809272000708e-05 2.058419365887745230e-05 2.044701446049648625e-05 2.032933282801362832e-05 2.022842799430437183e-05
2.975731011945135894e-05 3.009391177023057264e-05 2.768940804001306878e-05 2.698368008347795904e-05 2.667369045234647436e-05 2.651756407126552685e-05 2.619970834549605315e-05 2.591336190389218014e-05 2.574944704353553487e-05 2.561223235048161955e-05 2.549450686082481646e-05
3.773610043961478822e-05 3.756828890966107729e-05 3.470084090856555503e-05 3.387320018578996123e-05 3.351327125594801731e-05 3.332103990614163882e-05 3.295838861087431356e-05 3.262724235508094114e-05 3.243106770427479186e-05 3.227166314301551292e-05 3.213426451908535435e-05
4.773568744848902642e-05 4.691694866568373804e-05 4.350915110287943531e-05 4.253877058367197046e-05 4.211936609165789155e-05 4.188025977633869724e-05 4.146945440828854321e-05 4.108649574068232971e-05 4.085159054769070373e-05 4.066691136091973456e-05 4.050649436699790829e-05
6.025498205312435030e-05 5.861586624504098292e-05 5.457780359981516621e-05 5.344125575007560282e-05 5.295037227987440772e-05 5.265147884812301982e-05 5.218908385175162376e-05 5.174585873622661157e-05 5.146474318225164051e-05 5.125111452588733700e-05 5.106375874048362488e-05
7.591851417727955734e-05 7.326298277792191345e-05 6.849033491587156917e-05 6.716130449000179165e-05 6.658396072774510287e-05 6.621020669264538513e-05 6.569244593437504557e-05 6.517867222275843344e-05 6.484279823250616297e-05 6.459575406548187754e-05 6.437686774746872369e-05
9.550915874524552862e-05 9.160959721080234625e-05 8.598147723376131397e-05 8.443034474755627041e-05 8.374808980018363144e-05 8.328226269938396765e-05 8.270461696759005366e-05 8.210775171966525293e-05 8.170743803983608860e-05 8.142148705408256315e-05 8.116569477839678814e-05
1.200092061362707411e-04 1.145997561220673069e-04 1.079762479790680093e-04 1.061694868281911692e-04 1.053599620464098943e-04 1.047827436330157073e-04 1.041393946969281089e-04 1.034441718012271152e-04 1.029685226173059250e-04 1.026368901334176698e-04 1.023379013238307763e-04
1.506516738277567126e-04 1.434195428228665073e-04 1.356389041020067659e-04 1.335382339404893705e-04 1.325748111742139216e-04 1.318647861007273827e-04 1.311479023948557219e-04 1.303358532298409789e-04 1.297726489015506605e-04 1.293870048646799070e-04 1.290374600413266525e-04
1.889840541516995414e-04 1.795584743787805243e-04 1.704339658788636789e-04 1.679952130735454816e-04 1.668467129973328679e-04 1.659803174056987362e-04 1.651791899828319280e-04 1.642281502952217030e-04 1.635636984649674287e-04 1.631138808685752336e-04 1.627051721782965716e-04
2.369469083553551580e-04 2.248854343433945020e-04 2.142017329490599972e-04 2.113733650604807839e-04 2.100038365605506787e-04 2.089552124912962135e-04 2.080552675567886678e-04 2.069388602031553863e-04 2.061577946354940414e-04 2.056315350274241489e-04 2.051535974776415728e-04
2.969697026800936454e-04 2.817415574338637285e-04 2.692507045427733640e-04 2.659720276100046763e-04 2.643405493625078026e-04 2.630812706365999606e-04 2.620630056568752923e-04 2.607500754788519238e-04 2.598350879093679175e-04 2.592177416835304100e-04 2.586588115538505863e-04
3.720857913949121945e-04 3.530520024190921284e-04 3.384688412494656225e-04 3.346678732695055627e-04 3.327283274103300386e-04 3.312269582744023781e-04 3.300648696742827597e-04 3.285188389504882641e-04 3.274503262860825343e-04 3.267246061544744578e-04 3.260709435211706715e-04
4.660671085596592225e-04 4.424572385977808514e-04 4.254543081781580918e-04 4.210453674380647206e-04 4.187461360795830998e-04 4.169675764819470525e-04 4.156291640523078045e-04 4.138072799381439315e-04 4.125628870248366099e-04 4.117085945267621267e-04 4.109441680760777421e-04
5.835764146448322882e-04 5.544618266166388698e-04 5.346637204104511291e-04 5.295447933677939435e-04 5.268283415181486320e-04 5.247329081758608793e-04 5.231778493965670747e-04 5.210303120454319375e-04 5.195843518615893622e-04 5.185781002488279098e-04 5.176842351623085975e-04
7.303302171155493438e-04 6.945940760176108099e-04 6.715713555692787032e-04 6.656213390949806399e-04 6.624236690383133400e-04 6.599658694875044440e-04 6.581454516024605678e-04 6.556144438791271407e-04 6.539371860785774026e-04 6.527521097562680261e-04 6.517071042435889803e-04
9.132580873307555996e-04 8.695627679240291010e-04 8.428256663724101143e-04 8.359016198082443389e-04 8.321516080957364666e-04 8.292785972730353080e-04 8.271354744285595905e-04 8.241541587129586934e-04 8.222109972721059097e-04 8.208164495888527288e-04 8.195951736288675793e-04
1.140633562668315424e-03 1.087386882361407979e-03 1.056379258920038490e-03 1.048313860761586292e-03 1.043932517758917574e-03 1.040582292131748878e-03 1.038050602121714681e-03 1.034542201643091821e-03 1.032292744811488285e-03 1.030653998774304445e-03 1.029227500860701184e-03
1.422138224196415213e-03 1.357461026840122700e-03 1.321555355561857600e-03 1.312154844969931101e-03 1.307054571121942042e-03 1.303154055296105313e-03 1.300159893880536380e-03 1.296037029269219961e-03 1.293434199472902162e-03 1.291512186016372963e-03 1.289847351018653379e-03
1.768804954781357831e-03 1.690504063961154957e-03 1.648998658402619144e-03 1.638041655966026092e-03 1.632125615833484363e-03 1.627588921510635285e-03 1.624051144953447953e-03 1.619215645550875363e-03 1.616204929743298400e-03 1.613956075789496581e-03 1.612015399585749534e-03
