2.789189038594393679e-06 2.791988075619496093e-05 1.388664191947067193e-04 2.452474700473831017e-04 2.064143265206675793e-04 2.403126015355786036e-04 4.055472038551810794e-04 1.228674284248829681e-03 3.397783834564688764e-03 9.174367771107982267e-03 1.770001828222169879e-02
3.503469293405331411e-06 3.775280974459397531e-05 1.912028404986312684e-04 3.439175808313050977e-04 2.913668173482484246e-04 3.399561293928673338e-04 5.746481060842874907e-04 1.739413771836655553e-03 4.796567611479816279e-03 1.288427972950230774e-02 2.437867141036852495e-02
4.347905236775432674e-06 5.062830396215181882e-05 2.617675872254928847e-04 4.811088676096821255e-04 4.108714795455911065e-04 4.806679759350867566e-04 8.140175265025292872e-04 2.459312604081561205e-03 6.748931785276360978e-03 1.797457695980848522e-02 3.319284944014248145e-02
5.334672982616029667e-06 6.728388941413119737e-05 3.560854269581774888e-04 6.710735082850211725e-04 5.786843101478630035e-04 6.791742246603547179e-04 1.152533067575382212e-03 3.470416182315320865e-03 9.452637963991790751e-03 2.486157959946333831e-02 4.459158351140880133e-02
6.477277478297233654e-06 8.855734219413297352e-05 4.809815402930970544e-04 9.328522660978009855e-04 8.138298155712698784e-04 9.588468743797046688e-04 1.630561267471297704e-03 4.883456803045934866e-03 1.315901746293089009e-02 3.402162946660537701e-02 5.899925262619160060e-02
7.791971744111933807e-06 1.153821070773926484e-04 6.447737732817980386e-04 1.291621738082622756e-03 1.142479246488029053e-03 1.352204509340652417e-03 2.304135382813760416e-03 6.844984795713738093e-03 1.817580455031331255e-02 4.596097810440959164e-02 7.675625602541415182e-02
9.299491622632742043e-06 1.487867822433285784e-04 8.574983908800659941e-04 1.780309822199750008e-03 1.600409821072802750e-03 1.904237041115677516e-03 3.250292429090892703e-03 9.544162024621006754e-03 2.486245719110163552e-02 6.116449785861642618e-02 9.805363493019968180e-02
1.102705415609433743e-05 1.899070619676649773e-04 1.131209544790151783e-03 2.441510553923909380e-03 2.236171941505606456e-03 2.676731835888249578e-03 4.573594589795310084e-03 1.321759262078821100e-02 3.361432715415735295e-02 8.002571027344670962e-02 1.228760292379889735e-01
1.301063667953663959e-05 2.400201580468140758e-04 1.480415868671330079e-03 3.329750913303714584e-03 3.115089110347738898e-03 3.753742091186584775e-03 6.413603714360161662e-03 1.814986628589988771e-02 4.483313274890123740e-02 1.027687422101640352e-01 1.509697972248960907e-01
1.529764508022230456e-05 3.006115093906267920e-04 1.922740426682572343e-03 4.514207002983143362e-03 4.324192685593412910e-03 5.248232485618204747e-03 8.952645875533156786e-03 2.466706807465610801e-02 5.888404331558675514e-02 1.293804863188510734e-01 1.818493200112764330e-01
1.795017683768188380e-05 3.734817963537062288e-04 2.479909424260609476e-03 6.082037134684855489e-03 5.978139430140618805e-03 7.309725356901572955e-03 1.242258678073289088e-02 3.312078510303070183e-02 7.604408017700975408e-02 1.595738579486425945e-01 2.148443423049005985e-01
2.104918316422626316e-05 4.609002990101077253e-04 3.179189664694384836e-03 8.142583462902600044e-03 8.226058868823379194e-03 1.013241879537541724e-02 1.710860955435103067e-02 4.386149963064658874e-02 9.645116245336812777e-02 1.927971422133642476e-01 2.491784094657295279e-01
2.469994396573247996e-05 5.658104741466450475e-04 4.055406941021029443e-03 1.083276155160866998e-02 1.125910951279313760e-02 1.396274213895454426e-02 2.334734281678144813e-02 5.720276663723111721e-02 1.200658020960595068e-01 2.282909290827472015e-01 2.840590093301457730e-01
2.903940866154795507e-05 6.920969356761697997e-04 5.153692023154517882e-03 1.432395953570896746e-02 1.531826159422545325e-02 1.910468675091394827e-02 3.151646661807355754e-02 7.338071476447126373e-02 1.466562166543211310e-01 2.651789283850246592e-01 3.187583277462622822e-01
3.424615140882686587e-05 8.449305160886194611e-04 6.533121769170515715e-03 1.883064404069393835e-02 2.070143796887683255e-02 2.592060682801136662e-02 4.201352867627922150e-02 9.251607076490687975e-02 1.758121472261593987e-01 3.025694193425301215e-01 3.526695659306333108e-01
4.055397433210050433e-05 1.031219671214095909e-03 8.271449414563824404e-03 2.462055393274734452e-02 2.776860771038978937e-02 3.482472245051961707e-02 5.522341411399619981e-02 1.145868024202244678e-01 2.069848701735809704e-01 3.396441498459213948e-01 3.853335692244596600e-01
4.827061114040106599e-05 1.260212005249874891e-03 1.047113995984153348e-02 3.202579179523639547e-02 3.694274036416008572e-02 4.626654984316983660e-02 7.147664055475279332e-02 1.394178510895837386e-01 2.395440486375381151e-01 3.757195105833417981e-01 4.164392363784664153e-01
5.780359819307947762e-05 1.544309651047822644e-03 1.326691973402481690e-02 4.145323695796398339e-02 4.870376694507201620e-02 6.070223326793840884e-02 9.100377908429059526e-02 1.666906120374455624e-01 2.728388847714537935e-01 4.102756150782554956e-01 4.458059701657277052e-01
6.969628164123621659e-05 1.900188188401336770e-03 1.683497215977006189e-02 5.339146240925842640e-02 6.357206465681845831e-02 7.855348912311421739e-02 1.138937769641912151e-01 1.959701704075773598e-01 3.062521757754524954e-01 4.429576464007314307e-01 4.733571596135905390e-01
8.467825313965392372e-05 2.350343233678474104e-03 2.140370218031333385e-02 6.840977667287655162e-02 8.207788508928787197e-02 1.001566136103827082e-01 1.400646899002833401e-01 2.267445031983259252e-01 3.392399935702879454e-01 4.735582413521782219e-01 4.990918526885557149e-01
1.037364552303145015e-04 2.925234924790786131e-03 2.726556599974839720e-02 8.714336666719189883e-02 1.047141690718586121e-01 1.257073968691455601e-01 1.692537232822271254e-01 2.584680895016673308e-01 3.713546016491469093e-01 5.019901257265708683e-01 5.230591052852050504e-01
1.282160731612758727e-04 3.666261442835609848e-03 3.478872559440491369e-02 1.102574095613590432e-01 1.318729683628667437e-01 1.552109938017855739e-01 2.010297845580639453e-01 2.906028293503221116e-01 4.022521248249539827e-01 5.282563062211423910e-01 5.453371153209508604e-01
1.599645822706473222e-04 4.629870658900859560e-03 4.442616822232286350e-02 1.383836141304924938e-01 1.637705316675285294e-01 1.884475808662854079e-01 2.348270186607439858e-01 3.226512006982037439e-01 4.316886479428267975e-01 5.524224828379924457e-01 5.660176164448043057e-01
2.015386132071217927e-04 5.893213136399725292e-03 5.671846517690756068e-02 1.720265581217460815e-01 2.003724217127977325e-01 2.249637119012652120e-01 2.699934735071129466e-01 3.541791816358476619e-01 4.595089713069257509e-01 5.745939931837064085e-01 5.851951042637163480e-01
2.565026010899403323e-04 7.561842148700128642e-03 7.228480806169142181e-02 2.114457851835555013e-01 2.413358387369981262e-01 2.640950615437019366e-01 3.058463724769551195e-01 3.848287788126713016e-01 4.856317547140888702e-01 5.948979399375203814e-01 6.029600982140111975e-01
3.298618917501905954e-04 9.780054670193277441e-03 9.179602305644847526e-02 2.565325700549334065e-01 2.859884362978135086e-01 3.050193984902370148e-01 3.417250675564030282e-01 4.143215795710466498e-01 5.100338273445550463e-01 6.134701877148316385e-01 6.193955827518664581e-01
4.286930352226800888e-04 1.274449187467952688e-02 1.159240099763711868e-01 3.067137098233796988e-01 3.333582496139688711e-01 3.468312394360981710e-01 3.770344345234908356e-01 4.424555155323506850e-01 5.327354442095348919e-01 6.304464762650250353e-01 6.345758521346513970e-01
5.630630119969155453e-04 1.672148237897549614e-02 1.452656558621225891e-01 3.609209405982584662e-01 3.822572592522101020e-01 3.886243872790017817e-01 4.112744570755841322e-01 4.690971551118321425e-01 5.537874461518776936e-01 6.459567877950149750e-01 6.485670976855462122e-01
7.473703598682328916e-04 2.206814869676624116e-02 1.802461494907994510e-01 4.176552656081504167e-01 4.314050998616869581e-01 4.295674202358850668e-01 4.440549995515528647e-01 4.941715742462675087e-01 5.732606941456537264e-01 6.601221699183112968e-01 6.614291725086589580e-01
1.002298098653340262e-03 2.925624744732121738e-02 2.210153962170882946e-01 4.751484015048161313e-01 4.795663503752323198e-01 4.689603714070320617e-01 4.750974180965636950e-01 5.176514058674791530e-01 5.912377811012921036e-01 6.730533475252518105e-01 6.732180315777678281e-01
1.357643478719321737e-03 3.889573837734842943e-02 2.673584830760143971e-01 5.315881170581511217e-01 5.256710932472472564e-01 5.062667329701573404e-01 5.042262450678015595e-01 5.395461908728470535e-01 6.078068241968003216e-01 6.848505964609433727e-01 6.839883847445396015e-01
1.856381287188930886e-03 5.175187019280136358e-02 3.186429319866858623e-01 5.853486667212378647e-01 5.688956761882050239e-01 5.411211349688820338e-01 5.313546734171139541e-01 5.598927314986891224e-01 6.230570530543948493e-01 6.956044700567944883e-01 6.937961390037035159e-01
2.560413336970707079e-03 6.874516653968393287e-02 3.738200811801424828e-01 6.351667693110275570e-01 6.086947232841493083e-01 5.733176096235473862e-01 5.564672359333994178e-01 5.787468168411862290e-01 6.370758881817556452e-01 7.053970566635288098e-01 7.027002685770797896e-01
3.558520869112999797e-03 9.091904221813847109e-02 4.314873384232126297e-01 6.802276730863301424e-01 6.447895201550538635e-01 6.027854280873315984e-01 5.796022935702627166e-01 5.961764531803954714e-01 6.499472167696955793e-01 7.143035045820933515e-01 7.107638527897092162e-01
4.976987805357007202e-03 1.193574333309205815e-01 4.900062718423537911e-01 7.201600031503923027e-01 6.771266429678286514e-01 6.295593607512620649e-01 6.008360486397198441e-01 6.122565758810901704e-01 6.617505975174649002e-01 7.223935893521076235e-01 7.180541619765929973e-01
6.993045587675836630e-03 1.550390866818769087e-01 5.476612826187792216e-01 7.549645040745858182e-01 7.058227261904209682e-01 6.537497253746810122e-01 6.202689988359461060e-01 6.270651259301989189e-01 6.725611504897369697e-01 7.297331298563252133e-01 7.246418323657403127e-01
9.850453663824077638e-03 1.986304753972602810e-01 6.028352610054824590e-01 7.849114553976667130e-01 7.311083911613891484e-01 6.755156510809338100e-01 6.380151453671706330e-01 6.406803233263947961e-01 6.824499075147617555e-01 7.363850967393987812e-01 7.305993207401512146e-01
1.387486640531178546e-02 2.502463390263812704e-01 6.541724481146841130e-01 8.104366425725414436e-01 7.532794839324646885e-01 6.950432276720418523e-01 6.541938755184543153e-01 6.531789451282534742e-01 6.914844146370557887e-01 7.424103079593772359e-01 7.359989354864547861e-01
1.948399706921413385e-02 3.092380653679917546e-01 7.006976008444304460e-01 8.320541292347014561e-01 7.726591673313438768e-01 7.125289188801026130e-01 6.689242224910134649e-01 6.646354059119964353e-01 6.997293960703512283e-01 7.478676732708824382e-01 7.409107796232253795e-01
2.718449815326106495e-02 3.740897153878453563e-01 7.418686254547776082e-01 8.502927146717241813e-01 7.895711556730226066e-01 7.281678325627248816e-01 6.823211130101424216e-01 6.751214355405115164e-01 7.072473160537566805e-01 7.528140245565919653e-01 7.454009095869272850e-01
3.754586415387433512e-02 4.424922530877857252e-01 7.775573479756122675e-01 8.656552785242562775e-01 8.043225957395860881e-01 7.421460653731636326e-01 6.944931979667690047e-01 6.847061512286923834e-01 7.140987165798072800e-01 7.573036375912787221e-01 7.495299265671944156e-01
5.114494531651952308e-02 5.116204774005346234e-01 8.079732639273867756e-01 8.785965177069234855e-01 8.171944377722440978e-01 7.546362403060062896e-01 7.055418859245407015e-01 6.934563297241764790e-01 7.203422659332525679e-01 7.613875966477400281e-01 7.533521036379516866e-01
6.848554054919481215e-02 5.785638227106854048e-01 8.335581293274778591e-01 8.895137148354567147e-01 8.284371598579185481e-01 7.657954124613830516e-01 7.155612390056922401e-01 7.014367052083682053e-01 7.260345193454360579e-01 7.651131648712488076e-01 7.569150427983005747e-01
8.991325008637247873e-02 6.407917647338994271e-01 8.548799313377941633e-01 8.987458041008770104e-01 8.382700478034957881e-01 7.757646437951630780e-01 7.246384323011426654e-01 7.087101532279136418e-01 7.312294566720239919e-01 7.685232990671124753e-01 7.602597748288032475e-01
1.155557265911465042e-01 6.965089969770145162e-01 8.725458031319464069e-01 9.065771498287554797e-01 8.468826603633421435e-01 7.846696870918573596e-01 7.328545174724715450e-01 7.153376713553926125e-01 7.359779082997748301e-01 7.716563967426058879e-01 7.634211722919488352e-01
1.453115980397658991e-01 7.448001914682507163e-01 8.871416801323084300e-01 9.132435936608535032e-01 8.544375065561169436e-01 7.926223446512579152e-01 7.402852706954313744e-01 7.213781287178803181e-01 7.403269981828474178e-01 7.745463021638961942e-01 7.664285401293692290e-01
1.788892343205081836e-01 7.855574963372117248e-01 8.991974336236995269e-01 9.189392436995896807e-01 8.610732803916855138e-01 7.997221680443766800e-01 7.470019493588156978e-01 7.268878188669762874e-01 7.443197188161042588e-01 7.772225437102098233e-01 7.693062687632236107e-01
2.158749023229727393e-01 8.192667733054000978e-01 9.091716821505766433e-01 9.238231339745880399e-01 8.669082314582877702e-01 8.060582429138344329e-01 7.530718349705001202e-01 7.319199005813701309e-01 7.479947135608729925e-01 7.797107387358338526e-01 7.720744681430021794e-01
2.558030100363805071e-01 8.467552728838149134e-01 9.174495934731961011e-01 9.280253119663813832e-01 8.720434089932709298e-01 8.117108644343088431e-01 7.585585015631434169e-01 7.365238375891842715e-01 7.513862905930304148e-01 7.820330884810167138e-01 7.747495362138930863e-01
2.982090564265005295e-01 8.689770336699962350e-01 9.243480513425993417e-01 9.316521730270160839e-01 8.765656202876253023e-01 8.167529638726024332e-01 7.635218139942399063e-01 7.407449455566669227e-01 7.545246450525415760e-01 7.842088912096565334e-01 7.773446443099426562e-01
3.426585636897169773e-01 8.868674012993380540e-01 9.301242127131343906e-01 9.347910068373296300e-01 8.805500100087206850e-01 8.212512020466015139e-01 7.680177186555102731e-01 7.446241261917275756e-01 7.574362331919823887e-01 7.862550194837440998e-01 7.798701418444257127e-01
3.887542337448883223e-01 9.012638951993993119e-01 9.349849913980520233e-01 9.375137943625917458e-01 8.840622112698556245e-01 8.252667039380855440e-01 7.720979286922063922e-01 7.481978244273274070e-01 7.601442291087522340e-01 7.881863294054286539e-01 7.823338935432512242e-01
4.361267869102885553e-01 9.128755411305885525e-01 9.390961218115243536e-01 9.398803241096090888e-01 8.871600539992313683e-01 8.288554666465367537e-01 7.758096186654427351e-01 7.514981990366635944e-01 7.626689990075439241e-01 7.900159896349832067e-01 7.847415663260927099e-01
4.844143848678134079e-01 9.222814231700425802e-01 9.425901813934309814e-01 9.419407043036486238e-01 8.898948482770143720e-01 8.320685216080914159e-01 7.791952284996636058e-01 7.545534615770376208e-01 7.650285436972024122e-01 7.917557326735573664e-01 7.870968822850992197e-01
5.332338521647816965e-01 9.299437800840221202e-01 9.455733734857981743e-01 9.437373462087425002e-01 8.923122913194568850e-01 8.349519615078878632e-01 7.822924402800860433e-01 7.573883198472944889e-01 7.672388799732506870e-01 7.934160394883712497e-01 7.894018512401816956e-01
5.821460222080918623e-01 9.362264025604403184e-01 9.481310940460924153e-01 9.453064911015061078e-01 8.944530736012666905e-01 8.375469460294682200e-01 7.851343461655466704e-01 7.600244604624858402e-01 7.693143498848902251e-01 7.950062719520205601e-01 7.916569926137350111e-01
6.306187737329531640e-01 9.414133252803388308e-01 9.503324054797268605e-01 9.466793528954723369e-01 8.963532767534956314e-01 8.398897790567119159e-01 7.877497843974961000e-01 7.624810163919817363e-01 7.712678603709521852e-01 7.965347673959974895e-01 7.938615527631168733e-01
6.779956430483013996e-01 9.457255295682766016e-01 9.522335738629734703e-01 9.478829500836009059e-01 8.980446586188334246e-01 8.420121112156789822e-01 7.901637926318751948e-01 7.647749830408855365e-01 7.731110635447078216e-01 7.980089074798808468e-01 7.960137208395794417e-01
7.234851178904306845e-01 9.493349029139021011e-01 9.538808260586657539e-01 9.489407020836239104e-01 8.995549079510194446e-01 8.439412781845229139e-01 7.923981172348679713e-01 7.669215648025207166e-01 7.748544908398681264e-01 7.994351708139422197e-01 7.981108438130850580e-01
7.661922608714958338e-01 9.523754617808453116e-01 9.553124701690677290e-01 9.498728629623186537e-01 9.009079260840595627e-01 8.457007490667255434e-01 7.944717217865995273e-01 7.689344490228041673e-01 7.765076538597994738e-01 8.008191761272798193e-01 8.001496394800350354e-01
8.052110398227471100e-01 9.549521628039304710e-01 9.565605062600581743e-01 9.506968575307351843e-01 9.021241623862886749e-01 8.473106378770477454e-01 7.964012523770535035e-01 7.708260143045666535e-01 7.780791226737502342e-01 8.021657206171532994e-01 8.021264049812786290e-01
8.397721148003152170e-01 9.571477174799413179e-01 9.576518382540565311e-01 9.514275707802347659e-01 9.032210022845680308e-01 8.487882263150785533e-01 7.982014351071097247e-01 7.726074851431259383e-01 7.795765896757962388e-01 8.034788165388979664e-01 8.040372175311074621e-01
8.694006786353406513e-01 9.590278100399075578e-01 9.586091829967207101e-01 9.520776237856098945e-01 9.042131870521173953e-01 8.501484539759109893e-01 7.998853975306844388e-01 7.742890461391520596e-01 7.810069246819406619e-01 8.047617280371086590e-01 8.058781236391604486e-01
8.940131544594208668e-01 9.606450630298891680e-01 9.594517580622683450e-01 9.526576511914294221e-01 9.051132358383107146e-01 8.514043470162279137e-01 8.014649177759640697e-01 7.758799278966250768e-01 7.823762249989677509e-01 8.060170095543472968e-01 8.076453130496253907e-01
9.139044999470812281e-01 9.620420322801568336e-01 9.601958150975965500e-01 9.531765807883424424e-01 9.059318415005370717e-01 8.525673722663066334e-01 8.029506120383577139e-01 7.773884744324243146e-01 7.836898628005272149e-01 8.072465467535110406e-01 8.093352738785913880e-01
9.296392155303887517e-01 9.632534560560123138e-01 9.608550702611224903e-01 9.536419066561223623e-01 9.066782193367948217e-01 8.536477168626314116e-01 8.043520737459245451e-01 7.788221993831342393e-01 7.849525312055978254e-01 8.084516006432297397e-01 8.109449259466142701e-01
9.419057797359986495e-01 9.643079363808667592e-01 9.614410682269824981e-01 9.540599441818510273e-01 9.073603978788534752e-01 8.546545019243622088e-01 8.056779773054052463e-01 7.801878360003825508e-01 7.861682898489986693e-01 8.096328554182743442e-01 8.124717300173496248e-01
9.513928833663743978e-01 9.652291934177464894e-01 9.619635024772338339e-01 9.544360566772174259e-01 9.079854502813149431e-01 8.555959426842810744e-01 8.069361573235732665e-01 7.814913840932304900e-01 7.873406103523725719e-01 8.107904703617496711e-01 8.139137714968321946e-01
9.587137945066731559e-01 9.660370043038248866e-01 9.624305034305535855e-01 9.547748472974194600e-01 9.085596716722535993e-01 8.564794679226533924e-01 8.081336716401318343e-01 7.827381557363716214e-01 7.884724218657528372e-01 8.119241359688940118e-01 8.152698180535918882e-01
9.643757738214270292e-01 9.667479137135749356e-01 9.628488981766932797e-01 9.550803145619313206e-01 9.090887115844673572e-01 8.573118099501934042e-01 8.092768540771224650e-01 7.839328206546271050e-01 7.895661567009494286e-01 8.130331342289235375e-01 8.165393515237174826e-01
9.687790270348876076e-01 9.673757830309246408e-01 9.632244413361599200e-01 9.553559736403721692e-01 9.095776716611909674e-01 8.580990739630079966e-01 8.103713608246970734e-01 7.850794516229917530e-01 7.906237959850671571e-01 8.141164027418096305e-01 8.177225753123864571e-01
9.722301222810021404e-01 9.679322274839560203e-01 9.635620153042213643e-01 9.556049480652070161e-01 9.100311780652378113e-01 8.588467931672499889e-01 8.114222129204901046e-01 7.861815698926218898e-01 7.916469152043394963e-01 8.151726020625892355e-01 8.188203992507521178e-01
9.749598813980739909e-01 9.684269757283473501e-01 9.638657988954856259e-01 9.558300376258320741e-01 9.104534363006163700e-01 8.595599740604503713e-01 8.124338362839794714e-01 7.872421904862096920e-01 7.926367294709351086e-01 8.162001853755643799e-01 8.198344044833140165e-01
9.771405805044023340e-01 9.688681742873079816e-01 9.641394051114865471e-01 9.560337681878108285e-01 9.108482741816187334e-01 8.602431347768385583e-01 8.134101001324022251e-01 7.882638671390406193e-01 7.935941383186956299e-01 8.171974693274102197e-01 8.207667914268713671e-01
9.789004359903372698e-01 9.692626501212392442e-01 9.643859905277508693e-01 9.562184284828733061e-01 9.112191768955550941e-01 8.609003384008405702e-01 8.143543542234472632e-01 7.892487366500592350e-01 7.945197698112994589e-01 8.181627046154972271e-01 8.216203141496288831e-01
9.803349963337220085e-01 9.696161383742967210e-01 9.646083400932586871e-01 9.563860979087960290e-01 9.115693167025682442e-01 8.615352225057774094e-01 8.152694651541151361e-01 7.901985624206484538e-01 7.954140237242031120e-01 8.190941447577451129e-01 8.223982046687662306e-01
9.815157622856561792e-01 9.699334787169647809e-01 9.648089317507275720e-01 9.565386683367050891e-01 9.119015788304779546e-01 8.621510257629183549e-01 8.161578518309191566e-01 7.911147769793139828e-01 7.962771135384612009e-01 8.199901113809628939e-01 8.231040906649500499e-01
9.824965688305463685e-01 9.702187821238815735e-01 9.649899852712898740e-01 9.566778620058075111e-01 9.122185844909592722e-01 8.627506121978599785e-01 8.170215201709288833e-01 7.919985233079965825e-01 7.971091069603242207e-01 8.208490543679370921e-01 8.237419099766549735e-01
9.833182549889463164e-01 9.704755697188081065e-01 9.651534992365702337e-01 9.568052468593625237e-01 9.125227115678163914e-01 8.633364934885401354e-01 8.178620970677875635e-01 7.928506947955953343e-01 7.979099646568719173e-01 8.216696053040879466e-01 8.243158249839089846e-01
9.840120628920887569e-01 9.707068858212418716e-01 9.653012794095704452e-01 9.569222501478042986e-01 9.128161133137996375e-01 8.639108495693778034e-01 8.186808636431166519e-01 7.936719736446270490e-01 7.986795768765928560e-01 8.224506228587991075e-01 8.248301396415226305e-01
9.846021094372655602e-01 9.709153880075180876e-01 9.654349609924812725e-01 9.570301707690912485e-01 9.131007352653269793e-01 8.644755477106090824e-01 8.194787877883584759e-01 7.944628675470846169e-01 7.994177976064156255e-01 8.231912290128112764e-01 8.252892214996195852e-01
9.851071868104345208e-01 9.711034175090361709e-01 9.655560265918289309e-01 9.571301905929950893e-01 9.133783304943846604e-01 8.650321601673495175e-01 8.202565559747039270e-01 7.952237444248271281e-01 8.001244759041559185e-01 8.238908353824297981e-01 8.256974305792760260e-01
9.855420788477887717e-01 9.712730534583244868e-01 9.656658211558990512e-01 9.572233848837137238e-01 9.136504732328984968e-01 8.655819804252429250e-01 8.210146042602375349e-01 7.959548649972316703e-01 8.007994840378737100e-01 8.245491592693880989e-01 8.260590564786411960e-01
9.859185279449798056e-01 9.714261543555313683e-01 9.657655647273140076e-01 9.573107318571789648e-01 9.139185708082787629e-01 8.661260379927022690e-01 8.217531483463621500e-01 7.966564128937405620e-01 8.014427420611912600e-01 8.251662294550208276e-01 8.263782645947861383e-01
9.862459490123169914e-01 9.715643897458302591e-01 9.658563635495134303e-01 9.573931213558853903e-01 9.141838737072295329e-01 8.666651115876119471e-01 8.224722124256202971e-01 7.973285219723934558e-01 8.020542384571871519e-01 8.257423821328118141e-01 8.266590518818862643e-01
9.865319595324496538e-01 9.716892645840903286e-01 9.659392198531293605e-01 9.574713625732269584e-01 9.144474834301159483e-01 8.671997404283217081e-01 8.231716564233946265e-01 7.979713004435885493e-01 8.026340464970700417e-01 8.262782477128602920e-01 8.269052121477179496e-01
9.867827752664041219e-01 9.718021382187671531e-01 9.660150405001896035e-01 9.575461906976091564e-01 9.147103576092410204e-01 8.677302331686488346e-01 8.238512010834534438e-01 7.985848513459365972e-01 8.031823359934594508e-01 8.267747295220047032e-01 8.271203105347777473e-01
9.870035073489707989e-01 9.719042394255699158e-01 9.660846445597556231e-01 9.576182722694773775e-01 9.149733116560161417e-01 8.682566738450415711e-01 8.245104502205191643e-01 7.991692889061393634e-01 8.036993801999465781e-01 8.272329756614853480e-01 8.273076665520093798e-01
9.871983867526010759e-01 9.719966785047808866e-01 9.661487698158547355e-01 9.576882089586405966e-01 9.152370160170557600e-01 8.687789241015547725e-01 8.251489094285535675e-01 7.997247503803813773e-01 8.041855577457303061e-01 8.276543454776611464e-01 8.274703448247039406e-01
9.873709351707403714e-01 9.720804571414688455e-01 9.662080781644480920e-01 9.577565393954392547e-01 9.155019880416264133e-01 8.692966210428895169e-01 8.257660006849384393e-01 8.002514031754731638e-01 8.046413497284439220e-01 8.280403722647733389e-01 8.276111526134110052e-01
9.875240964122751208e-01 9.721564765168880795e-01 9.662631598464356264e-01 9.578237386644529172e-01 9.157685776226370811e-01 8.698091704952445324e-01 8.263610727334644857e-01 8.007494474370564497e-01 8.050673324456520952e-01 8.283927239649410135e-01 8.277326431094076398e-01
9.876603388002763717e-01 9.722255440449337760e-01 9.663145365000099796e-01 9.578902151453266844e-01 9.160369463326847317e-01 8.703157363894593601e-01 8.269334079420864736e-01 8.012191148952603204e-01 8.054641667272037786e-01 8.287131637592978217e-01 8.278371235278357831e-01
9.877817364104083397e-01 9.722883790765247669e-01 9.663626631105063369e-01 9.579563046192763887e-01 9.163070408837487024e-01 8.708152285084552746e-01 8.274822275073798750e-01 8.016606655374243218e-01 8.058325853897223556e-01 8.290035125298148566e-01 8.279266670660642147e-01
9.878900349811987613e-01 9.723456179464805560e-01 9.664079290941069988e-01 9.580222619937520667e-01 9.165785634439651552e-01 8.713062928670199936e-01 8.280066982521414598e-01 8.020743844953085455e-01 8.061733808563045223e-01 8.292656151558034372e-01 8.280031278466001288e-01
9.879867067836378691e-01 9.723978188006014989e-01 9.664506589598469422e-01 9.580882516257017700e-01 9.168509434896358057e-01 8.717873111315855850e-01 8.285059454661610756e-01 8.024605821390103921e-01 8.064873952857327666e-01 8.295013124082366573e-01 8.280681579963163896e-01
9.880729975111008923e-01 9.724454666921804602e-01 9.664911132112086189e-01 9.581543379573415065e-01 9.171233179983118156e-01 8.722564170240295622e-01 8.289790767226130619e-01 8.028196004307535105e-01 8.067755154196657452e-01 8.297124197347736096e-01 8.281232260145235946e-01
9.881499672399427503e-01 9.724889794270740184e-01 9.665294903041121710e-01 9.582204788280764829e-01 9.173945281446224120e-01 8.727115376504848143e-01 8.294252207748583627e-01 8.031518278024979418e-01 8.070386736125697569e-01 8.299007134507100369e-01 8.281696355600033366e-01
9.882185266509522226e-01 9.725287145217392792e-01 9.665659304872252777e-01 9.582865241267701784e-01 9.176631403610849835e-01 8.731504653168166152e-01 8.298435831375290395e-01 8.034577230619096566e-01 8.072778551407643333e-01 8.300679238255735948e-01 8.282085437739686862e-01
9.882794689747761430e-01 9.725649774034390571e-01 9.666005221447944162e-01 9.583522221410389896e-01 9.179274970139912337e-01 8.735709603709332915e-01 8.302335159480315196e-01 8.037378463264196471e-01 8.074941101208605865e-01 8.302157334681201650e-01 8.282409783007652626e-01
9.883334975658185639e-01 9.725980306556878396e-01 9.666333108305081856e-01 9.584172349199396868e-01 9.181857970211199094e-01 8.739708786721664957e-01 8.305945950616572260e-01 8.039928923579253706e-01 8.076885666790958318e-01 8.303457785517928125e-01 8.282678523160504902e-01
