7.958864679657716043e-20 1.218156057163150837e-18 4.310520453363596679e-18 1.288566462789647043e-17 5.201073585189146778e-17 1.313002674026293797e-16 2.918903343756954647e-16 5.154798109547716471e-16 8.802497430012530685e-16 1.620256681366104972e-15 6.866735245412265907e-15
1.278850360746117849e-19 1.802793951815944878e-18 6.298631084634392850e-18 1.846692858800423548e-17 7.410092278457791583e-17 1.869019817662414756e-16 4.155652549568823247e-16 7.367767446706543266e-16 1.264458478587705002e-15 2.334636452549562411e-15 9.898025271394380767e-15
2.080847900625645681e-19 2.690509708684315575e-18 9.261322393431067748e-18 2.653350716352201511e-17 1.057057469199816722e-16 2.663299843312948711e-16 5.923044205922012080e-16 1.055286170876438010e-15 1.822174344976010140e-15 3.377465121809399338e-15 1.432356778444545263e-14
3.425936662713577059e-19 4.053179849729305950e-18 1.371479618755894871e-17 3.824095144537894421e-17 1.510222767912011262e-16 3.800065645239386778e-16 8.453856946778164889e-16 1.515389372116078824e-15 2.635995472636487003e-15 4.909635829234732941e-15 2.082114440956506365e-14
5.701349362956803199e-19 6.168823908454220076e-18 2.047180098540684078e-17 5.531532630540844535e-17 2.161704793947194595e-16 5.430692431790063103e-16 1.208681456992080156e-15 2.182950358580996645e-15 3.830747408766411511e-15 7.177497351300356798e-15 3.041716679701980674e-14
9.578205719382549400e-19 9.491484854600951567e-18 3.082383034052609091e-17 8.035557545526265635e-17 3.101232131389935659e-16 7.776140228256421698e-16 1.731756860596892920e-15 3.156541586805121934e-15 5.596860689113758030e-15 1.056203027497597221e-14 4.467195653601411785e-14
1.622149444712455356e-18 1.476875501513625933e-17 4.683982099829865806e-17 1.173073527578664129e-16 4.461169732679354746e-16 1.116078191299002771e-15 2.487607931728672893e-15 4.585033000468320421e-15 8.227607839851717805e-15 1.565784583386087871e-14 6.596172599785363787e-14
2.765445358564265937e-18 2.323963944659775821e-17 7.185646064015752536e-17 1.722104001040354631e-16 6.438092366482598227e-16 1.606384568200597279e-15 3.584519756279306144e-15 6.695396395721657599e-15 1.217873407295959376e-14 2.340013572137363800e-14 9.790319706468763232e-14
4.738875540749046755e-18 3.696744433725365658e-17 1.112825699734888122e-16 2.543835882159988020e-16 9.326033860970800924e-16 2.319830698268040443e-15 5.184413711633074888e-15 9.836987518598606135e-15 1.816424371327759363e-14 3.526804790912282812e-14 1.459843278729739600e-13
8.150974484643026095e-18 5.939852323343092428e-17 1.739157302391557102e-16 3.783112145023240792e-16 1.356810824116301943e-15 3.363288019460677326e-15 7.531498156471204828e-15 1.455247580438235674e-14 2.731035203939794349e-14 5.360837335918356764e-14 2.184858547804650147e-13
1.405356680091559515e-17 9.629646255667705802e-17 2.740890120110828085e-16 5.666531097800981003e-16 1.983719194550534631e-15 4.898214719608505992e-15 1.099739174157034270e-14 2.169187734385827437e-14 4.140240253671027841e-14 8.214565127541986978e-14 3.278022597330852638e-13
2.425835849242491976e-17 1.572955967659829393e-16 4.351526067839233015e-16 8.550542709037700140e-16 2.916278214927683203e-15 7.170506055923586274e-15 1.615272328717364677e-14 3.259615223403347869e-14 6.327897163495372477e-14 1.267756560237853963e-13 4.922950605184647197e-13
4.187228217017780277e-17 2.584670597202031401e-16 6.950835332373109169e-16 1.299832005883739667e-15 4.313151130103459975e-15 1.055767420222882736e-14 2.388144226313918104e-14 4.939254204882818159e-14 9.745614147170354604e-14 1.967801910375101899e-13 7.388322306114199687e-13
7.219565214939683608e-17 4.265234289174375519e-16 1.115455890977588122e-15 1.990257456142064092e-15 6.420556908405290969e-15 1.564386695015576817e-14 3.556414868022447797e-14 7.546809962962260483e-14 1.511062530071753639e-13 3.066526296571037018e-13 1.106179923381311338e-12
1.242158874201004706e-16 7.056452174768390551e-16 1.795665574299448382e-15 3.068165266758440360e-15 9.623052985457677673e-15 2.333978370537923867e-14 5.337292821607183599e-14 1.162246281209951912e-13 2.355728007136189993e-13 4.787841844122699773e-13 1.649410560821797412e-12
2.130679732949244839e-16 1.168450865176031083e-15 2.895289481333292718e-15 4.759252910075945656e-15 1.452485693612896850e-14 3.507523043466803325e-14 8.074590046811258833e-14 1.802726254152654924e-13 3.686794503585279522e-13 7.473258759837997178e-13 2.445469379858656285e-12
3.640452314356626441e-16 1.933428459567678807e-15 4.668919732138218720e-15 7.423060930262514960e-15 2.208060783111125738e-14 5.310946469581289565e-14 1.231500669931753102e-13 2.813000607359211312e-13 5.781877404991007191e-13 1.163602052619808209e-12 3.599997029874893527e-12
6.190640959214739431e-16 3.192303502596053662e-15 7.519972945143260355e-15 1.163292734152823495e-14 3.380651487036814667e-14 8.103275883590491414e-14 1.893034189786526997e-13 4.409607394160453885e-13 9.068728083881360256e-13 1.803495264605425712e-12 5.255441452180719614e-12
1.046959907613415690e-15 5.252462505076728261e-15 1.208318477245938429e-14 1.830434836296495385e-14 5.212278411483153495e-14 1.245782483589805053e-13 2.931217244630596698e-13 6.932729459702876822e-13 1.419812051799246431e-12 2.777233270748023205e-12 7.600418678674163497e-12
1.759676371313424310e-15 8.601850339784624285e-15 1.935033725381770348e-14 2.890219221947412163e-14 8.091125620380132540e-14 1.929360631875523159e-13 4.567950959956032369e-13 1.091205724438379612e-12 2.214603376550744539e-12 4.241970597931733319e-12 1.088021960635901036e-11
2.937383204713379057e-15 1.400691481615098373e-14 3.086121792383921777e-14 4.577766505447870170e-14 1.264267724626044664e-13 3.008766476206560757e-13 7.156001981339691072e-13 1.716355695143304061e-12 3.435324884874329959e-12 6.417457976754841903e-12 1.540833767474265881e-11
4.866903011289930868e-15 2.265844851490895035e-14 4.899361435704458683e-14 7.272097913202699108e-14 1.987902929331299858e-13 4.721678690143869753e-13 1.125332918593288332e-12 2.692870468436037382e-12 5.291087065332485073e-12 9.604933830444381760e-12 2.157894594272658344e-11
7.999649802107756438e-15 3.638593946186848869e-14 7.740541235196350877e-14 1.158757876515616104e-13 3.144367597080403311e-13 7.450388937580788359e-13 1.773618681727895436e-12 4.207031028279402254e-12 8.079980263918083848e-12 1.420917340973112688e-11 2.988041579224340342e-11
1.303768505346369334e-14 5.796884618987445036e-14 1.217141281665369506e-13 1.852639557109729813e-13 5.001214424477797388e-13 1.180837609123191942e-12 2.796831024964896214e-12 6.534124787414454628e-12 1.221905997746594357e-11 2.076343969432127227e-11 4.091026809908947492e-11
2.105958992695414209e-14 9.158400789554133346e-14 1.905542059150377301e-13 2.973419219502091879e-13 7.994475729884354939e-13 1.877586465038086032e-12 4.404915764192830125e-12 1.007436863684314835e-11 1.828073594203496519e-11 2.995696941367296048e-11 5.539238701141247227e-11
3.370173512903613753e-14 1.434439219724311475e-13 2.972469111665712771e-13 4.792956359678911554e-13 1.283421553212354378e-12 2.990900305654303624e-12 6.917044915230486232e-12 1.539961498352314109e-11 2.703556891717180327e-11 4.266469129910948350e-11 7.419788707436536075e-11
5.341529680363754711e-14 2.227041414529965774e-13 4.624796856206720891e-13 7.762429487146158732e-13 2.067337825252956022e-12 4.765710601590782862e-12 1.081164373094096211e-11 2.331233884491912967e-11 3.950111048527032756e-11 5.997920986075001699e-11 9.837166165892291343e-11
8.382512070188596359e-14 3.427557375836881797e-13 7.186667438397884205e-13 1.263238222694702323e-12 3.337416218303579114e-12 7.583431968358008736e-12 1.679483839906202468e-11 3.491793701470189990e-11 5.699617823470471900e-11 8.324577454776463691e-11 1.291672928188266237e-10
1.302234397682454505e-13 5.230820984441381227e-13 1.117121085727510488e-12 2.065077691602350751e-12 5.392121988791882629e-12 1.203054142816859871e-11 2.589161937389559023e-11 5.171070793703548024e-11 8.120001759151921304e-11 1.141020225398957352e-10 1.680936077137140049e-10
2.002398392460432657e-13 7.919690582620093706e-13 1.739915153077138888e-12 3.388519927069851605e-12 8.705017671568588520e-12 1.899587220336139461e-11 3.956385133996408790e-11 7.567314857479509317e-11 1.142163556598345076e-10 1.545256979239087087e-10 2.169766838669123346e-10
3.047394828899619266e-13 1.190550061020740598e-12 2.719492042517711646e-12 5.573800241159233848e-12 1.401827750550237443e-11 2.980501348385674200e-11 5.985856017568747176e-11 1.093876327731900941e-10 1.586435686990589944e-10 2.068952027871082487e-10 2.780415367399004548e-10
4.590160518398566176e-13 1.779006318155580464e-12 4.270910038042819552e-12 9.175334383799141786e-12 2.247847473234846288e-11 4.640073465499403044e-11 8.958865667102383828e-11 1.561594530858581111e-10 2.176541522001718003e-10 2.740695648197495810e-10 3.540181272136409973e-10
6.843673228277882813e-13 2.646329362081073540e-12 6.744305302281857368e-12 1.508528922261686054e-11 3.582861163391620211e-11 7.157796092747747521e-11 1.325465485490476405e-10 2.201510011838157266e-10 2.950893671764303499e-10 3.594960374070130371e-10 4.482768207693047770e-10
1.010176064291026156e-12 3.926055990775837619e-12 1.070901290134708290e-11 2.471809518779764033e-11 5.667211901951219391e-11 1.092802224053138426e-10 1.937493104876912447e-10 3.065288997087074024e-10 3.955781633519062057e-10 4.673549551240713965e-10 5.649991772191675493e-10
1.476678637809995573e-12 5.822059502319819594e-12 1.708604899459084273e-11 4.027859040288730236e-11 8.882509683532039749e-11 1.649615907674034153e-10 2.797128517968573932e-10 4.216294331166529888e-10 5.246929570747922175e-10 6.027526312620052064e-10 7.093911340778784482e-10
2.138709632384921559e-12 8.651205815881499658e-12 2.735248516768160551e-11 6.514061739987060609e-11 1.377717787294628055e-10 2.460141928429175187e-10 3.987526944920026958e-10 5.731526952580421371e-10 6.891582311510500506e-10 7.719741372435241191e-10 8.879474464814561908e-10
3.070900910511849075e-12 1.291399503612290268e-11 4.384958933510081593e-11 1.043655354674111472e-10 2.112346478988312342e-10 3.622572604536179312e-10 5.613115063957738974e-10 7.704022420784938424e-10 8.971309522321088075e-10 9.828090405496198527e-10 1.108778813294696408e-09
4.375153671629984691e-12 1.941092585035791434e-11 7.023607162061796967e-11 1.653900737108573506e-10 3.198648418435762279e-10 5.264807434627109243e-10 7.803192804654353483e-10 1.024594213173703013e-09 1.158574382508596777e-09 1.244965022862464753e-09 1.382016570841809687e-09
6.191805372378616377e-12 2.943213824927314779e-11 1.121374887331462139e-10 2.589091251128635922e-10 4.780512558236035996e-10 7.550366789350257513e-10 1.071601518812321927e-09 1.349267216462735051e-09 1.485749193948302505e-09 1.570587245659994054e-09 1.720314270624429157e-09
8.716967992753461041e-12 4.506193142712840361e-11 1.780514116116921679e-10 3.999708851173916921e-10 7.048398741888040112e-10 1.068476879367640247e-09 1.454363899079886197e-09 1.760831146893316790e-09 1.893848394845698158e-09 1.974905859943007588e-09 2.139470984183352291e-09
1.223032700741840851e-11 6.965903280775066204e-11 2.805734491965227210e-10 6.092896585674244128e-10 1.024951131713728733e-09 1.492247904770722869e-09 1.951797919287070877e-09 2.279299206171675129e-09 2.401806251608047016e-09 2.477040583640266840e-09 2.659207957793899352e-09
1.714074724618740992e-11 1.085987782703257107e-10 4.380095342948206869e-10 9.147677980762667442e-10 1.469886087060909341e-09 2.057474688770605643e-09 2.591869586648744438e-09 2.929252885214125960e-09 3.033317106494198640e-09 3.101000115934158370e-09 3.304138528077071008e-09
2.406207780637467016e-11 1.703948162564714400e-10 6.764332295008047987e-10 1.353206630070406103e-09 2.079125549494320776e-09 2.801892214383088464e-09 3.408370714796003476e-09 3.741095381684604118e-09 3.818108752657664902e-09 3.876925581437623700e-09 4.104981395048975021e-09
3.393968726964960434e-11 2.683546795538460969e-10 1.032232539718114016e-09 1.972182706810230240e-09 2.901452912505418904e-09 3.771018335202075052e-09 4.442328446621638687e-09 4.752656295646333436e-09 4.793527724710063464e-09 4.842641473953428128e-09 5.100079979019500990e-09
4.826106588396352834e-11 4.229631724396221468e-10 1.555170235911910408e-09 2.832077161103469453e-09 3.996472398846888609e-09 5.019696973233798386e-09 5.743882694549663779e-09 6.011221384711988653e-09 6.006511222107991032e-09 6.045595099054893188e-09 6.337306388340985217e-09
6.940345059432327497e-11 6.652257515383800363e-10 2.311959366416056602e-09 4.008278812890884169e-09 5.436448267659797816e-09 6.614175769335927803e-09 7.374754101198607930e-09 7.576077769749377462e-09 7.516042999413326860e-09 7.545286934856421094e-09 7.876448420461774427e-09
1.012006560787813415e-10 1.041234881655105229e-09 3.390339243071431655e-09 5.593640225997852168e-09 7.308653185517676932e-09 8.634912830277630669e-09 9.411439269908757610e-09 9.521689281619538291e-09 9.396219033861411516e-09 9.416320614809900616e-09 9.792203158787914227e-09
1.498535755342394911e-10 1.618238500491042665e-09 4.903637653478468918e-09 7.701350380344681324e-09 9.718479440085733666e-09 1.118033260499165780e-08 1.194928924534120667e-08 1.194165037376547360e-08 1.174008393291803945e-08 1.175223376579767651e-08 1.217793253273171543e-08
2.253681453552842075e-10 2.492484302634826041e-09 6.995835095899093912e-09 1.046849324299271719e-08 1.279362876405929462e-08 1.437177335537152160e-08 1.510765635062337075e-08 1.495361165573183776e-08 1.466444213407150338e-08 1.467031154654945666e-08 1.515037643734700370e-08
3.437852712223550149e-10 3.799082283210009920e-09 9.847218665275468088e-09 1.406067891529325218e-08 1.668975103363415228e-08 1.835989387466388257e-08 1.903633859078805473e-08 1.870542700306594977e-08 1.831590089145669653e-08 1.831763576583810445e-08 1.885556985645128046e-08
5.305736072921654440e-10 5.724072310880246954e-09 1.368083553205919523e-08 1.867825136059212727e-08 2.159794905250352536e-08 2.333284373165531136e-08 2.392361461064181350e-08 2.338284303043462296e-08 2.287846756954744992e-08 2.287868682703025602e-08 2.347627465403991069e-08
8.256921181642213192e-10 8.518813808926815963e-09 1.877013106339117887e-08 2.456468333755201315e-08 2.775461183474452193e-08 2.952655975321974569e-08 3.000624960399263966e-08 2.921913889379554129e-08 2.858310553553842284e-08 2.858489703501168778e-08 2.924131776657672078e-08
1.290998395091757257e-09 1.251675270814777148e-08 2.544837874882741004e-08 3.201786000530088201e-08 3.545409404197542367e-08 3.723764212213238102e-08 3.758196693377717552e-08 3.650723155530808495e-08 3.571975565700893022e-08 3.572665645265463441e-08 3.643732983094065099e-08
2.020883644155969469e-09 1.815260054654504331e-08 3.412076474429601253e-08 4.140503200214005137e-08 4.506484100316368044e-08 4.683939542226482057e-08 4.702502484467246521e-08 4.561489406426117474e-08 4.465245993928110108e-08 4.466840203648177103e-08 4.542350736294544071e-08
3.157259307831776333e-09 2.598402560489439575e-08 4.528026105513915119e-08 5.318230213319316123e-08 5.704968583211796776e-08 5.880180029380106904e-08 5.880571681683276781e-08 5.700389926808284044e-08 5.583838743401257610e-08 5.586758415207517779e-08 5.665018446021614158e-08
4.910308468258862754e-09 3.671615417412998809e-08 5.952869135373273847e-08 6.791962302794994087e-08 7.199123588200273362e-08 7.371641567464100977e-08 7.351483424847527563e-08 7.125410803619359079e-08 6.985176919343533083e-08 6.989851051475775634e-08 7.068220547680594981e-08
7.586756775314279184e-09 5.122955495549812963e-08 7.760465375760906940e-08 8.633245903948419514e-08 9.062353594121747754e-08 9.232750561423213133e-08 9.189440092993829276e-08 8.909378137856811765e-08 8.741400990338699949e-08 8.748232717261905170e-08 8.822834935266818588e-08
1.162782897661485471e-08 7.061296032702727021e-08 1.004202223879414934e-07 1.093215388824438969e-07 1.138715579578519187e-07 1.155710464702310466e-07 1.148763239646129618e-07 1.114377244545672586e-07 1.094315728965267692e-07 1.095247233236627745e-07 1.101783833389408909e-07
1.765956420777865166e-08 9.620277084168767046e-08 1.291086306965807080e-07 1.380225276637303548e-07 1.429005328794319442e-07 1.446237129275126969e-07 1.436310239611403835e-07 1.394352855657256878e-07 1.370436501433607436e-07 1.371633592061850254e-07 1.376497364715047153e-07
2.655880302319644049e-08 1.296323727986520186e-07 1.650854912097577898e-07 1.738680039080272503e-07 1.791777222120494992e-07 1.809644847212277630e-07 1.796286323662655847e-07 1.745307573737559961e-07 1.716821517846211048e-07 1.718275363475213719e-07 1.720463036718533698e-07
3.953897851267917893e-08 1.728954283794074759e-07 2.101265919646229428e-07 2.186648596741788784e-07 2.245499437283025530e-07 2.264521887897598240e-07 2.247160056655328485e-07 2.185393889818031157e-07 2.151472089071432501e-07 2.153132852968736315e-07 2.151325479966149119e-07
5.826089479718020839e-08 2.284285179782320593e-07 2.664660028534939881e-07 2.746911698132966693e-07 2.813410460313211998e-07 2.834231320586214680e-07 2.812136418959778337e-07 2.737430516031229457e-07 2.697022140827974944e-07 2.698778731993804837e-07 2.691268968817214793e-07
8.497500790916247361e-08 2.992197790542439843e-07 3.369192009872775011e-07 3.448177258870694875e-07 3.524746127097808734e-07 3.548140369508517787e-07 3.520376403049530202e-07 3.430106520156649033e-07 3.381934715271884136e-07 3.383587771194538050e-07 3.368194730939286104e-07
1.227033723856763452e-07 3.889514842206762053e-07 4.250372556231769043e-07 4.326608414849736285e-07 4.416285272029162401e-07 4.443168256746635106e-07 4.408531770200339874e-07 4.299497133283159788e-07 4.242008491994485281e-07 4.243234855903959598e-07 4.217205190969720082e-07
1.754713941863463450e-07 5.021858815640071180e-07 5.352998690641809936e-07 5.427747705353388790e-07 5.534297211552016288e-07 5.565734850204912649e-07 5.522676495919949827e-07 5.390972131097656281e-07 5.322274901996200918e-07 5.322581519986826481e-07 5.282475360451785577e-07
2.486018200479574971e-07 6.446052059157890169e-07 6.733573208758939622e-07 6.808942280379923283e-07 6.936995592934710946e-07 6.974213729239142184e-07 6.920737610170572455e-07 6.761598747681952570e-07 6.679387405798827985e-07 6.678052193745433219e-07 6.619612556910944258e-07
3.490859535060163658e-07 8.233187636242535439e-07 8.463341923257538318e-07 8.542401843893374077e-07 8.697630034921159401e-07 8.742020158927413167e-07 8.675554826799109546e-07 8.483167629855634079e-07 8.384630989284029225e-07 8.380627808434050532e-07 8.298632087597048408e-07
4.860498716592692976e-07 1.047252666824012226e-06 1.063211267614819440e-06 1.071905476063763603e-06 1.090838096867886813e-06 1.096149835903980046e-06 1.087873198810866090e-06 1.064600381579160627e-06 1.052771333349858053e-06 1.051961777074146715e-06 1.040770990166276868e-06
6.713364112954348008e-07 1.327641466024871289e-06 1.335306374128455709e-06 1.345341032057061261e-06 1.368526600330889438e-06 1.374881517028213752e-06 1.364548573467703362e-06 1.336376693543336141e-06 1.322154124872606190e-06 1.320741342795275797e-06 1.305791530738284968e-06
9.202269793418959837e-07 1.678645946515465630e-06 1.676880351640084978e-06 1.688968898416685883e-06 1.717432029684226116e-06 1.725012103687955678e-06 1.712075023212693163e-06 1.677949806779333096e-06 1.660823911393219658e-06 1.658547927492832551e-06 1.638917995112719380e-06
1.252331074312078618e-06 2.118128067562033417e-06 2.105901120598938973e-06 2.120955050292219060e-06 2.155938170702864287e-06 2.164930701986857016e-06 2.148686412902380317e-06 2.107323783525744573e-06 2.086673311388962324e-06 2.083190519197323774e-06 2.057782624263268941e-06
1.692676295538827721e-06 2.668622795379362715e-06 2.645007330507121373e-06 2.664183582268309328e-06 2.707189757587198499e-06 2.717777196594113059e-06 2.697325082137385913e-06 2.647162500603510298e-06 2.622230965643670133e-06 2.617092758677109340e-06 2.584606292144650519e-06
2.273038417438100692e-06 3.358557804242906762e-06 3.322723791637004753e-06 3.347484726202847873e-06 3.400327847439558623e-06 3.412672157290391337e-06 3.386861014883628536e-06 3.325999170371264028e-06 3.295866307247552932e-06 3.288493403395787835e-06 3.247396207886191208e-06
3.033561056791514417e-06 4.223786163809718608e-06 4.174994429353551404e-06 4.207182843734907649e-06 4.272046091502533150e-06 4.286265670700603108e-06 4.253627463585776237e-06 4.179760607998312316e-06 4.143308234418002085e-06 4.132960065305156691e-06 4.081456646583672064e-06
4.024729184371615978e-06 5.309514802009502715e-06 5.247115601031852113e-06 5.289047812933305688e-06 5.368551326638037288e-06 5.384687924556422836e-06 5.343355362253023162e-06 5.253688330146556188e-06 5.209559648094721376e-06 5.195298134387466170e-06 5.131294563292941448e-06
5.309782152969325892e-06 6.672733549412974426e-06 6.596174217765122758e-06 6.650755003507921041e-06 6.748033613294041855e-06 6.766005915396865071e-06 6.713610332104781551e-06 6.604760015417579797e-06 6.551311248761899782e-06 6.531958232218654348e-06 6.453023357637774103e-06
6.967682102376716939e-06 8.385277034997955917e-06 8.294122389216512350e-06 8.364986484746369911e-06 8.483778195293244269e-06 8.503317807569853569e-06 8.436863160866763566e-06 8.304741910849648654e-06 8.239985027320689945e-06 8.214072578686477111e-06 8.117395072554747611e-06
9.096794564011430773e-06 1.053768607390788434e-05 1.043165473239126920e-05 1.052334071324376538e-05 1.066808632110378379e-05 1.068865070565907046e-05 1.060435878815790776e-05 1.044403689719885177e-05 1.036557199872625852e-05 1.033128476501955819e-05 1.021362539495051108e-05
1.181949155934832669e-05 1.324407835303983480e-05 1.312309790556478897e-05 1.324126156483701899e-05 1.341721529371824788e-05 1.343787075690719677e-05 1.333099189987604158e-05 1.313653597428850512e-05 1.304147175974390090e-05 1.299658045151775538e-05 1.285421882278743442e-05
1.528795481715652734e-05 1.664829257282830004e-05 1.651257667378567607e-05 1.666425254354967289e-05 1.687760282604676540e-05 1.689686888939174349e-05 1.676145154196525739e-05 1.652573521438657574e-05 1.641059572106303544e-05 1.635238076499457213e-05 1.618105558888109660e-05
1.969153895762634616e-05 2.093163872644193237e-05 2.078178979282694646e-05 2.097571123831458982e-05 2.123370966769847534e-05 2.124935400888381475e-05 2.107796560602023689e-05 2.079244865384053659e-05 2.065306426586313246e-05 2.057822855427541509e-05 2.037307028220274941e-05
2.526615264075886334e-05 2.632267355640742262e-05 2.615981582104890803e-05 2.640680621708297636e-05 2.671790112249412014e-05 2.672667170603032030e-05 2.651006220478424683e-05 2.616453373955046686e-05 2.599591420928141545e-05 2.590048375828405100e-05 2.565593816924345775e-05
3.230623134448499682e-05 3.310952884786096801e-05 3.293547802476356031e-05 3.324892793889358224e-05 3.362289685481357029e-05 3.362017482791771346e-05 3.334687321341923825e-05 3.292915418522375466e-05 3.272534114289304404e-05 3.260455231586632948e-05 3.231429335691266442e-05
4.118001143966828624e-05 4.165545627653014920e-05 4.147293400655480204e-05 4.186938209573037628e-05 4.231745442048121929e-05 4.229680778423698450e-05 4.195264075041372674e-05 4.144824056978638872e-05 4.120213669122213269e-05 4.105030844463363946e-05 4.070713829994900934e-05
5.234897607580620032e-05 5.241842173789709920e-05 5.223132528397032739e-05 5.273116377959157381e-05 5.326612092884649372e-05 5.321873487740450508e-05 5.278625580936673040e-05 5.217797742564848055e-05 5.188114908158669567e-05 5.169153843579808066e-05 5.128727243855360843e-05
6.639253509357774779e-05 6.597578996336280832e-05 6.578953032642826933e-05 6.641785952720965852e-05 6.705409463093202252e-05 6.696804978007216765e-05 6.642586515532354998e-05 6.569335244495036344e-05 6.533580226209030769e-05 6.510044088243481845e-05 6.462577448655985792e-05
8.403922969051905916e-05 8.305539041188318456e-05 8.287731517602025101e-05 8.366497523132722988e-05 8.441848761029851014e-05 8.427785215881617407e-05 8.359983161411705754e-05 8.271905243120006627e-05 8.228895775275759078e-05 8.199846714140789582e-05 8.144282174193417966e-05
1.062060199401281137e-04 1.045745461668479186e-04 1.044144669911840244e-04 1.053992792959428576e-04 1.062875702926127560e-04 1.060712666098957761e-04 1.052256222957951312e-04 1.041682800444374918e-04 1.036516927942545958e-04 1.032950751460640331e-04 1.026464190892030308e-04
1.340475103764469282e-04 1.316889652719975361e-04 1.315598140288893583e-04 1.327880684752671535e-04 1.338298944454997309e-04 1.335102949370852940e-04 1.324585155704459123e-04 1.311913817345889105e-04 1.305718846935454531e-04 1.301362859820659251e-04 1.293809266677617149e-04
1.690172632856412930e-04 1.658537021290806379e-04 1.657723441431393986e-04 1.673005717506411089e-04 1.685154970132704327e-04 1.680566989073860448e-04 1.667523244095796221e-04 1.652364842572192326e-04 1.644947983260511000e-04 1.639652397156672581e-04 1.630875823246502978e-04
2.129435671079146081e-04 2.088986186640693602e-04 2.088868560361285712e-04 2.107839281839395975e-04 2.121916056097220677e-04 2.115473304499355348e-04 2.099345546865144117e-04 2.081245586208787092e-04 2.072380954184351400e-04 2.065971687594927769e-04 2.055794369468066224e-04
2.681220278811666463e-04 2.631207699069978436e-04 2.632065718651256615e-04 2.655561659435952534e-04 2.671752562853327208e-04 2.662863189391891506e-04 2.642984116214949688e-04 2.621413258787041989e-04 2.610836802861319587e-04 2.603112034518569734e-04 2.591331175430752493e-04
3.374268976600191703e-04 3.313956708659434799e-04 3.316146702735566420e-04 3.345181346302602394e-04 3.363647591411474797e-04 3.351560554829542508e-04 3.327136009863661931e-04 3.301479544269737419e-04 3.288883329122945193e-04 3.279609614353333350e-04 3.265993705846247357e-04
4.244417821840107147e-04 4.173081113603142769e-04 4.177054049198770740e-04 4.212850398602710380e-04 4.233706470100225515e-04 4.217476228086781509e-04 4.187565854028790584e-04 4.157112153698660703e-04 4.142137988750148867e-04 4.131045923019155972e-04 4.115330592685114905e-04
5.336077773287607826e-04 5.253005734047796332e-04 5.259328546293700994e-04 5.303355958041090085e-04 5.326641166018661507e-04 5.305087078352688701e-04 5.268583523553151213e-04 5.232511639845636347e-04 5.214744099584834626e-04 5.201523553950187151e-04 5.183406968723499198e-04
6.703825501713579814e-04 6.608327553686770906e-04 6.617707896709589411e-04 6.671722287186327392e-04 6.697364032147118222e-04 6.669024870834676681e-04 6.624632150727202294e-04 6.581998877832102727e-04 6.560957861441107323e-04 6.545252887453055371e-04 6.524390816309787698e-04
8.413967647028760058e-04 8.305385792540591295e-04 8.318699938883869016e-04 8.384785907747205162e-04 8.412553801811388033e-04 8.375638550123118637e-04 8.321850632612491465e-04 8.271577687727032883e-04 8.246710830794256285e-04 8.228114451336449031e-04 8.204115210999214083e-04
1.054584094881568434e-03 1.042356892490216855e-03 1.044189194198169969e-03 1.052250418361944063e-03 1.055195484444743743e-03 1.050429214333318748e-03 1.043937350021361494e-03 1.038023591642167663e-03 1.035091141552810408e-03 1.032896069780233836e-03 1.030138038398428638e-03
1.319247925710609901e-03 1.305598928537045475e-03 1.308062572721597171e-03 1.317862550346623031e-03 1.320903898457267576e-03 1.314802921806551344e-03 1.306999999313811917e-03 1.300061745055034303e-03 1.296611820818818327e-03 1.294029026691131436e-03 1.290862892257774869e-03
1.646012741904427082e-03 1.630900483779824375e-03 1.634151697755771918e-03 1.646019740887415088e-03 1.649050795006803656e-03 1.641308406226152069e-03 1.631971364717726362e-03 1.623854727164773804e-03 1.619806771662394467e-03 1.616777762116942702e-03 1.613147731331060703e-03
