2.637679023991078412e-07 6.383280335432356190e-11 1.514685331783543584e-11 2.299610760857551332e-10 4.630424561020804845e-09 4.679164422958440126e-08 2.127593916653724914e-05 6.537889324808336330e-04 1.242165702170513293e-04 2.879255885097996141e-04 2.516689889794768587e-03
1.312765363258482834e-07 3.231009067456926275e-11 3.377092362138927517e-11 5.895856778733791493e-10 1.085613442083340852e-08 1.027766008662091240e-07 2.095881486169197212e-05 6.463085606054396262e-04 1.599578223532263546e-04 4.330196644236444488e-04 3.312027965039531299e-03
6.533566854203755571e-08 1.671384071670846373e-11 8.557947051017857835e-11 1.474620013653185339e-09 2.477426158279771842e-08 2.196101857517625478e-07 2.104881707615068173e-05 6.319285578368280792e-04 2.174556922914443560e-04 6.364610377532964238e-04 4.296003762665523244e-03
3.251710844285573197e-08 9.223351534473411926e-12 2.193469390443122926e-10 3.591124641420755797e-09 5.502399720837405492e-08 4.564718937874122520e-07 2.217573368406544339e-05 6.153166782188455343e-04 3.060591335352002770e-04 9.153218735891185519e-04 5.498553034488062354e-03
1.618352578207407522e-08 6.279172555648257864e-12 5.524251417691926977e-10 8.510272386010085129e-09 1.189311611213832191e-07 9.228912157543722951e-07 2.532051958897157430e-05 6.031899235186355488e-04 4.375458431476984822e-04 1.289612853994213113e-03 6.952460562201515960e-03
8.054486787690172934e-09 7.017865199525590028e-12 1.357640153459643129e-09 1.962087825569469436e-08 2.501497496210023006e-07 1.814835694643829175e-06 3.196588742985271658e-05 6.044171353215504030e-04 6.263535847659502465e-04 1.782397315045821480e-03 8.693754802261271022e-03
4.008813138213073013e-09 1.341555457279748050e-11 3.249870637521362005e-09 4.400481308072744044e-08 5.119597311770593899e-07 3.471036889741464454e-06 4.429252443124596998e-05 6.300672061940509796e-04 8.897641803690594514e-04 2.419919604212215393e-03 1.076218928804126458e-02
1.995398028171778302e-09 3.264423454158640988e-11 7.573077005937589236e-09 9.599476506288355545e-08 1.019477017241001096e-06 6.456810204056529196e-06 6.542062809500576832e-05 6.934282751492180279e-04 1.248051505147492000e-03 3.231774946567116981e-03 1.320178967966745276e-02
9.934142509306337090e-10 8.372496378827011251e-11 1.717570538137206446e-08 2.036689493399754098e-07 1.975188772797471871e-06 1.168266438014714395e-05 9.968966728698077143e-05 8.100286872613683296e-04 1.724614819400073799e-03 4.251140453956771086e-03 1.606144099120644306e-02
4.948116216184357887e-10 2.135649300537497823e-10 3.791002405809172415e-08 4.202434083106995044e-07 3.723306767464164822e-06 2.056346912680609643e-05 1.529625898222701844e-04 9.976892027092269626e-04 2.346123187434787614e-03 5.515076720001121056e-03 1.939548620658894384e-02
2.467671622472524224e-10 5.335318118428985532e-10 8.142769426619383623e-08 8.432422156739265843e-07 6.829077326525339672e-06 3.522050562217996021e-05 2.329363202019807280e-04 1.276628905802297022e-03 3.142694975146638481e-03 7.064899266512170324e-03 2.326430359411539237e-02
1.235354806403158292e-10 1.299788182628601600e-09 1.702010612657232215e-07 1.645389247335093871e-06 1.218895347388585479e-05 5.872360910356454254e-05 3.494402372788687149e-04 1.669637158691151223e-03 4.148129873372296758e-03 8.946610453604050828e-03 2.773482411585742255e-02
6.275669557689607369e-11 3.083774018252878442e-09 3.462024053057255892e-07 3.122192586040801939e-06 2.117603291645953461e-05 9.536488175356583666e-05 5.147090882908030756e-04 2.202313935908507825e-03 5.400201947204922442e-03 1.121137561349804489e-02 3.288094136023298614e-02
3.398299970839798179e-11 7.121843814778798279e-09 6.853254811276301058e-07 5.761881668104493205e-06 3.582228070874641216e-05 1.509508423928632116e-04 7.436254556157094768e-04 2.903373340663814323e-03 6.941013095791251884e-03 1.391602144924495785e-02 3.878375379716857835e-02
2.357688609232240671e-11 1.600795890059655466e-08 1.320397792071360119e-06 1.034332579964215836e-05 5.903516189993347535e-05 2.330982155591026009e-04 1.053936970968818261e-03 3.805000915607622929e-03 8.817398358189478674e-03 1.712352900389799842e-02 4.553156271060405241e-02
2.855034567268606982e-11 3.501864281206915018e-08 2.476411894434066129e-06 1.806647101752432351e-05 9.484232910289959288e-05 3.515209222025643897e-04 1.466462021370032454e-03 4.943253984761562109e-03 1.108136798352736714e-02 2.090348651689438730e-02 5.321952927075318529e-02
5.666065607926576353e-11 7.455824907793779273e-08 4.522239462459208624e-06 3.071756974962436905e-05 1.486552004040540885e-04 5.183018884558646339e-04 2.005302455113234031e-03 6.358494377266085684e-03 1.379056553912332873e-02 2.533245816214938634e-02 6.194887194595113250e-02
1.335987261317851848e-10 1.545103551414868905e-07 8.043379818149327877e-06 5.086833830958266086e-05 2.275417480286671609e-04 7.481512903267902373e-04 2.698081953517545047e-03 8.095843060033863434e-03 1.700871557122420746e-02 3.049421219426366389e-02 7.182546293115331382e-02
3.221712825566760999e-10 3.116990539196094014e-07 1.394004244184975155e-05 8.210490528436571224e-05 3.405010585579282528e-04 1.058660342144751012e-03 3.576224918737966156e-03 1.020564533355990469e-02 2.080602738451235376e-02 3.647973593248746149e-02 8.295766307596040556e-02
7.648369934172026894e-10 6.122085060785698044e-07 2.355396487119202096e-05 1.292800249742866994e-04 4.987367276522175095e-04 1.470564586127355794e-03 4.675284442827819589e-03 1.274393262681308529e-02 2.525951241604971684e-02 4.338694522601858894e-02 9.545322450139333281e-02
1.772322274473919374e-09 1.170958013653998099e-06 3.882587676193893122e-05 1.987814275152827029e-04 7.159316115325825482e-04 2.008031833332620756e-03 6.035320760879445655e-03 1.577286217652547687e-02 3.045316072080022501e-02 5.131997311775534504e-02 1.094150966771438721e-01
4.001029295143807055e-09 2.181618801399142586e-06 6.248368059056527376e-05 2.988107332220707262e-04 1.008531281032417183e-03 2.698987688684609254e-03 7.701324641278060011e-03 1.936110875379792179e-02 3.647790682360880360e-02 6.038789783907696357e-02 1.249360056484892928e-01
8.795933315336501028e-09 3.960576072610113866e-06 9.825962330954980315e-05 4.396706963248671481e-04 1.396046447809991525e-03 3.575487040798365143e-03 9.723673788526301931e-03 2.358417289651017906e-02 4.343129657437673485e-02 7.070274691755290553e-02 1.420917496379679179e-01
1.883092757068671269e-08 7.009037667997199701e-06 1.511334213192489298e-04 6.340626638461187162e-04 1.901385111676105440e-03 4.674134256527905616e-03 1.215860424364556547e-02 2.852455760369960666e-02 5.141674517785066456e-02 8.237659697005790538e-02 1.609332795976247121e-01
3.926400735983320045e-08 1.209741626133375979e-05 2.275978248010905006e-04 8.973998261541990930e-04 2.551223399431957594e-03 6.036548979988845369e-03 1.506867227369199265e-02 3.427174997843712018e-02 6.054225362473263095e-02 9.551758524945977435e-02 1.814778188905686873e-01
7.974959874216462403e-08 2.037565807340689457e-05 3.359436152532358963e-04 1.248144129999726988e-03 3.376420656180833830e-03 7.709868707631220043e-03 1.852317449828405974e-02 4.092192588101448841e-02 7.091842898853445432e-02 1.102246698951812875e-01 2.036995211734622391e-01
1.578219643816095951e-07 3.351224714503113201e-05 4.865624152785676722e-04 1.708175177564251641e-03 4.412479991413191527e-03 9.747273472451732992e-03 2.259848418729498362e-02 4.857727469023410266e-02 8.265563798245322003e-02 1.265810347912316725e-01 2.275204523218258279e-01
3.043833022846626176e-07 5.386329777611430897e-05 6.922676146573622166e-04 2.303198118762052066e-03 5.700050616122013560e-03 1.220851144269516526e-02 2.737824910709884749e-02 5.734481890672300103e-02 9.586011974323128959e-02 1.446461473485864679e-01 2.528029704254985965e-01
5.722888626953925025e-07 8.467169463534856633e-05 9.686357005540079503e-04 3.063194835107342206e-03 7.285463011831964063e-03 1.516039627688853773e-02 3.295338056298320606e-02 6.733458186027674319e-02 1.106289028626644688e-01 1.644466572389502446e-01 2.793448012642530398e-01
1.049296222537386196e-06 1.302949506108852388e-04 1.334371816941212156e-03 4.022919019979358246e-03 9.221281983910136967e-03 1.867723690719601953e-02 3.942174432024510289e-02 7.865694017396253346e-02 1.270434259014665002e-01 1.859665774950572947e-01 3.068781789772622171e-01
1.876899867801112564e-06 1.964596104658015909e-04 1.811704049151716470e-03 5.222431317125048912e-03 1.156685546194375150e-02 2.284114735148380301e-02 4.688744239310205231e-02 9.141899210374812568e-02 1.451618644325486374e-01 2.091375067586710990e-01 3.350742544255220223e-01
3.276760223860310966e-06 2.905398218504168001e-04 2.426810465449979071e-03 6.707665459345784308e-03 1.438882787955500855e-02 2.774216765075297395e-02 5.545955165934825931e-02 1.057197873132725702e-01 1.650103344418608620e-01 2.338299970535699379e-01 3.635535065834674118e-01
5.586516747795279741e-06 4.218581652180404735e-04 3.210281234397119928e-03 8.531010070210466242e-03 1.776157542271718237e-02 3.347810685380488149e-02 6.525016360573017427e-02 1.216443096748087288e-01 1.865733787202484839e-01 2.598474758887292513e-01 3.919021285815206812e-01
9.306725541791109697e-06 6.020078619586777171e-04 4.197615159810213700e-03 1.075188297593716868e-02 2.176750576788626101e-02 4.015399538622555636e-02 7.637155382569488227e-02 1.392561957793918836e-01 2.097844425868113372e-01 2.869242926852106357e-01 4.196933944162054009e-01
1.516049353644331015e-05 8.451968094082311844e-04 5.429745733332340743e-03 1.343726492584513578e-02 2.649714670136508674e-02 4.788100823735930156e-02 8.893230721600975386e-02 1.585893209297402628e-01 2.345173771510722094e-01 3.147293594311361686e-01 4.465120323719053985e-01
2.416713981918116336e-05 1.168615175381175746e-03 6.953586228087805902e-03 1.666214690172021506e-02 3.204892612658003653e-02 5.677469457729090313e-02 1.030322450357392533e-01 1.796385993438898154e-01 2.605803100875171419e-01 3.428763964780661144e-01 4.719788808330143692e-01
3.773097160499331893e-05 1.592829145541413589e-03 8.822576253706400015e-03 2.050982912491573426e-02 3.852852094710912390e-02 6.695232801109760046e-02 1.187560556998280281e-01 2.023506219584114418e-01 2.877134010024455235e-01 3.709409502004591408e-01 4.957728103959603838e-01
5.774609235638428521e-05 2.142203505031035730e-03 1.109720323886663994e-02 2.507199004318886801e-02 4.604762569467709538e-02 7.852918167026669283e-02 1.361656364949559717e-01 2.266150688220679166e-01 3.155919373247042525e-01 3.984832120304341863e-01 5.176471931131957360e-01
8.671811566929095059e-05 2.845354774956518687e-03 1.384546107918323624e-02 3.044841998067947600e-02 5.472196664991472309e-02 9.161354397954585282e-02 1.552913210071891204e-01 2.522581305635144822e-01 3.438358267126547796e-01 4.250744639744427067e-01 5.374390557911622457e-01
1.279037546415150064e-04 3.735634424792096293e-03 1.714319423967342743e-02 3.674628744731240487e-02 6.466836891321800507e-02 1.063003379215878841e-01 1.761224028807576447e-01 2.790393714302072947e-01 3.720257637838712550e-01 4.503240221850011160e-01 5.550702747111192492e-01
1.854694636302469692e-04 4.851638117967516095e-03 2.107425858642300934e-02 4.407877817068286269e-02 7.600068068704798896e-02 1.226633052618164993e-01 1.985976620709504203e-01 3.066534609803735489e-01 3.997252627524738311e-01 4.739031584567999222e-01 5.705414525399986614e-01
2.646705651654769165e-04 6.237731909557586198e-03 2.573041008003569552e-02 5.256292135453587838e-02 8.882438258807009990e-02 1.407458837290830878e-01 2.225969231096133483e-01 3.347378944142885282e-01 4.265065557078439595e-01 4.955628296322733273e-01 5.839201577749644212e-01
3.720525190624669938e-04 7.944579652505195932e-03 3.121080968356629293e-02 6.231640062387951845e-02 1.032297749579108165e-01 1.605511503360597392e-01 2.479349638370387798e-01 3.628871617591359899e-01 4.519773633520111078e-01 5.151430960023306582e-01 5.953257908427315170e-01
5.156760996853350333e-04 1.002964735756999189e-02 3.762100883156040132e-02 7.345314798029392578e-02 1.192837593280205444e-01 1.820315245667323001e-01 2.743592554437902509e-01 3.906728550921099719e-01 4.758050678599848315e-01 5.325735961336560687e-01 6.049134085367690039e-01
7.053681614347148254e-04 1.255764959434337892e-02 4.507125739109606177e-02 8.607755092801688823e-02 1.370204256728246583e-01 2.050792927127061960e-01 3.015529425798114116e-01 4.176680812284584987e-01 4.977350622509369438e-01 5.478659687505166298e-01 6.128584756033542691e-01
9.529993174970472630e-04 1.560088989583176093e-02 5.367396000416842228e-02 1.002771820547064957e-01 1.564309302194273332e-01 2.295193655798200005e-01 3.291440734396594570e-01 4.434735385002561703e-01 5.176010126741089623e-01 5.611002882647015966e-01 6.193438956047707666e-01
1.272789159250200565e-03 1.923943130159282491e-02 6.354010431820526772e-02 1.161141042490039937e-01 1.774534862948922986e-01 2.551059139067097248e-01 3.567213324460218327e-01 4.677420178265851436e-01 5.353262135798432242e-01 5.724081708365211796e-01 6.245499967981694711e-01
1.681638525370587368e-03 2.356101466579352613e-02 7.477450594856917265e-02 1.336150274152146100e-01 1.999646508671889256e-01 2.815245103862907272e-01 3.838554847653626312e-01 4.901981250914169141e-01 5.509167529143432773e-01 5.819551780887379788e-01 6.286475649548265432e-01
2.199486703459487772e-03 2.866062169588312614e-02 8.746977253343193870e-02 1.527608965796505291e-01 2.237733936777258625e-01 3.084010230661047847e-01 4.101246063797427954e-01 5.106507471147483379e-01 5.644484392606670120e-01 5.899246372751043577e-01 6.317936062325681945e-01
2.849689214271565203e-03 3.463955825000458733e-02 1.016989962162451189e-01 1.734768569206448785e-01 2.486195726408359785e-01 3.353176936267074359e-01 4.351402308008285313e-01 5.289970382904237711e-01 5.760501107275390886e-01 5.965042420501009968e-01 6.341293044946426649e-01
3.659408878422424488e-03 4.160391385175341017e-02 1.175073510345243655e-01 1.956239150369231405e-01 2.741782848686979968e-01 3.618356589805920565e-01 4.585710865038761797e-01 5.452181641278882607e-01 5.858859848933933856e-01 6.018760261563832481e-01 6.357795776937772425e-01
4.660009074485283072e-03 4.966224006236266697e-02 1.349030015889608469e-01 2.189939042522845991e-01 3.000710235274335891e-01 3.875218532054811593e-01 4.801613176355865042e-01 5.593683261688979780e-01 5.941392441760291465e-01 6.062096751282987084e-01 6.368536854003740144e-01
5.887433332463695539e-03 5.892228980705582070e-02 1.538480091296714480e-01 2.433094386568337153e-01 3.258836380130987753e-01 4.119771016015466025e-01 4.997409725789467294e-01 5.715594169036782857e-01 6.009983095097410910e-01 6.096587315879926638e-01 6.374464425003888435e-01
7.382549535517813656e-03 6.948668077397952836e-02 1.742502151284613388e-01 2.682302754145773349e-01 3.511898910465263146e-01 4.348616552460418117e-01 5.172278981330290515e-01 5.819438907404193007e-01 6.066464725367001209e-01 6.123590555964973925e-01 6.376397123567031366e-01
9.191429925093841033e-03 8.144739914947904391e-02 1.959573281917741661e-01 2.933668144384333210e-01 3.755781907975593858e-01 4.559146559075792360e-01 5.326216371271349503e-01 5.906981472843048087e-01 6.112549054703561024e-01 6.144288751017012995e-01 6.375039612335918759e-01
1.136552981728525084e-02 9.487915598646975979e-02 2.187545534523783475e-01 3.183003747522337723e-01 3.986781887202506813e-01 4.749650674900192659e-01 5.459911256306667626e-01 5.980080913674435950e-01 6.149786320026394693e-01 6.159698398269256581e-01 6.370997427660933798e-01
1.396171864868286754e-02 1.098317553344815983e-01 2.423669950762960823e-01 3.426085757160677869e-01 4.201836796104296834e-01 4.919331927512450853e-01 5.574586664666002500e-01 6.040577846940262674e-01 6.179548268806098754e-01 6.170686179089226453e-01 6.364790442680513527e-01
1.704210725805131374e-02 1.263218312591524173e-01 2.664676678203163895e-01 3.658929372754516351e-01 4.398687617292336149e-01 5.068235706676088581e-01 5.671827450919674218e-01 6.090214243490743584e-01 6.203027713278446154e-01 6.177987072046215999e-01 6.356864684595405768e-01
2.067360632438447476e-02 1.443245471177886097e-01 2.906912685440807276e-01 3.878050694916182484e-01 4.575954131454731955e-01 5.197113759017163437e-01 5.753418525983484688e-01 6.130583847968096300e-01 6.221248631715948774e-01 6.182222489223235806e-01 6.347602495335508133e-01
2.492714452974379921e-02 1.637660935914117821e-01 3.146529659219264308e-01 4.080678345153791464e-01 4.733121972732362015e-01 5.307251314087001459e-01 5.821207939059883651e-01 6.163107739308665289e-01 6.235082054141175556e-01 6.183917206605265005e-01 6.337331162427356501e-01
2.987647407894968715e-02 1.845180206673934786e-01 3.379705366212968909e-01 4.264887007936895569e-01 4.870453043192541909e-01 5.400285467164988029e-01 5.877002093194610977e-01 6.189028539204349810e-01 6.245264317283251154e-01 6.183514487229964107e-01 6.326330209151901363e-01
3.559649928065029834e-02 2.063945270979909152e-01 3.602874318598507375e-01 4.429639650092596637e-01 4.988841981257269298e-01 5.478037610248222000e-01 5.922493953403020761e-01 6.209417091249856968e-01 6.252415464962951530e-01 6.181389199871040185e-01 6.314837549804678263e-01
4.216108499677159727e-02 2.291537428838838208e-01 3.812940099484032896e-01 4.574741838656375403e-01 5.089645767924929620e-01 5.542374608068199038e-01 5.959220656747850065e-01 6.225186474892777655e-01 6.257056498276029055e-01 6.177858973251739716e-01 6.303054707158152192e-01
4.964033950081396529e-02 2.525037323977874504e-01 4.007443430486971048e-01 4.700725823632938005e-01 5.174511881414848302e-01 5.595105113706748678e-01 5.988544595159824846e-01 6.237109509380055483e-01 6.259624835204968818e-01 6.173193549410105341e-01 6.291151267838338557e-01
5.809742243274871459e-02 2.761134201046833714e-01 4.184666885744064424e-01 4.808690585116985328e-01 5.245224456908570421e-01 5.637910692753271835e-01 6.011651446019985467e-01 6.245837132158346128e-01 6.260487762528635924e-01 6.167622551993379165e-01 6.279268724946377445e-01
6.758500122628173512e-02 2.996279601367466960e-01 4.343667550248840881e-01 4.900125786212097267e-01 5.303580106209526690e-01 5.672307063652488601e-01 6.029559190037473426e-01 6.251916046104848412e-01 6.259953911892077727e-01 6.161341895851392136e-01 6.267523830290433473e-01
7.814156125921722928e-02 3.226873544236564251e-01 4.484240406515492272e-01 4.976743590522720306e-01 5.351297581140781467e-01 5.699628721598668513e-01 6.043133309123789321e-01 6.255804775499814729e-01 6.258282921761678663e-01 6.154519052877625018e-01 6.256011553434339678e-01
8.978785226502677963e-02 3.449465220188683290e-01 4.606825165953847279e-01 5.040334949601453784e-01 5.389959717001500117e-01 5.721029962458760165e-01 6.053104661135655373e-01 6.257887772964408901e-01 6.255693501755046348e-01 6.147297367534991785e-01 6.244807722591619870e-01
1.025238071222171060e-01 3.660946763713748831e-01 4.712375635134152252e-01 5.092658799592540975e-01 5.420982576073480885e-01 5.737496176072875986e-01 6.060087713704102041e-01 6.258487528751396356e-01 6.252370126902641045e-01 6.139799590699722698e-01 6.233971403650760967e-01
1.163262784954604140e-01 3.858718699932587870e-01 4.802212680377919152e-01 5.135365576078588790e-01 5.445605251393194068e-01 5.749860622728015791e-01 6.064597761871129977e-01 6.257874804699842253e-01 6.248468577341342867e-01 6.132130775944242274e-01 6.223547058342955296e-01
1.311478886828839896e-01 4.040809331562633111e-01 4.877879817662736373e-01 5.169951568439093981e-01 5.464893846289757828e-01 5.758823308435717658e-01 6.067066430820435841e-01 6.256277195280011139e-01 6.244120516316874481e-01 6.124380659834108842e-01 6.213566510550997402e-01
1.469171758864936117e-01 4.205936983156238762e-01 4.941015690204151323e-01 5.197738038312814668e-01 5.479754088998886052e-01 5.764969788772319470e-01 6.067855208313702731e-01 6.253886243261123079e-01 6.239437273358771074e-01 6.116625627840125423e-01 6.204050740675385311e-01
1.635400610510683028e-01 4.353512316955191475e-01 4.993251822090972181e-01 5.219868313926531167e-01 5.490948342216961375e-01 5.768788662106123510e-01 6.067267015721768963e-01 6.250863332187022170e-01 6.234512973899527521e-01 6.108930350110706176e-01 6.195011521428587242e-01
1.809024851006566237e-01 4.483586208118611194e-01 5.036138488070205366e-01 5.237316610824479524e-01 5.499114061801324560e-01 5.770687161079849359e-01 6.065555966419460265e-01 6.247344557628374817e-01 6.229427133258703675e-01 6.101349156401092433e-01 6.186452904012680332e-01
1.988739169903259996e-01 4.596755321209107792e-01 5.071097249916859395e-01 5.250903507281506899e-01 5.504781851392531733e-01 5.771004663632821607e-01 6.062935520907205555e-01 6.243444753307388906e-01 6.224246812499090176e-01 6.093927206618194869e-01 6.178372560947206216e-01
2.173113442641403936e-01 4.694041437792808580e-01 5.099396037587977659e-01 5.261314354370826285e-01 5.508392082645667820e-01 5.770024183016122521e-01 6.059585262213369461e-01 6.239260821712253602e-01 6.219028416280962812e-01 6.086701502419149534e-01 6.170762990475219256e-01
2.360633490507539345e-01 4.776761344261947762e-01 5.122141496993546372e-01 5.269118140285103946e-01 5.510309614891243379e-01 5.767982016926226363e-01 6.055656504736827150e-01 6.234874494235785880e-01 6.213819198288486056e-01 6.079701775849317702e-01 6.163612587140384624e-01
2.549739404510013574e-01 4.846402054524256986e-01 5.140283319327128009e-01 5.274785323087188837e-01 5.510836501569786883e-01 5.765075783582364055e-01 6.051276928071498418e-01 6.230354624222819160e-01 6.208658527751276246e-01 6.072951282928062966e-01 6.156906583489824003e-01
2.738859359815219441e-01 4.904512231572326630e-01 5.154625965111685471e-01 5.278703867647354109e-01 5.510222771095980576e-01 5.761471078629202269e-01 6.046554402097168435e-01 6.225759097837483269e-01 6.203578960675625309e-01 6.066467523247183191e-01 6.150627868653258945e-01
2.926438262719012195e-01 4.952616028811871463e-01 5.165844205651075605e-01 5.281193201410282478e-01 5.508675468311482470e-01 5.757306971422485598e-01 6.041580144688512011e-01 6.221136432216017864e-01 6.198607151294457385e-01 6.060262900936975727e-01 6.144757690561574170e-01
3.110961849622369546e-01 4.992151225430003780e-01 5.174499942916666040e-01 5.282516093351221631e-01 5.506366178936347167e-01 5.752700534740619043e-01 6.036431330646835347e-01 6.216527117639153444e-01 6.193764632647693613e-01 6.054345337705514529e-01 6.139276249628536908e-01
3.290977747048694502e-01 5.024430166622576577e-01 5.181058672448475289e-01 5.282888616360189582e-01 5.503437260831471889e-01 5.747750575101399084e-01 6.031173250614512149e-01 6.211964750082542563e-01 6.189068489869730127e-01 6.048718845009669609e-01 6.134163192706004741e-01
3.465115374312406904e-01 5.050619915741927368e-01 5.185904655490943815e-01 5.282488422120487082e-01 5.500006989903067911e-01 5.742540705205024798e-01 6.025861101928623453e-01 6.207476992142763050e-01 6.184531945492781624e-01 6.043384059716009338e-01 6.129398016958506057e-01
3.632106410542652042e-01 5.071737114720122896e-01 5.189354363045525220e-01 5.281461574411765447e-01 5.496173805469388718e-01 5.737141877225960807e-01 6.020541479471719359e-01 6.203086393687262667e-01 6.180164872718398872e-01 6.038338745792998230e-01 6.124960393947852522e-01
3.790806925463701127e-01 5.088653056998101443e-01 5.191668076274903454e-01 5.279928175758957787e-01 5.492019815595426957e-01 5.731614476335770147e-01 6.015253623317460274e-01 6.198811098371216355e-01 6.175974250032330026e-01 6.033578263557630716e-01 6.120830424656898971e-01
3.940221317368393095e-01 5.102105059784026730e-01 5.193059716944605775e-01 5.277986998765867854e-01 5.487613700180108411e-01 5.726010057961931077e-01 6.010030471001571728e-01 6.194665458148000958e-01 6.171964568608202528e-01 6.029096007657501755e-01 6.116988836404501084e-01
4.079527084126198244e-01 5.112711067221323846e-01 5.193705079096827548e-01 5.275719306238405570e-01 5.483013129650333717e-01 5.720372799497182026e-01 6.004899555137662714e-01 6.190660574794214499e-01 6.168138202496761258e-01 6.024883815121055974e-01 6.113417132580928337e-01
4.208098381640260621e-01 5.120985292922269894e-01 5.193748672085435336e-01 5.273192017881422888e-01 5.478266800076663223e-01 5.714740726765920042e-01 5.999883781276124095e-01 6.186804784927383283e-01 6.164495750394389795e-01 6.020932345190717072e-01 6.110097705786964317e-01
4.325525529162268512e-01 5.127353481713620154e-01 5.193309389468674375e-01 5.270460357624439096e-01 5.473416170642758649e-01 5.709146766485678759e-01 5.995002115630133632e-01 6.183104102562012594e-01 6.161036356495038779e-01 6.017231432908134448e-01 6.107013924144081285e-01
4.431627321802880104e-01 5.132166976130011493e-01 5.192485203779827474e-01 5.267570094285068949e-01 5.468496975226747603e-01 5.703619666860128001e-01 5.990270206650912810e-01 6.179562630366220999e-01 6.157758016125780554e-01 6.013770418110541138e-01 6.104150199044411362e-01
4.526453359496223627e-01 5.135715205742202860e-01 5.191357063162586050e-01 5.264559467910305823e-01 5.463540564392062038e-01 5.698184817740438168e-01 5.985700957438970793e-01 6.176182946844306354e-01 6.154657869088098199e-01 6.010538450173431579e-01 6.101492040193811084e-01
4.610274617717573520e-01 5.138236498482005032e-01 5.189992137150202245e-01 5.261460872764985863e-01 5.458575115202767281e-01 5.692864988104417989e-01 5.981305056833292610e-01 6.172966471206677852e-01 6.151732479525935382e-01 6.007524766176287612e-01 6.099026100318999388e-01
4.683562011717646301e-01 5.139927275803537476e-01 5.188446527857059065e-01 5.258302343752307983e-01 5.453626722484331557e-01 5.687680981358248511e-01 5.977091465551357397e-01 6.169913800634240220e-01 6.148978095715801340e-01 6.004718936194221035e-01 6.096740207460670247e-01
4.746954423294296177e-01 5.140949771644662825e-01 5.186767531051215130e-01 5.255108865385089700e-01 5.448720356749717775e-01 5.682652189249591812e-01 5.973067840928518724e-01 6.167025006682709254e-01 6.146390877040737166e-01 6.002111064726783907e-01 6.094623377895591609e-01
4.801219165968649838e-01 5.141438438443027836e-01 5.184995500974872717e-01 5.251903492838506660e-01 5.443880644319634143e-01 5.677797006443295880e-01 5.969240872132232090e-01 6.164299870383671553e-01 6.143967069997845476e-01 5.999691933192986548e-01 6.092665798518178688e-01
4.847208804800236526e-01 5.141505196239858355e-01 5.183165346636524617e-01 5.248708247664172211e-01 5.439132401127790839e-01 5.673133055901907751e-01 5.965616491156916501e-01 6.161738031789093517e-01 6.141703112559064870e-01 5.997453066907179053e-01 6.090858765541129483e-01
4.885818429288631970e-01 5.141243662293326633e-01 5.181307670068816540e-01 5.245544733745088894e-01 5.434500843002628701e-01 5.668677177147695145e-01 5.962199927904476837e-01 6.159339032190334073e-01 6.139595648922022697e-01 5.995386713086614527e-01 6.089194568300443366e-01
4.917946931724109239e-01 5.140732482635244072e-01 5.179449553164399145e-01 5.242434420179726828e-01 5.430011411242356978e-01 5.664445150697020592e-01 5.958995593344471597e-01 6.157102238031565422e-01 6.137641446208943474e-01 5.993485725518360452e-01 6.087666313777287952e-01
4.944464790817657551e-01 5.140037881879455650e-01 5.177615011393360556e-01 5.239398562419768091e-01 5.425689197304044420e-01 5.660451172712220869e-01 5.956006802630265939e-01 6.155026654259535546e-01 6.135837220548633342e-01 5.991743365973020152e-01 6.086267698698811790e-01
4.966189618139776885e-01 5.139215554820086851e-01 5.175825157714091240e-01 5.236457779758719733e-01 5.421558018839310877e-01 5.656707146604983416e-01 5.953235384494980353e-01 6.153110657781274417e-01 6.134179399002742672e-01 5.990153049278638120e-01 6.084992749310772497e-01
