5.279868933270762456e-06 6.052370508212307474e-05 1.165436480958637581e-04 1.552755450891425443e-04 2.132589703695521506e-04 3.097081315538301768e-04 5.012865406175177506e-04 1.043861895022182113e-03 2.150205743625505442e-03 4.336170332218535102e-03 9.332734469819871023e-03
6.547573612396284568e-06 8.127777641049382723e-05 1.622396195490953248e-04 2.181351519779594576e-04 3.004410510792978337e-04 4.373257453590812774e-04 7.097945247858645319e-04 1.482425949379149186e-03 3.056536114807543135e-03 6.123771118282503659e-03 1.283769204308385543e-02
8.036606952395851608e-06 1.081944388419102811e-04 2.249672312213113197e-04 3.058025486442039450e-04 4.226524262470972206e-04 6.169523379739782695e-04 1.004582317012713130e-03 2.104264952625440124e-03 4.337519602580970114e-03 8.606080934013363506e-03 1.748466072135642160e-02
9.771031172415792508e-06 1.426817962569055425e-04 3.105202344517744568e-04 4.276281271042056253e-04 5.935355842708620131e-04 8.693510196808983820e-04 1.420867073171065698e-03 2.984133903104519911e-03 6.138723362378233767e-03 1.201698969314919478e-02 2.354343324714424160e-02
1.177925492714619757e-05 1.863320790370321181e-04 4.263549930683468384e-04 5.962032449855616872e-04 8.317548468338410933e-04 1.223252075569827499e-03 2.007734094582730271e-03 4.225096098735068965e-03 8.653531123020644783e-03 1.664366022687045407e-02 3.129681798676536147e-02
1.409663634959195436e-05 2.409285739903661502e-04 5.819272153246674798e-04 8.283193757919468181e-04 1.162661379280887242e-03 1.718173832086551276e-03 2.833106451137274839e-03 5.967171653208489315e-03 1.213204245387716589e-02 2.282306628382555977e-02 4.101802001500746975e-02
1.676865111955826363e-05 3.084704773972389612e-04 7.890566132362562650e-04 1.146131850299625735e-03 1.620405682038172359e-03 2.408073305425678396e-03 3.990062049748306985e-03 8.396944604777830182e-03 1.688682343967974619e-02 3.092842636131433107e-02 5.294154448948786701e-02
1.985463781941973669e-05 3.912302487427993681e-04 1.062329940369863019e-03 1.578546983601605879e-03 2.250566601268016997e-03 3.365954020542608841e-03 5.604512704906109040e-03 1.175690579294107543e-02 2.329182869019202559e-02 4.134267809968662777e-02 6.723124879220518380e-02
2.343225263535479703e-05 4.918590629628659134e-04 1.419575793835598778e-03 2.162857608038025545e-03 3.113356322222718409e-03 4.689496352536845665e-03 7.843954958276472267e-03 1.635229633247048051e-02 3.176997344073436563e-02 5.441837759588695478e-02 8.395123471970848683e-02
2.760291937897153093e-05 6.135550757242347200e-04 1.882478726153303215e-03 2.946673449102020243e-03 4.287444492854929241e-03 6.507648733139259796e-03 1.092649065511376930e-02 2.255206045794176661e-02 4.276511430407101827e-02 7.042737615728097977e-02 1.030461345625015013e-01
3.249873387946600618e-05 7.603076955653647424e-04 2.477441932628501268e-03 3.990236338751494173e-03 5.874421272650756469e-03 8.987903456017970125e-03 1.512858073233343953e-02 3.077961594079370311e-02 5.669649760561828317e-02 8.950850946233016026e-02 1.243362265569257774e-01
3.829147715420307444e-05 9.372312097911407978e-04 3.236849961833264053e-03 5.369276240057116630e-03 8.003884744814941665e-03 1.234366238190348457e-02 2.078911135711573877e-02 4.148919393622042817e-02 7.389853189424250290e-02 1.116253971440052811e-01 1.475296660383496328e-01
4.520463190987071219e-05 1.151005442037240879e-03 4.200917654647242858e-03 7.178639196728837761e-03 1.083907914376824357e-02 1.684067538569718539e-02 2.830653870161252417e-02 5.512530734125526549e-02 9.455528941091308204e-02 1.365468748427129397e-01 1.722498733507042967e-01
5.352962054798578797e-05 1.410451405541770153e-03 5.420333968528716698e-03 9.536972043290691675e-03 1.458289730785591529e-02 2.280103483137061252e-02 3.812553532841118226e-02 7.206696469157122809e-02 1.186449790830698264e-01 1.638581199592356874e-01 1.980723666460727783e-01
6.364794323878171360e-05 1.727286905634503773e-03 6.959920002103570438e-03 1.259273652532247149e-02 1.948384751973808102e-02 3.060269865495308592e-02 5.071020121402981112e-02 9.256403734045770548e-02 1.459112442256760567e-01 1.930021311211726209e-01 2.245634969838079531e-01
7.606156319071601644e-05 2.117130976803810634e-03 8.903523699611734857e-03 1.653169907113357512e-02 2.584121937655690926e-02 4.067211142996068896e-02 6.650295374079982780e-02 1.166787590566674970e-01 1.758730305341511813e-01 2.233422609434375927e-01 2.513141423740223868e-01
9.143486209956844214e-05 2.600857556573487207e-03 1.136037107914628780e-02 2.158575963367334594e-02 3.400813365430176149e-02 5.346738392799580547e-02 8.587169335973283968e-02 1.442477708140262882e-01 2.078737992853440797e-01 2.542309911411154144e-01 2.779638537676163423e-01
1.106529147956483006e-04 3.206439612598460838e-03 1.447307516325021734e-02 2.804250974847752667e-02 4.439045463806660929e-02 6.944993919299395635e-02 1.090520732904889517e-01 1.748771117744366554e-01 2.411586143978125540e-01 2.850702467219085046e-01 3.042140023449942388e-01
1.349029187199444980e-04 3.971477863119309698e-03 1.842743793789820145e-02 3.625421596067334579e-02 5.743881105255849856e-02 8.904384146865501615e-02 1.360952859122712411e-01 2.079742383366076086e-01 2.749598775420303842e-01 3.153534292432950692e-01 3.298310251693206685e-01
1.657886732466317759e-04 4.946676478932931185e-03 2.346400935332931814e-02 4.664398861538160412e-02 7.363048627491022846e-02 1.125844211583092030e-01 1.668330570767129761e-01 2.428106431958544087e-01 3.085724384301029022e-01 3.446860973368533476e-01 3.546423264353474880e-01
2.054924992890145013e-04 6.200613806664390451e-03 2.989100316507667388e-02 5.970574329277911901e-02 9.343812518826585811e-02 1.402612171335174962e-01 2.008694064403774848e-01 2.786004622210506709e-01 3.414053264037519853e-01 3.727878836290773878e-01 3.785277687241204725e-01
2.570056054273051689e-04 7.826257275765382410e-03 3.809750066041977384e-02 7.599335342556036432e-02 1.172835834042752629e-01 1.720640265748412390e-01 2.376033586663366115e-01 3.145778403304639870e-01 3.730063406335815679e-01 3.994812807138727884e-01 4.014093276186171955e-01
3.244576452866769576e-04 9.949776971774071388e-03 4.856478531455317438e-02 9.609355121376501885e-02 1.454782420872889892e-01 2.077436509141259158e-01 2.762797486430519367e-01 3.500590212884878705e-01 4.030631299215554630e-01 4.246734143468427480e-01 4.232407916088593569e-01
4.135905195247209618e-04 1.274229168576623654e-02 6.187208183538435435e-02 1.205774538049395189e-01 1.781557169976170640e-01 2.467990571036421388e-01 3.160588888117564776e-01 3.844817486029853959e-01 4.313881935669222623e-01 4.483357938534443532e-01 4.439986715555032659e-01
5.324423981166524333e-04 1.643516944340063166e-02 7.869102467715477500e-02 1.499281859093455349e-01 2.152082351139436855e-01 2.884989008559529222e-01 3.560922162526967694e-01 4.174214261937301829e-01 4.578956494559864865e-01 4.704853266010814994e-01 4.636748980144168031e-01
6.923382551898129905e-04 2.133927761320049410e-02 9.976130022199089509e-02 1.844479500638781522e-01 2.562421059128768830e-01 3.319379166102062739e-01 3.955910399768388652e-01 4.485883165918165827e-01 4.825759933405011637e-01 4.911683075670548182e-01 4.822714728444112420e-01
9.093264688606539836e-04 2.786792443900526148e-02 1.258390785370931686e-01 2.241570382044265619e-01 3.005681043255057361e-01 3.761197283083991816e-01 4.338787122056428913e-01 4.778121475586792344e-01 5.054728082388684207e-01 5.104479498012642891e-01 4.997969815637060553e-01
1.206261242109059502e-03 3.656183928738362954e-02 1.576116500073377891e-01 2.687074324070877762e-01 3.472372402255473611e-01 4.200505516575479548e-01 4.704214945992949981e-01 5.050203639614129214e-01 5.266633676968119904e-01 5.283953337521494209e-01 5.162647203183401423e-01
1.615810995461543133e-03 4.811202562000020666e-02 1.955778983510414182e-01 3.173398592378369742e-01 3.951215771254277254e-01 4.628259294468459184e-01 5.048383472191518839e-01 5.302148887131660215e-01 5.462436627171124437e-01 5.450833210313048571e-01 5.316921045122134926e-01
2.184772790321192360e-03 6.337243741957308829e-02 2.399058162107983450e-01 3.689094478470225091e-01 4.430268111572904233e-01 5.036958433827083415e-01 5.368935109280751350e-01 5.534505356428475187e-01 5.643175690135275868e-01 5.605828720124165221e-01 5.461009777853162994e-01
2.980180485372655938e-03 8.334950354786314908e-02 2.902936737832632064e-01 4.219885932137882878e-01 4.898135522935368469e-01 5.421005785358975482e-01 5.664775275094334761e-01 5.748166989107168501e-01 5.809895081721324628e-01 5.749612188621422426e-01 5.595184189006946474e-01
4.097772337638087153e-03 1.091511909873873198e-01 3.458753684174282195e-01 4.750306019266707369e-01 5.345021330326202857e-01 5.776775195715978528e-01 5.935824147040417165e-01 5.944228480844911955e-01 5.963598714977086379e-01 5.882814034051896401e-01 5.719776514686537583e-01
5.673343252835218870e-03 1.418781178461287762e-01 4.052143058543069554e-01 5.265555761311715433e-01 5.763421530842820495e-01 6.102449168416245184e-01 6.182756729723613009e-01 6.123876901647130611e-01 6.105225322102558749e-01 6.006027521132205615e-01 5.835187042511966737e-01
7.897169046958672084e-03 1.824480963250726395e-01 4.664155977195856284e-01 5.753125832613869006e-01 6.148395595092582822e-01 6.397713342723585495e-01 6.406763064035362332e-01 6.288315265435611146e-01 6.235638805772389937e-01 6.119819124400722732e-01 5.941885528293676666e-01
1.103075006702870786e-02 2.313665532570814698e-01 5.273518372399064180e-01 6.203832577773692458e-01 6.497456072526318627e-01 6.663392685391503756e-01 6.609345930617498421e-01 6.438712205525070065e-01 6.355629272509726313e-01 6.224741162344324952e-01 6.040405926428157324e-01
1.542317573749737818e-02 2.884850086979710571e-01 5.859541891098041244e-01 6.612146566508059209e-01 6.810194232132049663e-01 6.901094488208275868e-01 6.792162091654949663e-01 6.576172034898311036e-01 6.465921098524257671e-01 6.321343770248074589e-01 6.131334329954123419e-01
2.152119779518541984e-02 3.528157809125179178e-01 6.404900549296501655e-01 6.975913359095380351e-01 7.087778601544552082e-01 7.112898023199178965e-01 6.956905692095051164e-01 6.701720155245373123e-01 6.567185016984511403e-01 6.410183812538337023e-01 6.215291362096218020e-01
2.986316779910174954e-02 4.224777644534864485e-01 6.897513081652159039e-01 7.295692784046332591e-01 7.332441453701323830e-01 7.301108359279874227e-01 7.105228438407941161e-01 6.816299604881478347e-01 6.660051652454110904e-01 6.491829078855654300e-01 6.292911279209439934e-01
4.104478071899720498e-02 4.948272335631674901e-01 7.331141287295481757e-01 7.573957787750771331e-01 7.547027743568297531e-01 7.468076032760525562e-01 7.238689648108193042e-01 6.920775281329825113e-01 6.745124278416816388e-01 6.566857060462545359e-01 6.364820525374427218e-01
5.564879176079180062e-02 5.667817646524433428e-01 7.704811481662029449e-01 7.814334690831900021e-01 7.734640904926461946e-01 7.616075198109345523e-01 7.358729260140158823e-01 7.015942957717342665e-01 6.822988966923005938e-01 6.635848652548814730e-01 6.431618353092763973e-01
7.414567613327359419e-02 6.352828708582701767e-01 8.021513120266482444e-01 8.020984710298620923e-01 7.898390357520476135e-01 7.747229071093172381e-01 7.466657657986369712e-01 7.102540644309621731e-01 6.894220834367588147e-01 6.699378076604396437e-01 6.493861487597599735e-01
9.679389117186884550e-02 6.977797083568484382e-01 8.286697748997832180e-01 8.198157319263227327e-01 8.041228569175943308e-01 7.863471024025668887e-01 7.563657176724759568e-01 7.181260195459859830e-01 6.959385791660770426e-01 6.758000952477414280e-01 6.552053883451184335e-01
1.235810099278563806e-01 7.525860701821944776e-01 8.506958791147460897e-01 8.349902584653300375e-01 8.165858633402014455e-01 7.966530998854354229e-01 7.650791154749367884e-01 7.252757419689700447e-01 7.019038014306099305e-01 6.812242627957191266e-01 6.606641664073326092e-01
1.542336078873603467e-01 7.990026732711296154e-01 8.689066062011137070e-01 8.479910042291461947e-01 8.274692855067965480e-01 8.057938863175767574e-01 7.729017227874824814e-01 7.317659397206800476e-01 7.073714111005963145e-01 6.862588580305962749e-01 6.658012568316172830e-01
1.882887903704034416e-01 8.371984629147362078e-01 8.839367122687442624e-01 8.591438057406128870e-01 8.369845568441065531e-01 8.139038303925215656e-01 7.799202236302126279e-01 7.376568280425572777e-01 7.123925511473624406e-01 6.909478061300584617e-01 6.706498775482470087e-01
2.251913259371680076e-01 8.679422113063420818e-01 8.963483846992644777e-01 8.687302206702853802e-01 8.453147181113834785e-01 8.211006530219945310e-01 7.862136675890315507e-01 7.430061516509273156e-01 7.170150780358730547e-01 6.953301374280843605e-01 6.752381853613949048e-01
2.643792503538697769e-01 8.923066112289397278e-01 9.066210966396165416e-01 8.769898614821780569e-01 8.526170057188846574e-01 8.274876354718467830e-01 7.918547150019151770e-01 7.478689087171107586e-01 7.212829361365434844e-01 6.994400465037313719e-01 6.795898704467849827e-01
3.053410440084374233e-01 9.114314618659290490e-01 9.151534966649086389e-01 8.841245440003123734e-01 8.590259819112976425e-01 8.331558179673987929e-01 7.969105828896594357e-01 7.522968874519075921e-01 7.252357748697854101e-01 7.033072030805361807e-01 6.837247652888233107e-01
3.476472454038139759e-01 9.263756801233328231e-01 9.222714167736225654e-01 8.903031612259502126e-01 8.646567854329723080e-01 8.381860126458753335e-01 8.014436517972824969e-01 7.563381513213279783e-01 7.289088440350205422e-01 7.069572157631223153e-01 6.876594142317594693e-01
3.909655454169986277e-01 9.380475787699250612e-01 9.282382264512916148e-01 8.956666234643234636e-01 8.696082351848537506e-01 8.426505125987163725e-01 8.055117537594043142e-01 7.600366026122441498e-01 7.323331434560872433e-01 7.104121550514999051e-01 6.914075775780541555e-01
4.350627409219770536e-01 9.471878518801151170e-01 9.332653833859880788e-01 9.003324957645290061e-01 8.739656230892365318e-01 8.466144320728211659e-01 8.091682136322464469e-01 7.634317202059656138e-01 7.355357623701271885e-01 7.136910634211032223e-01 6.949806644243535780e-01
4.797885832972163533e-01 9.543811770022596619e-01 9.375221064814287519e-01 9.043991461762215245e-01 8.778031032167616932e-01 8.501366657714614083e-01 8.124617500474324849e-01 7.665585176436586767e-01 7.385403272409581943e-01 7.168104075804063724e-01 6.983881005231357131e-01
5.250347956390660764e-01 9.600796875859649582e-01 9.411437418170364166e-01 9.079493265164875204e-01 8.811856365874591868e-01 8.532705058006201382e-01 8.154363512290622173e-01 7.694477167148804364e-01 7.413674812516400925e-01 7.197844534271846673e-01 7.016376427453460130e-01
5.706707312261580789e-01 9.646287354603638731e-01 9.442387444364903626e-01 9.110531688055246713e-01 8.841704943819861384e-01 8.560639965014966712e-01 8.181312243060248068e-01 7.721260925515006646e-01 7.440353370652128540e-01 7.226255632504630100e-01 7.047356523539428652e-01
6.164695107987487876e-01 9.682903854157592916e-01 9.468943697789476976e-01 9.137706159880433221e-01 8.868083603181902141e-01 8.585601320011728710e-01 8.205808811541742687e-01 7.746169253816457267e-01 7.465598678517392228e-01 7.253444261381734037e-01 7.076873373830806502e-01
6.620448108330886372e-01 9.712630158341394315e-01 9.491812359431077706e-01 9.161533289209305986e-01 8.891441042887375801e-01 8.607970033594689596e-01 8.228153806378920576e-01 7.769404918252291736e-01 7.489552231358239665e-01 7.279502373293550432e-01 7.104969715547508891e-01
7.068148164496432795e-01 9.736968767915165079e-01 9.511569313938120773e-01 9.182461304224620591e-01 8.912173196723607305e-01 8.628079822567992219e-01 8.248607083872925294e-01 7.791145400754539985e-01 7.512339718337154304e-01 7.304508423850806231e-01 7.131680943486075064e-01
7.500035173485667395e-01 9.757060811318034599e-01 9.528688317712652456e-01 9.200880634427329730e-01 8.930627218265000389e-01 8.646219932829953825e-01 8.267392495172529721e-01 7.811547116517864042e-01 7.534072839388180620e-01 7.328528596134976647e-01 7.157036945518138182e-01
7.906894941621070982e-01 9.773776857418152719e-01 9.543562705224390985e-01 9.217131521346310086e-01 8.947104940000589757e-01 8.662638879397591696e-01 8.284703000384141536e-01 7.830748913724874249e-01 7.554850656657798869e-01 7.351617907978618138e-01 7.181063779886643905e-01
8.279137631550897991e-01 9.787785000954986048e-01 9.556521890971206856e-01 9.231509581698800204e-01 8.961866425463438368e-01 8.677549010195316770e-01 8.300705670492231070e-01 7.848874826397763682e-01 7.574760623372459589e-01 7.373821269664595501e-01 7.203785191140834598e-01
8.608429010735192399e-01 9.799601635256410814e-01 9.567843761736608554e-01 9.244270174896517256e-01 8.975133927422493940e-01 8.691131507211912188e-01 8.315546209528211774e-01 7.866036153311831702e-01 7.593879407742430976e-01 7.395174532020165614e-01 7.225223956308065576e-01
8.889447324710958442e-01 9.809629219163835678e-01 9.577763915712731446e-01 9.255632252118403125e-01 8.987096277173696190e-01 8.703541390380234999e-01 8.329352791162818459e-01 7.882332986979215805e-01 7.612273598610568293e-01 7.415705544413888628e-01 7.245403051325475241e-01
9.121010329102151593e-01 9.818184339001088112e-01 9.586482576804348232e-01 9.265782123557045891e-01 8.997913522592675406e-01 8.714912155301334229e-01 8.342239150304302520e-01 7.897855328753585757e-01 7.630000351485578536e-01 7.435435227919470202e-01 7.264346628817205387e-01
9.306002508967770037e-01 9.825518543789102388e-01 9.594169879501045495e-01 9.274877330790832763e-01 9.007721534107820949e-01 8.725359803396773861e-01 8.354306976320468037e-01 7.912683913904851041e-01 7.647108011906378344e-01 7.454378659450175970e-01 7.282080801217114541e-01
9.450208471939034460e-01 9.831833797612379300e-01 9.600970075970314266e-01 9.283050607102242280e-01 9.016636300172223839e-01 8.734986161181677033e-01 8.365647714340463947e-01 7.926890846959345760e-01 7.663636738052493902e-01 7.472546156570010201e-01 7.298634227394463769e-01
9.560719583214803974e-01 9.837293921342342706e-01 9.607005067071980875e-01 9.290413783382022173e-01 9.024757704850964179e-01 8.743881498778574013e-01 8.376343901763232402e-01 7.940540121699803944e-01 7.679619134826841664e-01 7.489944348868494695e-01 7.314038505833034831e-01
9.644585559720016965e-01 9.842033052115131131e-01 9.612377515387040550e-01 9.297061456086962439e-01 9.032172679938516024e-01 8.752126530921585656e-01 8.386470161215079377e-01 7.953688077060856454e-01 7.695080905565231388e-01 7.506577219546057833e-01 7.328328382585281853e-01
9.708010848907951962e-01 9.846161899153738073e-01 9.617173675934947985e-01 9.303074258364240068e-01 9.038957719087059584e-01 8.759793916964513372e-01 8.396093951396771393e-01 7.966383821837915713e-01 7.710041523585551282e-01 7.522447099808269311e-01 7.341541787251744111e-01
9.756052023707386667e-01 9.849772390002875522e-01 9.621465990334906460e-01 9.308521636590129100e-01 9.045180811668392939e-01 8.766949379415823751e-01 8.405276153209065848e-01 7.978669647887717264e-01 7.724514922962364416e-01 7.537555598617633468e-01 7.353719714748616632e-01
9.792633241739542305e-01 9.852941160249695240e-01 9.625315436895948151e-01 9.313464103888722256e-01 9.050902893135491789e-01 8.773652545572616646e-01 8.414071546150257985e-01 7.990581442640176668e-01 7.738510205629108851e-01 7.551904451208317770e-01 7.364905974315955062e-01
9.820708765976470245e-01 9.855732227727159733e-01 9.628773608990466304e-01 9.317955000007790423e-01 9.056178920027149193e-01 8.779957594599268056e-01 8.422529211925813275e-01 8.002149106244463850e-01 7.752032359920915106e-01 7.565496271465793621e-01 7.375146829866734421e-01
9.842463765639852813e-01 9.858199100619849942e-01 9.631884498077141199e-01 9.322041824182468739e-01 9.061058669894269668e-01 8.785913770115317822e-01 8.430692889022931569e-01 8.013396975529741839e-01 7.765082983913519366e-01 7.578335195728855833e-01 7.384490557259929533e-01
9.859500231135478465e-01 9.860386493887358661e-01 9.634685974843589795e-01 9.325767223910371717e-01 9.065587348457603278e-01 8.791565799733249698e-01 8.438601293069105669e-01 8.024344255323877517e-01 7.777661005413092354e-01 7.590427408669448983e-01 7.392986944375685709e-01
9.872989290678888530e-01 9.862331768629385431e-01 9.637210982237983670e-01 9.329169722510991525e-01 9.069806065578520649e-01 8.796954249108712709e-01 8.446288412103849508e-01 8.035005456894871445e-01 7.789763389260596638e-01 7.601781545491224090e-01 7.400686759042018892e-01
9.883788256958221385e-01 9.864066163965600209e-01 9.639488470870143377e-01 9.332284258197155458e-01 9.073752222782961452e-01 8.802115828505696626e-01 8.453783782461808949e-01 8.045390842905247863e-01 7.801385821785982166e-01 7.612408968571058310e-01 7.407641208047860415e-01
9.892527397151041901e-01 9.865615859927749920e-01 9.641544117197862196e-01 9.335142592782258442e-01 9.077459840261189461e-01 8.807083663606894985e-01 8.461112749009558343e-01 8.055506878009200955e-01 7.812523361825269852e-01 7.622323920638199857e-01 7.413901407866934079e-01
9.899672976640030431e-01 9.867002891131182452e-01 9.643400867832627732e-01 9.337773633104853310e-01 9.080959840810233219e-01 8.811887538255539498e-01 8.468296712438673213e-01 8.065356683912551228e-01 7.823171047728044725e-01 7.631543560425676498e-01 7.419517884531718899e-01
9.905572586317056283e-01 9.868245922079540433e-01 9.645079350739694801e-01 9.340203695070412593e-01 9.084280301428508952e-01 8.816554114174093293e-01 8.475353365820521567e-01 8.074940497283599194e-01 7.833324450248611015e-01 7.640087890229814160e-01 7.424540116567778236e-01
9.910487591536345509e-01 9.869360892796706919e-01 9.646598188251064299e-01 9.342456729825059369e-01 9.087446679186341747e-01 8.821107130921769235e-01 8.482296922426275643e-01 8.084256128333092706e-01 7.842980162127063393e-01 7.647979587793332090e-01 7.429016131249882582e-01
9.914616355217937826e-01 9.870361545026606898e-01 9.647974239670205066e-01 9.344554524040745713e-01 9.090482015596038634e-01 8.825567588103879757e-01 8.489138336736959944e-01 8.093299417189584455e-01 7.852136216497952459e-01 7.655243757239745817e-01 7.432992160872818888e-01
9.918110897837630890e-01 9.871259841969682869e-01 9.649222794275712500e-01 9.346516881194858462e-01 9.093407122227346040e-01 8.829953910937987649e-01 8.495885520480094266e-01 8.102064684409208128e-01 7.860792427959016893e-01 7.661907615334090371e-01 7.436512362410087063e-01
9.921088898127569111e-01 9.872066296743645664e-01 9.650357729540232077e-01 9.348361787482034613e-01 9.096240749249554502e-01 8.834282099573368408e-01 8.502543555315699164e-01 8.110545171104986961e-01 7.868950652107564725e-01 7.668000130081236154e-01 7.439618600991675379e-01
9.923642381889681285e-01 9.872790225647167794e-01 9.651391644662083991e-01 9.350105564007830106e-01 9.098999737621523698e-01 8.838565861914594590e-01 8.509114903344272562e-01 8.118733463284694141e-01 7.876614961502205192e-01 7.673551628608489272e-01 7.442350295156652251e-01
9.925844048505449990e-01 9.873439941757523597e-01 9.652335976009910334e-01 9.351763005661354322e-01 9.101699154611391229e-01 8.842816728965350315e-01 8.515599615820441670e-01 8.126621894077564745e-01 7.883791738216651135e-01 7.678593390476383673e-01 7.444744319878299210e-01
9.927751904306881814e-01 9.874022902728885054e-01 9.653201098583261697e-01 9.353347506131287625e-01 9.104352411087029973e-01 8.847044150733500700e-01 8.521995539253945928e-01 8.134202916657314875e-01 7.890489685312488399e-01 7.683157241134848103e-01 7.446834961936229513e-01
9.929412675764287544e-01 9.874545824366410818e-01 9.653996415825545352e-01 9.354871167615037564e-01 9.106971357493414132e-01 8.851255569412949109e-01 8.528298516464385415e-01 8.141469439932702556e-01 7.896719761593382625e-01 7.687275158350000970e-01 7.448653921311754189e-01
9.930864338545591918e-01 9.875014769097010259e-01 9.654730438848946328e-01 9.356344892696069060e-01 9.109566353608921085e-01 8.855456464896556135e-01 8.534502578274906215e-01 8.148415118666304524e-01 7.902495045897004466e-01 7.690978902265369621e-01 7.450230351877701329e-01
9.932138002926789166e-01 9.875435216181412956e-01 9.655410855173194307e-01 9.357778454600014229e-01 9.112146305178322470e-01 8.859650365928178894e-01 8.540600119773688048e-01 8.155034589913447984e-01 7.907830538990632263e-01 7.694299677547606908e-01 7.451590934689441559e-01
9.933259329073588217e-01 9.875812118610040047e-01 9.656044586359433524e-01 9.359180540744721499e-01 9.114718658750091684e-01 8.863838818996968572e-01 8.546582054159620467e-01 8.161323648997302893e-01 7.912742912989817468e-01 7.697267834016014998e-01 7.452759977584723083e-01
9.934249598488973376e-01 9.876149950172564695e-01 9.656637833453816100e-01 9.360558763575603791e-01 9.117289345274534051e-01 8.868021307510011164e-01 8.552437938180520449e-01 8.167279361184054398e-01 7.917250220272640249e-01 7.699912610443603311e-01 7.453759535461182972e-01
9.935126534268551302e-01 9.876452745181466542e-01 9.657196109056532807e-01 9.361919632796628088e-01 9.119862664452281775e-01 8.872195117391655783e-01 8.558156067321974758e-01 8.172900110245248095e-01 7.921371576207243415e-01 7.702261924933174742e-01 7.454609546380456253e-01
9.935904938480446535e-01 9.876724132709501225e-01 9.657724255287627457e-01 9.363268485162068444e-01 9.122441106963444790e-01 8.876355153735874248e-01 8.563723547256838486e-01 8.178185592283607752e-01 7.925126832546606215e-01 7.704342214364199304e-01 7.455327979369846814e-01
9.936597197095690115e-01 9.876967366886296729e-01 9.658226448134451525e-01 9.364609372894262540e-01 9.125025121930659955e-01 8.880493727641347590e-01 8.569126360768677397e-01 8.183136771919676811e-01 7.928536260636245281e-01 7.706178324649419764e-01 7.455930990262112923e-01
9.937213689489042823e-01 9.877185354686968122e-01 9.658706190749285492e-01 9.365944920063350443e-01 9.127612852741262550e-01 8.884600352469100848e-01 8.574349464825836709e-01 8.187755826511705637e-01 7.931620264785839147e-01 7.707793452547888613e-01 7.456433081966619136e-01
9.937763129288701425e-01 9.877380682610678031e-01 9.659166301095971630e-01 9.367276167474317683e-01 9.130199884222156559e-01 8.888661611325411327e-01 8.579376966724200360e-01 8.192046109747107563e-01 7.934399145113870677e-01 7.709209138098565006e-01 7.456847265138352165e-01
9.938252855352505133e-01 9.877555643555823162e-01 9.659608902424530186e-01 9.368602438813788957e-01 9.132779063911529160e-01 8.892661176052958361e-01 8.584192434990766118e-01 8.196012165350524681e-01 7.936892924739556987e-01 7.710445304026803948e-01 7.457185214425715580e-01
9.938689085224343689e-01 9.877712264927693830e-01 9.660035427468626201e-01 9.369921270392649326e-01 9.135340472839236226e-01 8.896580063223958890e-01 8.588779393024545961e-01 8.199659812044572949e-01 7.939121247812049864e-01 7.711520334753578787e-01 7.457457414682450159e-01
9.939077138144105650e-01 9.877852338495316520e-01 9.660446647842355627e-01 9.371228449115447390e-01 9.137871618658324202e-01 8.900397195498984670e-01 8.593122016430316812e-01 8.202996301767592202e-01 7.941103343210857979e-01 7.712451183478424843e-01 7.457673291255675352e-01
9.939421630391122031e-01 9.877977451772900208e-01 9.660842737841826011e-01 9.372518194243514289e-01 9.140357900083377896e-01 8.904090292821923436e-01 8.597206009703746155e-01 8.206030527665381102e-01 7.942858036096590579e-01 7.713253492344989137e-01 7.457841319255015256e-01
9.939726642573742943e-01 9.878089019880299526e-01 9.661223376429016740e-01 9.373783496877283739e-01 9.142783346373301034e-01 8.907637052010924927e-01 8.601019583597764306e-01 8.208773233527142388e-01 7.944403779389134224e-01 7.713941709322513773e-01 7.457969108859480167e-01
