2.636803709167165560e-07 6.395101206416076716e-11 1.638510615859889632e-11 2.684156635702460353e-10 4.044420054185624470e-09 3.881538269558439248e-08 6.446173793560077156e-07 1.225074111311281191e-05 1.262128610977002825e-04 1.102706098542028225e-03 9.342554822661547700e-03
1.312309114291744291e-07 3.236297110454075426e-11 3.710225367873914340e-11 6.857215850381541343e-10 9.535048818633726950e-09 8.559022345169691805e-08 1.277314288429134616e-06 2.160788813272702445e-05 2.004669629728094045e-04 1.556846888968409053e-03 1.137477795464532371e-02
6.531149127669886585e-08 1.672321671597624755e-11 9.431955135346203994e-11 1.708380576954630089e-09 2.187834196985332541e-08 1.836083307596813690e-07 2.463442611027715431e-06 3.711029566351300920e-05 3.104874220943636088e-04 2.152854146990887396e-03 1.372953848649642074e-02
3.250404035585573055e-08 9.178841191557546656e-12 2.416638934222040100e-10 4.143958627125473882e-09 4.885167936012527550e-08 3.831578241016960916e-07 4.624142490311651466e-06 6.207550103541616354e-05 4.692623278185211562e-04 2.919163238608705937e-03 1.643494623631820348e-02
1.617630271937049961e-08 6.116751435806346671e-12 6.078650418047159029e-10 9.781819196239860057e-09 1.061405218363515906e-07 7.777682636117524545e-07 8.448468883729549873e-06 1.011707527356749613e-04 6.926827447714724870e-04 3.886034832413830156e-03 1.952040000767122849e-02
8.050399475302515327e-09 6.547072297802942868e-12 1.491625262931871708e-09 2.246503889735639080e-08 2.243812179923011316e-07 1.535621706489968038e-06 1.502535751251236281e-05 1.607405109136431619e-04 9.996339281605820179e-04 5.085265646558766867e-03 2.301736100752441172e-02
4.006446793873879464e-09 1.212652108837456067e-11 3.564890678361669339e-09 5.019104048932588659e-08 4.614927116522476351e-07 2.948925140597660918e-06 2.601667110588458867e-05 2.491290443495694875e-04 1.411994496910249676e-03 6.550056922539571058e-03 2.696018774839748985e-02
1.993999794451711559e-09 2.922857880092048961e-11 8.293633374793600106e-09 1.090778773080652836e-07 9.234019490485003647e-07 5.507949390668901960e-06 4.387196998211277904e-05 3.769748516995008827e-04 1.954577798652466520e-03 8.315071871194512632e-03 3.138696778691358463e-02
9.925740419787132412e-10 7.493091549558599157e-11 1.877909759716543099e-08 2.305702561201730458e-07 1.797416640798641900e-06 1.000669440981734592e-05 7.208032057199963800e-05 5.574599587522919165e-04 2.655062277946303260e-03 1.041668250919259783e-02 3.634029204765458487e-02
4.942995871456748189e-10 1.915517269312564270e-10 4.138089139482959862e-08 4.740184458897379954e-07 3.403611086904741399e-06 1.768605369098625752e-05 1.154489509360704031e-04 8.065085354757602467e-04 3.543958806162453897e-03 1.289338148487886512e-02 4.186792817604093747e-02
2.464491959553025078e-10 4.799540241559653994e-10 8.873632549863675092e-08 9.477408760438901665e-07 6.270333720100254238e-06 3.041755640707800485e-05 1.803946034712173685e-04 1.142942656274652984e-03 4.654653691158072530e-03 1.578631900034992847e-02 4.802335667283211262e-02
1.233265177385538464e-10 1.172997646885541597e-09 1.851701698739751734e-07 1.842794081534141709e-06 1.123988955906397013e-05 5.092639212018738762e-05 2.752326499633356315e-04 1.588614517428744294e-03 6.023550490767731053e-03 1.913991844201229711e-02 5.486613551322685328e-02
6.258906246243324241e-11 2.792037318638285619e-09 3.760198196662822904e-07 3.484720628363498406e-06 1.960919970388023124e-05 8.304730617237700860e-05 4.104522049273115632e-04 2.168540905949283091e-03 7.690316713878831908e-03 2.300252409774971446e-02 6.246205507019098047e-02
3.377207015328533964e-11 6.469135157183522604e-09 7.430824669187077695e-07 6.409198194768782764e-06 3.330763530958826723e-05 1.320025680246426903e-04 5.989720401273635874e-04 2.911065943398368112e-03 9.698226828450602285e-03 2.742703678950354079e-02 7.088303600858644749e-02
2.316018873859654439e-11 1.458785586788365067e-08 1.429177128600635564e-06 1.146736679162984694e-05 5.511055531347802103e-05 2.046892024842412929e-04 8.563802595095631543e-04 3.848072916686207101e-03 1.209458246634945340e-02 3.247149516728436297e-02 8.020670959295495006e-02
2.755416192529514404e-11 3.201346266134251854e-08 2.675594805253432633e-06 1.996532142572152827e-05 8.888316313554308820e-05 3.099641173673919306e-04 1.201168076352821272e-03 5.015257494416419659e-03 1.493118410606844235e-02 3.819955951452445875e-02 9.051560419001954128e-02
5.419640596525276356e-11 6.837123586469878821e-08 4.876806916855849437e-06 3.383973780337024381e-05 1.398463131246998096e-04 4.589205709976460607e-04 1.654972655411349105e-03 6.452465183332051907e-03 1.826482435820921124e-02 4.468084994009997868e-02 1.018958457400824941e-01
1.275818613410890585e-10 1.421140447858491357e-07 8.656997252132777562e-06 5.586819950857541253e-05 2.148549555610190646e-04 6.651562420078178375e-04 2.242844913862056689e-03 8.204087215309567582e-03 2.215776937136248667e-02 5.199108135146435217e-02 1.144352663805049408e-01
3.078348100944185143e-10 2.875180555475655689e-07 1.497257974020814247e-05 8.990933707487954666e-05 3.226815573850213398e-04 9.450399050327414063e-04 2.993555677840461018e-03 1.031950183841490523e-02 2.667819006429036910e-02 6.021192382308256791e-02 1.282208079638193776e-01
7.315854038761150340e-10 5.662654859148129814e-07 2.524377530296167464e-05 1.411654561303515691e-04 4.743007454110021652e-04 1.317988441650694937e-03 3.939948731774813896e-03 1.285354193725230486e-02 3.190049754958106110e-02 6.943049964966632737e-02 1.433351109234689558e-01
1.697279141340974596e-09 1.085895417370578027e-06 4.151664203050704674e-05 2.164598546874591889e-04 6.831764627390147148e-04 1.806767561975995392e-03 5.119343332700535681e-03 1.586696415550637590e-02 3.790552640934763406e-02 7.973840889469652193e-02 1.598522001987087438e-01
3.836215389295171552e-09 2.028068099780748927e-06 6.665498727594893033e-05 3.245228509256870030e-04 9.655576298395424171e-04 2.437828198085989408e-03 6.573982624354254845e-03 1.942688814511881606e-02 4.478049505048253831e-02 9.123015590104044392e-02 1.778322262891785244e-01
8.443580699859896832e-09 3.690190807654730687e-06 1.045597901403463669e-04 4.762842059861352624e-04 1.340791402952573250e-03 3.241686854556105266e-03 8.351518440675727295e-03 2.360716618085931598e-02 5.261865432772557666e-02 1.040008336191556582e-01 1.973152987940861858e-01
1.809743355760898787e-08 6.544355996444192984e-06 1.604125989254822022e-04 6.851740342470655611e-04 1.831663987301421909e-03 4.253353295545040345e-03 1.050551704973533111e-02 2.848863231623590883e-02 6.151851471272589550e-02 1.181429161116709647e-01 2.183145682792401454e-01
3.777673309291025549e-08 1.131760303745826830e-05 2.409391755543387442e-04 9.674381550081822233e-04 2.464777636337079844e-03 5.512803603923547603e-03 1.309596388893075752e-02 3.415916595964915703e-02 7.158252012682680965e-02 1.337420197879577444e-01 2.408088717746530716e-01
7.681126371859487962e-08 1.909713229792206167e-05 3.546905215789694209e-04 1.342476154470877495e-03 3.270969448044646396e-03 7.065491185154967879e-03 1.618973752775863112e-02 4.071348702840857370e-02 8.291501607234498528e-02 1.508715306794095601e-01 2.647354508666551753e-01
1.521639196744851982e-07 3.146326176755268885e-05 5.123401382730716127e-04 1.833210764574167264e-03 4.285773459332148372e-03 8.962882554079768319e-03 1.986101318858569942e-02 4.825257901992419801e-02 9.561934566650408251e-02 1.695860699607809052e-01 2.899834594838316959e-01
2.937608494111430832e-07 5.065172378337140562e-05 7.269985198868596579e-04 2.466495642654859856e-03 5.549922765157169063e-03 1.126299824200049753e-02 2.419154347221279255e-02 5.688261352978636609e-02 1.097939067852885531e-01 1.899138944475297908e-01 3.163891650959921309e-01
5.528389511980633807e-07 7.974556100793673695e-05 1.014547920431634965e-03 3.273565680176889620e-03 7.109883057539117569e-03 1.403093121644197888e-02 2.927074797700463318e-02 6.671322722554298701e-02 1.255270267245827409e-01 2.118485108413031559e-01 3.437338601063881782e-01
1.014551167809994301e-06 1.228956652532475985e-04 1.394001864009889206e-03 4.290530026544970947e-03 9.018402877126002054e-03 1.733930508469939957e-02 3.519552409019396921e-02 7.785498402899052039e-02 1.428905701575929887e-01 2.353400207866288285e-01 3.717454781083621707e-01
1.816322249300311938e-06 1.855681701570348612e-04 1.887894313069433429e-03 5.558903339201116435e-03 1.133505853858413764e-02 2.126862136594936947e-02 4.206966871363126970e-02 9.041584752601267150e-02 1.619323056324172283e-01 2.602869907619706491e-01 4.001046958431018208e-01
3.173637137882781045e-06 2.748166429787256477e-04 2.522702670978360911e-03 7.126165337908420272e-03 1.412676252966899373e-02 2.590742871146995904e-02 5.000277625185676339e-02 1.044965004393373087e-01 1.826672276403301098e-01 2.865299155757278227e-01 4.284558664568774433e-01
5.415030204494241728e-06 3.995773817825531895e-04 3.329306829952510555e-03 9.046332258514625316e-03 1.746819254534345486e-02 3.135222683724544351e-02 5.910845432200946548e-02 1.201843912549856036e-01 2.050682705125957961e-01 3.138475493073568656e-01 4.564224938174572532e-01
9.028004128030180149e-06 5.709870286850293004e-04 4.343483314083323131e-03 1.138051578180592459e-02 2.144208360541614497e-02 3.770699428613761423e-02 6.950167970126973349e-02 1.375464767391780530e-01 2.290571472418182208e-01 3.419574243062673546e-01 4.836262079826128546e-01
1.471745160258113797e-05 8.027229399377254883e-04 5.606429224515424060e-03 1.419743485452899627e-02 2.613930748727553641e-02 4.508220293120372008e-02 8.129510987106945696e-02 1.566207767875344714e-01 2.544963669834270359e-01 3.705216763445376982e-01 5.097074871386898520e-01
2.347792554599055924e-05 1.111367990724411838e-03 7.165305089153454869e-03 1.757383289104896135e-02 3.165864189750156737e-02 5.359315561023261093e-02 9.459418001382956243e-02 1.774070736322188868e-01 2.811837648540502221e-01 3.991587817681742645e-01 5.343458716193565383e-01
3.668087318656239738e-05 1.516802369738115596e-03 9.073778635615101576e-03 2.159473658142855093e-02 3.810610693342753041e-02 6.335746058196184416e-02 1.094908643558118871e-01 1.998573677782639890e-01 3.088510221065885464e-01 4.274610005802190749e-01 5.572772894542461497e-01
5.617778895410202150e-05 2.042625081471100435e-03 1.139254259166237737e-02 2.635347257342429694e-02 4.559371998628333755e-02 7.449144437346803815e-02 1.260560792292944876e-01 2.238670242131740318e-01 3.371675543250370333e-01 4.550163189423434007e-01 5.783064382678861914e-01
8.442020229833609071e-05 2.716607031471134949e-03 1.418976842748225636e-02 3.195133469189809922e-02 5.423749540718272172e-02 8.710531308118929505e-02 1.443308672984568441e-01 2.492678515640217585e-01 3.657507086630802373e-01 4.814327074353550451e-01 5.973129034060593590e-01
1.245975131836296243e-04 3.571175514840312093e-03 1.754144403198533431e-02 3.849676789145693029e-02 6.415449731705895331e-02 1.012969148677685255e-01 1.643167362427978284e-01 2.758245696320402729e-01 3.941824122563013511e-01 5.063618240623515288e-01 6.142506766465172241e-01
1.807938920600280343e-04 4.643926521745917781e-03 2.153152631541325329e-02 4.610390778540151419e-02 7.545875112250963190e-02 1.171440496575219398e-01 1.859658251691865272e-01 3.032361307339702661e-01 4.220313364722454996e-01 5.295191281137494599e-01 6.291417418613307611e-01
2.581657117741735963e-04 5.978156396755356962e-03 2.625181960277163384e-02 5.489029015018006413e-02 8.825584319801574318e-02 1.346954325827130206e-01 2.091719091271971864e-01 3.311430654815437635e-01 4.488784953916746812e-01 5.506978398339906766e-01 6.420651850765378699e-01
3.631411979207078023e-04 7.623397887075241894e-03 3.180146793783327624e-02 6.497352960937448352e-02 1.026361035542039390e-01 1.539606573893778363e-01 2.337635659209253980e-01 3.591413686699727603e-01 4.743432817497990062e-01 5.697752019065019935e-01 6.531437133513874338e-01
5.036440899510572682e-04 9.635937259715432121e-03 3.828592549859242966e-02 7.646677034008801666e-02 1.186663894457583440e-01 1.748998232604496439e-01 2.595010270240558636e-01 3.868024637039363944e-01 4.981065579513718755e-01 5.867108190366041587e-01 6.625294910989018016e-01
6.893430206783674689e-04 1.207927865436312330e-02 4.581524708940182267e-02 8.947274730458397440e-02 1.363806828973461727e-01 1.974138574734560503e-01 2.860782030204611082e-01 4.136976439333741595e-01 5.199277426414594672e-01 6.015381307309795034e-01 6.703908939285576629e-01
9.319279740955711691e-04 1.502450883283576975e-02 5.450152495431147270e-02 1.040763804470946075e-01 1.557699873008130120e-01 2.213369260594651167e-01 3.131310119236936362e-01 4.394243526649193043e-01 5.396538345617877264e-01 6.143510027931211592e-01 6.769012760531797346e-01
1.245414498346216316e-03 1.855049972635633079e-02 6.445529628316136461e-02 1.203359736146960984e-01 1.767723444865504923e-01 2.464325749513978925e-01 3.402524018603336753e-01 4.636310340386449180e-01 5.572197464711955428e-01 6.252878320741575013e-01 6.822302978812494478e-01
1.646475254316423281e-03 2.274386764972873357e-02 7.578076785020969319e-02 1.382733177889759468e-01 1.992641520631313612e-01 2.723952560941416690e-01 3.670134086487077951e-01 4.860372974177764038e-01 5.726408002517543450e-01 6.345154449649113015e-01 6.865378843449846391e-01
2.154796882577823380e-03 2.769858721723329406e-02 8.856976268557613385e-02 1.578633056335494722e-01 2.230542633640540950e-01 2.988585417939082500e-01 3.929884122331643304e-01 5.064468489954436770e-01 5.859993848135656158e-01 6.422145708427182687e-01 6.899705475356009421e-01
2.793457971909541187e-03 3.351513615601314083e-02 1.028944017231575581e-01 1.790240295463074727e-01 2.478824880935625030e-01 3.254105497947056280e-01 4.177817437044364923e-01 5.247519007876867425e-01 5.974283632774360919e-01 6.485679905223820096e-01 6.926596230762793738e-01
3.589320998157790807e-03 4.029902691999528302e-02 1.187987014953084397e-01 2.016087025949362399e-01 2.734239576858352172e-01 3.516159437837966251e-01 4.410522555932971378e-01 5.409292425348877220e-01 6.070937955956833276e-01 6.537517885952248697e-01 6.947209153955128391e-01
4.573427347115318828e-03 4.815856654533128001e-02 1.362894993782665931e-01 2.254010157083549404e-01 2.993002820590041635e-01 3.770425466116605340e-01 4.625326147999949677e-01 5.550294750983454373e-01 6.151790514833178625e-01 6.579296076193649201e-01 6.962552823960953541e-01
5.781379803850692292e-03 5.720168400150091315e-02 1.553273972604534703e-01 2.501155989563342841e-01 3.250974949054291074e-01 4.012894446960160177e-01 4.820409289074502612e-01 5.671617537243067719e-01 6.218716521531941765e-01 6.612494657241645424e-01 6.973497734608383736e-01
7.253691048499832233e-03 6.753168314984793474e-02 1.758187066016375644e-01 2.754049620078625193e-01 3.503895844601329079e-01 4.240128426764164238e-01 4.994836711782324468e-01 5.774766467126378755e-01 6.273534230286509361e-01 6.638425491378299181e-01 6.980790331869816123e-01
9.036069640527742697e-03 7.924182997810209905e-02 1.976096200506344269e-01 3.008735719548807919e-01 3.747651941759088112e-01 4.449461052472217237e-01 5.148503697477103680e-01 5.861494356654882720e-01 6.317939234810737714e-01 6.658233829478277244e-01 6.985067753027981441e-01
1.117960669050578441e-02 9.240877607954246786e-02 2.204839429270090412e-01 3.260986202039851123e-01 3.978541914548841540e-01 4.639114174810003988e-01 5.282017885840942784e-01 5.933655530621136931e-01 6.353467168080549898e-01 6.672908616334762844e-01 6.986872062744383660e-01
1.374081710788788505e-02 1.070849648212607863e-01 2.441656036072592517e-01 3.506557204253279991e-01 4.193505472767359299e-01 4.808220532888482501e-01 5.396540753409518887e-01 5.993090983912788827e-01 6.381478527052092398e-01 6.683297365758473774e-01 6.986663333704509204e-01
1.678147954074599157e-02 1.232903634364133638e-01 2.683267624699167686e-01 3.741465892455983488e-01 4.390284878929386347e-01 4.956759275717930735e-01 5.493614934314515752e-01 6.041546866602715005e-01 6.403159087616115963e-01 6.690122762749559637e-01 6.984831292109814349e-01
2.036821001929480304e-02 1.410041013822644074e-01 2.926016524427644816e-01 3.962250602426002355e-01 4.567500743311815325e-01 5.085424703401993929e-01 5.574999836275517096e-01 6.080623766526508378e-01 6.419530150105076105e-01 6.693999169985213049e-01 6.981705478559175893e-01
2.457169776701723096e-02 1.601568422445455997e-01 3.166053945782351109e-01 4.166178456529349705e-01 4.724639191414054529e-01 5.195456002134759554e-01 5.642531191384403400e-01 6.111751340001123634e-01 6.431464099429009540e-01 6.695447996653748346e-01 6.977564003338881937e-01
2.946553041673600354e-02 1.806249223324322695e-01 3.399561098475878396e-01 4.351373409375976498e-01 4.861962419869952923e-01 5.288456227959342781e-01 5.698012556926662642e-01 6.136181801337967645e-01 6.439702070972128656e-01 6.694911431798095114e-01 6.972641036596104458e-01
3.512454355101054387e-02 2.022273875670371757e-01 3.622979146190863364e-01 4.516852471929006518e-01 4.980365287358147763e-01 5.366223783054274721e-01 5.743140141521417830e-01 6.154996073556351366e-01 6.444871651531539625e-01 6.692764391988637040e-01 6.967133194485596315e-01
4.162265011315594010e-02 2.247269838682024734e-01 3.833220492425237214e-01 4.662474513188898384e-01 5.081204993064042386e-01 5.430611672405712964e-01 5.779457651373679505e-01 6.169117433720724408e-01 6.447503421321021388e-01 6.689324735337607297e-01 6.961204980110280438e-01
4.903014245587433706e-02 2.478358588303917476e-01 4.027835682971470099e-01 4.788820042289388401e-01 5.166129244851789259e-01 5.483421504204871733e-01 5.808335320043357397e-01 6.179328775123313910e-01 6.448045756142709584e-01 6.684861897498701744e-01 6.954993424361927135e-01
5.741051548127609760e-02 2.712262133462355340e-01 4.205117040252860372e-01 4.897028542121966144e-01 5.236922385292351878e-01 5.526332346917693927e-01 5.830966557072764234e-01 6.186290839836569022e-01 6.446877701399643668e-01 6.679604147141311454e-01 6.948612053438002478e-01
6.681693173608482805e-02 2.945454612506605563e-01 4.364130490916027227e-01 4.988621300476714926e-01 5.295381153277272102e-01 5.560860031080521182e-01 5.848376143330890065e-01 6.190559789072168639e-01 6.444319958626407718e-01 6.673744664410904415e-01 6.942154290691956442e-01
7.728853125804245605e-02 3.174347312486820449e-01 4.504678453538235594e-01 5.065333425655792476e-01 5.343224289569078467e-01 5.588340290108406716e-01 5.861435029556899545e-01 6.192603228955437800e-01 6.440644143560585455e-01 6.667446633014331159e-01 6.935696382549590977e-01
8.884686678394147774e-02 3.395489297430236975e-01 4.627206501496702873e-01 5.128971236301291814e-01 5.382034441246118517e-01 5.609928767296453733e-01 5.870878104931647190e-01 6.192814316240379258e-01 6.436080524008467307e-01 6.660847515131814722e-01 6.929299922397302858e-01
1.014927995622093709e-01 3.605762201862949268e-01 4.732672826367654295e-01 5.181303030575775681e-01 5.413227294252332955e-01 5.626611697639430920e-01 5.877322509689212326e-01 6.191523881880276470e-01 6.430824455087340574e-01 6.654062654282959510e-01 6.923014032911350979e-01
1.152042018722618383e-01 3.802547604514323609e-01 4.822401468970762828e-01 5.223984279049581625e-01 5.438041394319379496e-01 5.639222385631902368e-01 5.881285034879977225e-01 6.189010684967082287e-01 6.425041717750059611e-01 6.647188327736616165e-01 6.916877256210973712e-01
1.299347639401753352e-01 3.983848939701905567e-01 4.897938247383513133e-01 5.258513509425450927e-01 5.457542165291536795e-01 5.648459998469576027e-01 5.883197853827049073e-01 6.185509992723753347e-01 6.418872945218655479e-01 6.640304348594711081e-01 6.910919192271428591e-01
1.456140923416904542e-01 4.148356489530435898e-01 4.960923565740709140e-01 5.286212669508772999e-01 5.472634574595809376e-01 5.654908421103933547e-01 5.883422293324230834e-01 6.181220709783722400e-01 6.412437297528403857e-01 6.633476298912488467e-01 6.905161918937797738e-01
1.621491288825400723e-01 4.295452305104406898e-01 5.012990441658089491e-01 5.308225136419796319e-01 5.484080196044764932e-01 5.659053870406052233e-01 5.882260631761404568e-01 6.176311276536218253e-01 6.405835520226341728e-01 6.626757459254599691e-01 6.899621221326605047e-01
1.794267447451802777e-01 4.425160249897782672e-01 5.055690569453811234e-01 5.325525142907067133e-01 5.492515716354160471e-01 5.661300633856837239e-01 5.879966061375021535e-01 6.170924537528853504e-01 6.399152501020028971e-01 6.620190486786859951e-01 6.894307654090167103e-01
1.973172144810956818e-01 4.538053125498896501e-01 5.090446968408175454e-01 5.338933603858974086e-01 5.498471027048956739e-01 5.661984727614087776e-01 5.876751018875168153e-01 6.165181756108163436e-01 6.392459418487249634e-01 6.613808883111556014e-01 6.889227456676806360e-01
2.156781841889842954e-01 4.635132873334772419e-01 5.118529106921096972e-01 5.349136689106410714e-01 5.502385869083870062e-01 5.661385519636477071e-01 5.872794106749523735e-01 6.159185925776796688e-01 6.385815559964888033e-01 6.607638284274741647e-01 6.884383339114332756e-01
2.343587376171913095e-01 4.717700715734360895e-01 5.141045243489363870e-01 5.356704724516864191e-01 5.504624563886829636e-01 5.659735492639953458e-01 5.868245819291514342e-01 6.153024504719346588e-01 6.379269871303090422e-01 6.601697598411486734e-01 6.879775153782435870e-01
2.532032302051857031e-01 4.787232141777573724e-01 5.158946719278396653e-01 5.362109986569240094e-01 5.505488719602203984e-01 5.657228374338635346e-01 5.863233266858132176e-01 6.146771678676987705e-01 6.372862289053761176e-01 6.596000011071054825e-01 6.875400466968989432e-01
2.720546814689158710e-01 4.845267768062985203e-01 5.173039632458560355e-01 5.365742663536930968e-01 5.505228002464853665e-01 5.654025870987400282e-01 5.857864067057179103e-01 6.140490239107339043e-01 6.366624895583574695e-01 6.590553874124740474e-01 6.871255042611933428e-01
2.907576569376924547e-01 4.893326459280768481e-01 5.184000329562282738e-01 5.367924722688086625e-01 5.504049161997656148e-01 5.650263225852271143e-01 5.852229546743318300e-01 6.134233148222061338e-01 6.360582929294069654e-01 6.585363491078709552e-01 6.867333249431822884e-01
3.091606984553780801e-01 4.932842718460307418e-01 5.192392182807417100e-01 5.368921702592038825e-01 5.502123534816877326e-01 5.646053799764595427e-01 5.846407375903323045e-01 6.128044849754868961e-01 6.354755675359126110e-01 6.580429809394834351e-01 6.863628401609163099e-01
3.271184509467277568e-01 4.965126952111255099e-01 5.198682021895795202e-01 5.368952598361419470e-01 5.499593252817892575e-01 5.641492843673459046e-01 5.840463734559452336e-01 6.121962373837707139e-01 6.349157256953975592e-01 6.575751028896092976e-01 6.860133042228847566e-01
3.444936716611443073e-01 4.991345069608663088e-01 5.203255287492192238e-01 5.368198071900912582e-01 5.496576364997255437e-01 5.636660606932476503e-01 5.834455096919394235e-01 6.116016275831942517e-01 6.343797342684893703e-01 6.571323134358303397e-01 6.856839177892498638e-01
3.611592927420885779e-01 5.012512930322390314e-01 5.206429468186739573e-01 5.366807233450305858e-01 5.493171058590404776e-01 5.631624901743063072e-01 5.828429703055223454e-01 6.110231442091952347e-01 6.338681782696702349e-01 6.567140359850626163e-01 6.853738472191764908e-01
3.770006466044248938e-01 5.029501135234976106e-01 5.208465703562564775e-01 5.364903228356823206e-01 5.489459140341241827e-01 5.626443224390685893e-01 5.822428777155557178e-01 6.104627790180373603e-01 6.333813183605969677e-01 6.563195592180333104e-01 6.850822405145073901e-01
3.919178687846143760e-01 5.043046228356219407e-01 5.209578625012778463e-01 5.362587838858813294e-01 5.485508915484014203e-01 5.621164517683810979e-01 5.816487542519623855e-01 6.099220886762233285e-01 6.329191430838586596e-01 6.559480720820191069e-01 6.848082405218063329e-01
4.058283817500146773e-01 5.053765212594987233e-01 5.209944603708432931e-01 5.359945283239563318e-01 5.481377581610954453e-01 5.615830645966825019e-01 5.810636076489056334e-01 6.094022502995493085e-01 6.324814165951023748e-01 6.555986941820661773e-01 6.845509960132960536e-01
4.186692563010773194e-01 5.062171162098992871e-01 5.209708614572826635e-01 5.357045368313319011e-01 5.477113237141824076e-01 5.610477643523067437e-01 5.804900042816529826e-01 6.089041124335844435e-01 6.320677225815564126e-01 6.552705023254994376e-01 6.843096712232564771e-01
4.303991676528966526e-01 5.068688488224757371e-01 5.208989930094631848e-01 5.353946127345496908e-01 5.472756588937363054e-01 5.605136788054140284e-01 5.799301333706606831e-01 6.084282428784139052e-01 6.316775049776057749e-01 6.549625539461561008e-01 6.840834543542241297e-01
4.409996330159154931e-01 5.073667027071331326e-01 5.207886843864891757e-01 5.350696053879092640e-01 5.468342429398788118e-01 5.599835541804437655e-01 5.793858647874622347e-01 6.079749744102405096e-01 6.313101059560426442e-01 6.546739080413466194e-01 6.838715654647744557e-01
4.504752518198635314e-01 5.077394554254793801e-01 5.206480599966284428e-01 5.347336021113335836e-01 5.463900938390053863e-01 5.594598392147963617e-01 5.788588023306023844e-01 6.075444489750849719e-01 6.309648014367488233e-01 6.544036440620139006e-01 6.836732639833739134e-01
4.588527707196094485e-01 5.080107618415028448e-01 5.204838675492077238e-01 5.343900954547325943e-01 5.459458847626925682e-01 5.589447609548606755e-01 5.783503333037741667e-01 6.071366602768678566e-01 6.306408339754138170e-01 6.541508788804824004e-01 6.834878558426011885e-01
4.661789477011391014e-01 5.082000751780396675e-01 5.203017531763844961e-01 5.340421300941365912e-01 5.455040483502630044e-01 5.584403923016848514e-01 5.778616739044776240e-01 6.067514938553968395e-01 6.303374423730573328e-01 6.539147815243896433e-01 6.833146998971710850e-01
4.725173611504933646e-01 5.083234197859907155e-01 5.201064916727946574e-01 5.336924308917718740e-01 5.450668678946668511e-01 5.579487092468627951e-01 5.773939084390915522e-01 6.063887628396703589e-01 6.300538867476114246e-01 6.536945848636060985e-01 6.831532129162140032e-01
4.779444605904489274e-01 5.083940322702428238e-01 5.199021768675904376e-01 5.333435107695466693e-01 5.446365518732814159e-01 5.574716337187707316e-01 5.769480190219066218e-01 6.060482367731355735e-01 6.297894672812947015e-01 6.534895929878048459e-01 6.830028721113037271e-01
4.825452502647882280e-01 5.084228871272850059e-01 5.196923743513879312e-01 5.329977545462007971e-01 5.442152861661988528e-01 5.570110565977327566e-01 5.765249016655761283e-01 6.057296605462164640e-01 6.295435346272590937e-01 6.532991827924732320e-01 6.828632140056014599e-01
4.864090155433963836e-01 5.084191213035000878e-01 5.194802369405810971e-01 5.326574735149955941e-01 5.438052575541809652e-01 5.565688355098129536e-01 5.761253650604847287e-01 6.054327608676732808e-01 6.293154902706882270e-01 6.531227984922327590e-01 6.827338286059080330e-01
4.896254480346441396e-01 5.083903704303818216e-01 5.192685828920936553e-01 5.323249260683393658e-01 5.434086434812911426e-01 5.561467640914297128e-01 5.757501102368816071e-01 6.051572390707211646e-01 6.291047761517160053e-01 6.529599385274249546e-01 6.826143483992354044e-01
4.922814203522943299e-01 5.083430287284892435e-01 5.190599382614580204e-01 5.320023025503153313e-01 5.430275669473060285e-01 5.557465136297308206e-01 5.753996926352648034e-01 6.049027513051552507e-01 6.289108545183443866e-01 6.528101355854882826e-01 6.825044326298500552e-01
4.944585372805975210e-01 5.082824448711572574e-01 5.188565477013329375e-01 5.316916774554013569e-01 5.426640212587254819e-01 5.553695535975203823e-01 5.750744721924608838e-01 6.046688798466994808e-01 6.287331809484475453e-01 6.526729319629910320e-01 6.824037484295278899e-01
