4.746682441580027667e-20 5.613727432538647903e-19 5.464044074283002073e-18 2.005787416369084626e-17 4.751733475431214810e-17 1.016890735176205478e-16 2.445007396325363077e-16 6.424969054047284921e-16 1.486234726256883827e-15 3.411608011548539673e-15 9.136981485195763079e-15
7.852941988564706677e-20 8.351594500920662984e-19 7.869172397915990879e-18 2.870853815235043647e-17 6.785763542601905790e-17 1.450198669783353917e-16 3.483559773257715780e-16 9.155132857073900732e-16 2.119060797099093017e-15 4.872464471933870697e-15 1.309400465843664268e-14
1.312662858013742035e-19 1.253631273399413628e-18 1.137404851123300790e-17 4.118455490517907714e-17 9.707830770938741248e-17 2.071203410672663014e-16 4.969583549409334418e-16 1.306298804190884859e-15 3.026048109464612213e-15 6.972868572194112778e-15 1.881071932907372172e-14
2.214029050313281624e-19 1.900340307297081645e-18 1.651075402924325645e-17 5.924631202422887883e-17 1.391839929848403924e-16 2.963478459336381973e-16 7.100647132642466548e-16 1.867010178643305880e-15 4.329682427097257849e-15 1.000354463713903894e-14 2.709897979810067227e-14
3.762808931094883736e-19 2.911065261122864688e-18 2.408825098966915998e-17 8.551196100271737442e-17 2.000749987391917943e-16 4.249427627100883557e-16 1.016503755843855717e-15 2.673923652154230436e-15 6.210000413788054313e-15 1.439502032238339265e-14 3.916052743942519828e-14
6.434544211990520011e-19 4.508306925054738636e-18 3.534811152089554224e-17 1.239058094662370550e-16 2.885035411857616341e-16 6.109414141540060066e-16 1.458585046776040660e-15 3.839325271281053384e-15 8.933649954304661251e-15 2.078959953047556333e-14 5.677918935612384011e-14
1.105578714126200093e-18 7.059165305148471417e-18 5.221374186580295411e-17 1.803582173922052995e-16 4.175470051829699244e-16 8.810980694862980303e-16 2.098809358325433283e-15 5.529756261160868017e-15 1.289889702452684237e-14 3.015261687276563928e-14 8.260663567044531749e-14
1.906092593902064414e-18 1.117242005495575020e-17 7.769143890546132252e-17 2.639058527945881639e-16 6.068949573265577692e-16 1.275384236466906630e-15 3.030175310646634335e-15 7.994301776020568515e-15 1.870595470981055438e-14 4.394481270730705582e-14 1.205837085503247822e-13
3.293306712419885793e-18 1.786106254011756010e-17 1.165182488636693964e-16 3.884315102777395415e-16 8.864233309356256241e-16 1.853969450880388620e-15 4.392154662134103964e-15 1.160888821427767114e-14 2.726766679144959086e-14 6.438922448619286563e-14 1.765547621415114009e-13
5.695661184321137102e-18 2.881348650200185132e-17 1.762106519869802488e-16 5.754275432639807382e-16 1.301812145581904583e-15 2.708128267105763612e-15 6.395674186877971823e-15 1.694626849418171481e-14 3.998451597805858953e-14 9.488279370100872652e-14 2.591511212265262484e-13
9.849360499588765593e-18 4.684381711702819292e-17 2.687625610456438423e-16 8.583981223741119479e-16 1.923415643897680874e-15 3.977389446574652185e-15 9.362509087124980775e-15 2.488740602460412532e-14 5.902181310069104446e-14 1.406265547823005405e-13 3.810408949836733628e-13
1.701327047228579258e-17 7.663517423148788992e-17 4.133909105714891311e-16 1.289882555558457414e-15 2.860316499438838807e-15 5.876651018559641320e-15 1.378787464055150656e-14 3.679968197194932311e-14 8.774804202985143452e-14 2.095803610508131496e-13 5.606642057956824190e-13
2.932783013473859167e-17 1.259575334320777942e-16 6.409624238750114027e-16 1.952661691721503300e-15 4.282649306105720703e-15 8.739264796197055266e-15 2.044053464737523811e-14 5.482280811241654074e-14 1.314246244518182633e-13 3.138896635793736586e-13 8.245924715964499948e-13
5.040921158906009239e-17 2.076466457362956710e-16 1.001101352966378304e-15 2.977621408652046351e-15 6.457120385293345248e-15 1.308579664190890176e-14 3.052377233748254741e-14 8.232753592632559457e-14 1.982823034379472361e-13 4.719827473585331574e-13 1.210663650527649445e-12
8.632351450866433174e-17 3.427898255873901458e-16 1.573542959791530081e-15 4.572177921062281333e-15 9.803597486825441342e-15 1.973419864301338528e-14 4.593522491220126990e-14 1.246494141929079660e-13 3.011815343708879897e-13 7.115948179787943875e-13 1.772047606673845184e-12
1.471676294965933594e-16 5.658028809320350356e-16 2.486162928235240864e-15 7.065413983397264037e-15 1.498537422647939819e-14 2.997697023503104564e-14 6.968718106174699588e-14 1.902555257537108595e-13 4.601366403946905574e-13 1.074035173595474156e-12 2.582382672643352012e-12
2.496063599048818557e-16 9.324336218900551008e-16 3.943432722638057924e-15 1.097960686641406307e-14 2.305335017707668634e-14 4.586695839320510205e-14 1.065864953001838866e-13 2.925831845898195945e-13 7.060869299749106974e-13 1.620066453609119020e-12 3.742093819849514728e-12
4.208967544781845728e-16 1.532236507531560021e-15 6.271063081080976908e-15 1.714342483706531312e-14 3.567676341892009173e-14 7.067965882412492509e-14 1.643321155743888573e-13 4.529036172092006035e-13 1.086419483813977002e-12 2.437798078573398105e-12 5.385956533632672369e-12
7.051929924937743889e-16 2.507790809038227414e-15 9.985681043502403574e-15 2.687102539199845285e-14 5.551334042336898159e-14 1.096624224429270865e-13 2.552786231049860779e-13 7.047178118457314370e-13 1.672878851045095023e-12 3.652994734210665076e-12 7.691916774752959320e-12
1.173297123291936556e-15 4.083963734909820893e-15 1.590316360791856249e-14 4.224580074532354750e-14 8.680484259804382590e-14 1.712494149875946767e-13 3.992497671659235886e-13 1.100390362912715190e-12 2.572621501871403699e-12 5.442151396509392923e-12 1.089113228263032348e-11
1.937537125633897906e-15 6.611966766686505558e-15 2.530678277814049401e-14 6.657132262210023084e-14 1.363381851069645355e-13 2.690298322445591951e-13 6.279835303727080496e-13 1.720968499679591336e-12 3.943262115574899645e-12 8.048581508667352827e-12 1.527918754278673529e-11
3.174154357312395585e-15 1.063499314783872297e-14 4.020844595744405473e-14 1.050914865512357245e-13 2.150005770386142577e-13 4.249262402066631882e-13 9.920683960365096879e-13 2.690405403653480075e-12 6.012782628162236411e-12 1.180161003623771255e-11 2.122848278437083635e-11
5.156512153359287108e-15 1.698514196458961106e-14 6.375628896178414804e-14 1.661475880324831301e-13 3.402994705230074403e-13 6.742977930965306515e-13 1.571606453217754368e-12 4.195682509664794009e-12 9.105100616102783540e-12 1.713878345329455595e-11 2.920193537601569704e-11
8.303643490820991538e-15 2.692562799731228782e-14 1.008754140146874798e-13 2.630495480774492586e-13 5.404440720676416963e-13 1.074064558205664363e-12 2.492322940708170837e-12 6.514560391210177155e-12 1.367189776240173298e-11 2.463085350135558888e-11 3.976838220363660776e-11
1.325018726031493512e-14 4.235886362311297917e-14 1.592856259789714302e-13 4.171195882201288384e-13 8.609363797157764555e-13 1.715494174420883281e-12 3.949428435237908988e-12 1.005282137498248013e-11 2.033099235223882424e-11 3.500923330527280843e-11 5.362044229524754182e-11
2.094567196654486167e-14 6.613160879808246729e-14 2.511376428281424788e-13 6.626620947451716070e-13 1.375151184984056386e-12 2.744038982522692200e-12 6.242197674163383217e-12 1.539283006543189603e-11 2.991114199911912702e-11 4.919575051610111723e-11 7.159607915335471854e-11
3.279345681835928684e-14 1.024862911639617787e-13 3.956758224975947220e-13 1.055085934220790266e-12 2.201163108885514419e-12 4.389585509079583038e-12 9.822889962516925234e-12 2.335496961358223615e-11 4.350277600977351846e-11 6.833491832578755959e-11 9.470566126701903076e-11
5.084253352962334495e-14 1.577389402660285161e-13 6.236167626316795113e-13 1.684142063650102463e-12 3.528176406809234035e-12 7.011671964334524709e-12 1.536418950467495088e-11 3.507298518963525813e-11 6.251392747098182693e-11 9.382967301434954082e-11 1.241669126121597658e-10
7.804901843318252461e-14 2.413202766253376898e-13 9.844004145403742282e-13 2.695352206424155933e-12 5.657391793691727403e-12 1.116558138696907380e-11 2.384964042411354550e-11 5.208352134871562900e-11 8.873075143026803883e-11 1.273826004639343073e-10 1.614507268679193235e-10
1.186289147661773061e-13 3.674177645270131435e-13 1.558229673728923423e-12 4.324325199642354314e-12 9.064030181249720913e-12 1.769658758279567608e-11 3.669142373825256282e-11 7.642931330662982907e-11 1.243826753968129775e-10 1.710460454012131298e-10 2.083413595201185714e-10
1.785304023801978251e-13 5.576387962622824675e-13 2.476015945791567445e-12 6.950918957941501589e-12 1.448948079485271418e-11 2.787078351297311916e-11 5.587913083773681407e-11 1.107748343845959015e-10 1.722135915958431181e-10 2.272860552973161142e-10 2.670150136830842596e-10
2.660641269771051862e-13 8.454401056782922224e-13 3.952192044775368436e-12 1.118320580485479204e-11 2.307499212254713445e-11 4.355153589926002766e-11 8.416187969142161306e-11 1.585330692406285480e-10 2.355626347534336035e-10 2.990667045567087257e-10 3.401413458250323425e-10
3.927468536034669022e-13 1.283638127423523377e-12 6.338086838912943534e-12 1.798494430873777373e-11 3.655067004430122624e-11 6.743032180959915153e-11 1.252643150319367248e-10 2.240028910082778261e-10 3.184609277935822196e-10 3.899628242973758166e-10 4.310130316046644183e-10
5.744433935832082627e-13 1.957293442332547869e-12 1.020745207580333099e-11 2.886459399901210420e-11 5.749531739370167226e-11 1.033192005753385234e-10 1.841350923031952283e-10 3.125186625917417331e-10 4.257540073452570673e-10 5.043104354638671327e-10 5.437093840203546228e-10
8.329450354303090497e-13 3.005903993556769345e-12 1.649104580632466708e-11 4.614842916105926565e-11 8.968324646010693129e-11 1.565093398937158131e-10 2.672250042984791825e-10 4.306174187901199265e-10 5.632631358671922521e-10 6.474052635513495367e-10 6.833012628154279529e-10
1.198220133390826621e-12 4.661524694242842727e-12 2.668406606197581585e-11 7.336431320907293162e-11 1.385330083898615868e-10 2.341960980150429896e-10 3.827918512276352896e-10 5.862343407030261267e-10 7.380020134605901171e-10 8.257607585065099197e-10 8.561063149722887027e-10
1.711750478753020345e-12 7.313692230829509910e-12 4.315863863023527252e-11 1.157651924227860293e-10 2.116695802991047040e-10 3.459669386369906176e-10 5.412314838543226942e-10 7.889439320612484720e-10 9.584682565268849192e-10 1.047438351924239803e-09 1.070006087797114904e-09
2.431689691934203388e-12 1.161859416032647152e-11 6.962309042986398739e-11 1.810211913701319508e-10 3.196059534427784908e-10 5.043452953953449251e-10 7.554400806584927124e-10 1.050271792798875044e-09 1.235031363419975434e-09 1.322464661044547835e-09 1.334839888181140303e-09
3.441157454302598124e-12 1.867968474195131387e-11 1.117795014338096154e-10 2.801052776550390118e-10 4.765430409131656109e-10 7.253833036424030239e-10 1.041222216283286649e-09 1.384109441361230210e-09 1.580440995173396661e-09 1.663353447247988624e-09 1.662894547213559426e-09
4.862001390715742660e-12 3.034095137118356260e-11 1.782395887754801096e-10 4.283892822424331368e-10 7.012801079586051599e-10 1.029301213192652638e-09 1.417772607272393231e-09 1.807271598821269900e-09 2.010481846056556264e-09 2.085754787832899494e-09 2.069514629220321443e-09
6.878120351901047223e-12 4.965330847352259941e-11 2.817644146376883137e-10 6.469551645941460831e-10 1.018224265101561753e-09 1.441183184249578856e-09 1.908275829015544834e-09 2.340241362638300459e-09 2.544805016543403473e-09 2.609260488487901489e-09 2.573864290349156994e-09
9.775431134487652496e-12 8.159993152535071782e-11 4.408935920021123814e-10 9.641129515388733726e-10 1.458490440524768852e-09 1.991759126355985066e-09 2.540686389751961713e-09 3.008153963002696704e-09 3.207971623964845645e-09 3.258403538526981052e-09 3.199880222657190399e-09
1.401051746683901438e-11 1.341979314474015340e-10 6.820227912610289943e-10 1.417105806194061795e-09 2.061096283859477727e-09 2.718330003385045641e-09 3.348769611676590801e-09 3.842075190305191502e-09 4.030753373989879507e-09 4.063900642236888236e-09 3.977465313281545339e-09
2.032802702755869912e-11 2.201307396670824547e-10 1.041973769981675585e-09 2.053979991620607015e-09 2.874282507577146563e-09 3.665927753788447586e-09 4.373500313711227067e-09 4.880637647448118329e-09 5.051747809487448306e-09 5.064200839303648306e-09 4.943985348895384428e-09
2.995955158048393888e-11 3.591055272731314428e-10 1.571080303863985024e-09 2.935609836291653433e-09 3.957029368155337003e-09 4.888837474248056289e-09 5.664930670224387306e-09 6.172108726564627955e-09 6.319383604665450917e-09 6.307420389625015868e-09 6.146147016589728184e-09
4.495618561156417964e-11 5.811686521227316231e-10 2.336790719178553460e-09 4.137901479365268671e-09 5.380892983837918335e-09 6.452645025555914704e-09 7.284651573822628082e-09 7.776980823198481705e-09 7.894414103849399857e-09 7.853765121943275185e-09 7.642355500268395993e-09
6.873600844513657985e-11 9.312434033192868185e-10 3.427771099094007668e-09 5.754258193317376768e-09 7.232347038149609169e-09 8.437004627827878998e-09 9.308985745752328724e-09 9.771198840188421951e-09 9.853025864829918770e-09 9.778567340462825557e-09 9.505675279521176847e-09
1.069698268607738225e-10 1.475170867188085671e-09 4.958493691333248889e-09 7.898474484929455499e-09 9.615880316973515988e-09 1.093934721279458591e-08 1.183306962800163025e-08 1.225017422857959618e-08 1.229072405198577401e-08 1.217609654984363092e-08 1.182754971343151443e-08
1.689876584716154314e-10 2.307529498141796696e-09 7.074325430436910206e-09 1.070833107741718378e-08 1.265816239808980876e-08 1.407977328866066559e-08 1.497600969818255782e-08 1.533378006084369633e-08 1.532719940819869617e-08 1.516434353683365253e-08 1.472247538719317161e-08
2.699689700233749990e-10 3.561477491363631823e-09 9.957204100364171196e-09 1.435027893507390622e-08 1.651364451337554592e-08 1.800739936761420015e-08 1.888734251780516589e-08 1.917257921382363119e-08 1.911243416741256674e-08 1.889102806557887818e-08 1.833387820684401114e-08
4.342859457152031944e-10 5.420805586845839162e-09 1.383211322470106304e-08 1.902571608412911878e-08 2.137201012654167745e-08 2.290846319858714687e-08 2.375509141201557196e-08 2.395560922181142007e-08 2.383436942301906879e-08 2.354114449619062837e-08 2.284150260227604760e-08
7.005050185818580226e-10 8.134316729689759088e-09 1.897474353341134576e-08 2.497946585463005941e-08 2.746793574641097918e-08 2.901655055448113436e-08 2.981580024972172697e-08 2.992013509062194995e-08 2.972853783361720503e-08 2.934644059787513020e-08 2.847070641528460665e-08
1.128720922140790750e-09 1.203258482782576779e-08 2.572095286309321513e-08 3.251115471501770268e-08 3.509367844678221847e-08 3.662539574072480227e-08 3.736703970925945393e-08 3.736388895223884020e-08 3.709016783287915928e-08 3.659732713439140721e-08 3.550415649457985279e-08
1.811102504230156832e-09 1.754712164623687891e-08 3.447889388454394314e-08 4.199026679675218432e-08 4.461508868415015369e-08 4.610483864345664130e-08 4.678302694746169761e-08 4.666044815978244175e-08 4.628939456657061571e-08 4.565784499119055742e-08 4.429654923318586225e-08
2.886773653605420013e-09 2.523204262227306642e-08 4.574495183879390205e-08 5.387573626864499672e-08 5.649177382474047374e-08 5.792070037853323714e-08 5.853417993830111862e-08 5.827856850277901422e-08 5.779037582720133219e-08 5.698447965339489560e-08 5.529314325863552840e-08
4.562440910063574140e-09 3.578851742882983052e-08 6.012490544408030629e-08 6.874105379499146824e-08 7.130232749522186960e-08 7.265957325196923638e-08 7.321164923538442556e-08 7.280649607820305425e-08 7.217531722626848814e-08 7.114981851674428153e-08 6.905309704674778557e-08
7.140520839579557833e-09 5.009266352687595926e-08 7.836198474115221952e-08 8.730604188050499361e-08 8.977580826371641671e-08 9.105981459962270630e-08 9.155814212263152820e-08 9.098254184382427140e-08 9.017467086282115749e-08 8.887230592114842073e-08 8.627886350623320531e-08
1.105693128412577269e-08 6.922812043557748308e-08 1.013737567052121496e-07 1.104767300657231166e-07 1.128310111539804650e-07 1.140503962127853563e-07 1.145066907984412691e-07 1.137335317036960969e-07 1.127050997777787435e-07 1.110536779694989586e-07 1.078532206128925368e-07
1.693121704412977554e-08 9.452533549930660473e-08 1.303000497281164974e-07 1.393951656990659543e-07 1.416255385124681071e-07 1.427997043251123083e-07 1.432294359743388308e-07 1.422231602820292420e-07 1.409172141307585399e-07 1.388260718579690372e-07 1.348859296661202505e-07
2.563231933078699573e-08 1.276105776054153344e-07 1.665644788375557292e-07 1.755015547272056072e-07 1.776172558064132640e-07 1.787769293655789375e-07 1.791990240355023237e-07 1.779128008476963085e-07 1.762556065466620016e-07 1.736113249767516650e-07 1.687725330328328485e-07
3.836411620115296332e-08 1.704688286220456977e-07 2.119526188386156461e-07 2.206118600982013062e-07 2.226414317655414857e-07 2.238293583203112136e-07 2.242658797510863381e-07 2.226379852861207515e-07 2.205343715785340947e-07 2.171956356828139127e-07 2.112684595116918163e-07
5.677591022361250534e-08 2.255259268150450394e-07 2.687105663868531460e-07 2.770149129061865463e-07 2.790077395524950926e-07 2.802797237756686944e-07 2.807554545959274964e-07 2.787046019343471566e-07 2.760321232664305500e-07 2.718235860272890653e-07 2.645824332413414337e-07
8.310436907791893410e-08 2.957566050688560122e-07 3.396686104672963348e-07 3.475942396607282381e-07 3.496223785333531685e-07 3.510488213975263478e-07 3.515906089637359513e-07 3.490099101078633634e-07 3.456115702353698758e-07 3.403165717818972467e-07 3.314942262393847354e-07
1.203550706357866994e-07 3.848263671434188135e-07 4.283960667058740807e-07 4.359812186997965864e-07 4.381419230936064766e-07 4.398099425649912188e-07 4.404456219532987895e-07 4.371947946293553651e-07 4.328700263494134514e-07 4.262220035391915025e-07 4.155031117804046911e-07
1.725337787617897389e-07 4.972765243734032057e-07 5.393950932734414658e-07 5.467479120627196581e-07 5.491671924352788678e-07 5.511833560546579647e-07 5.519400063569853440e-07 5.478353528781738900e-07 5.423288981595030662e-07 5.340013059631109376e-07 5.210150372987937167e-07
2.449398629379346676e-07 6.387632958559173420e-07 6.783435652896526435e-07 6.856500656693089967e-07 6.884875604220249902e-07 6.909812044919049980e-07 6.918824287624907925e-07 6.866840108469819596e-07 6.796722885195717954e-07 6.692668406306603748e-07 6.535786314222209007e-07
3.445368322164318828e-07 8.163638597049574724e-07 8.523999238282374134e-07 8.599334513298314762e-07 8.633888078522408409e-07 8.665158725457072899e-07 8.675777086151788416e-07 8.609730171100692300e-07 8.520475026965067231e-07 8.390805251013669924e-07 8.201828037738761738e-07
4.804177348717823456e-07 1.038964903441123303e-06 1.070586446105020153e-06 1.078720094603938711e-06 1.083041010020715408e-06 1.086988278210919219e-06 1.088213238851594611e-06 1.079796507987062478e-06 1.068443582767224154e-06 1.052330260395491903e-06 1.029632031753835075e-06
6.643861660640289651e-07 1.317752878947798172e-06 1.344271761056174949e-06 1.353495187555368217e-06 1.358987234832880608e-06 1.363976816798672189e-06 1.365345415163945316e-06 1.354591554637122917e-06 1.340168209378570871e-06 1.320204492006873744e-06 1.293019636598408895e-06
9.116769073689482537e-07 1.666830167640733548e-06 1.687778875646626737e-06 1.698720865631038191e-06 1.705759231676415166e-06 1.712053077641021855e-06 1.713512009431809169e-06 1.699743921884889796e-06 1.681448625766232992e-06 1.656790544336869413e-06 1.624324659976915751e-06
1.241844046910200238e-06 2.103988058924227062e-06 2.119151772971965161e-06 2.132609830454542445e-06 2.141653108303263115e-06 2.149557244291198540e-06 2.151003163508574639e-06 2.133350977651949109e-06 2.110188945835828564e-06 2.079829073192379693e-06 2.041164650356031587e-06
1.679849309007251057e-06 2.651676202211134634e-06 2.661122172666859497e-06 2.678100394550627935e-06 2.689706587093873825e-06 2.699574644269920056e-06 2.700832175897968400e-06 2.678182654862184259e-06 2.648924670120872533e-06 2.611665439338543834e-06 2.565745118911859590e-06
2.257390108341703984e-06 3.338219402674233083e-06 3.342328789156107213e-06 3.364085371978243102e-06 3.378930263973828423e-06 3.391165693775991227e-06 3.391957964486801978e-06 3.362892043824886065e-06 3.326025909771978491e-06 3.280449476792353875e-06 3.226057086642037727e-06
3.014516774224574872e-06 4.199346761485914296e-06 4.198854987546910565e-06 4.226960921878203282e-06 4.245858944598699422e-06 4.260915066083406020e-06 4.260824591954044427e-06 4.223540661842120469e-06 4.177214288722109727e-06 4.121648591414334037e-06 4.057387596343035432e-06
4.001603086743894314e-06 5.280115818219212185e-06 5.276167872740017017e-06 5.312578703625800755e-06 5.336506337264005002e-06 5.354883030838647987e-06 5.353300266673777405e-06 5.305520439292851042e-06 5.247475488621693562e-06 5.179956108706303486e-06 5.104225035561546053e-06
5.281755652635990922e-06 6.637336351904556020e-06 6.631563492806267243e-06 6.678706449215718219e-06 6.708828066131860154e-06 6.731063487130006031e-06 6.727119701769308075e-06 6.665975900142738215e-06 6.593470841862521004e-06 6.511698215885992902e-06 6.422662530801755396e-06
6.933777795479421101e-06 8.342625938094373270e-06 8.337250166853815624e-06 8.398129470661368061e-06 8.435825298768042735e-06 8.462480408202849094e-06 8.454960790096446356e-06 8.376857063126543331e-06 8.286578427498530753e-06 8.187869874331306537e-06 8.083429691149623923e-06
9.055844549874574544e-06 1.048626369962916380e-05 1.048423643460277337e-05 1.056256017315985687e-05 1.060945572860513997e-05 1.064108869430641113e-05 1.062832069789081223e-05 1.052876771423867385e-05 1.041672824833745763e-05 1.029796417921354388e-05 1.017571706578046993e-05
1.177009877119850647e-05 1.318205181529850350e-05 1.318723362360522899e-05 1.328756619634885077e-05 1.334556206517937415e-05 1.338268863530414853e-05 1.336239953892710803e-05 1.323581674794416672e-05 1.309723910956456613e-05 1.295480265794365721e-05 1.281200067872131931e-05
1.522844565455785884e-05 1.657344865522681298e-05 1.659083786977922254e-05 1.671878268847902573e-05 1.679008288405980110e-05 1.683311763052111037e-05 1.680225408124817369e-05 1.664173456248416156e-05 1.647091909674489512e-05 1.630062824455939222e-05 1.613412823207385974e-05
1.961990513395248247e-05 2.084130587719808445e-05 2.087732552128855420e-05 2.103974334504169215e-05 2.112687957393170874e-05 2.117605139209196265e-05 2.113055235654290591e-05 2.092758492204390374e-05 2.071775995983686961e-05 2.051479103925808742e-05 2.032099692115236182e-05
2.517997973924516753e-05 2.621362810955645348e-05 2.627648281519510888e-05 2.648175181940389507e-05 2.658759977923155798e-05 2.664283315155621581e-05 2.657734617630570971e-05 2.632148885458603405e-05 2.606464183658922746e-05 2.582344304769195470e-05 2.559823886793436844e-05
3.220261111299151081e-05 3.297788238783512152e-05 3.307799993597578556e-05 3.333632432228395465e-05 3.346410653849312577e-05 3.352485775694094805e-05 3.343238677723670428e-05 3.311088540733680334e-05 3.279757295932538843e-05 3.251176625961290441e-05 3.225043831856065776e-05
4.105543433810028851e-05 4.149652048283063974e-05 4.164709622289967331e-05 4.197087082945564433e-05 4.212413840060224971e-05 4.218917312489777822e-05 4.206064426877510987e-05 4.165798957964741728e-05 4.127712442883194814e-05 4.093939381672676969e-05 4.063654011165328007e-05
5.219920000055589747e-05 5.222654636728780888e-05 5.244421311862186580e-05 5.284845201641665994e-05 5.303103484545645019e-05 5.309812998287175489e-05 5.292185993765202864e-05 5.241927619403061894e-05 5.195788850547023829e-05 5.155985233389023305e-05 5.120927720555017805e-05
6.621242550778355814e-05 6.574416883989703242e-05 6.604981999275944763e-05 6.655265734828349480e-05 6.676856883549163089e-05 6.683411770342330611e-05 6.659516730402020152e-05 6.597002537726351650e-05 6.541299568844920101e-05 6.494506020600344064e-05 6.453965178494432164e-05
8.382256554704965972e-05 8.277582939638122481e-05 8.319562888082549955e-05 8.381890027454436912e-05 8.407217786873638599e-05 8.413067291148229588e-05 8.381006676853204054e-05 8.303521435701920249e-05 8.236497478740315307e-05 8.181616561765570213e-05 8.134775331622183991e-05
1.059452587584532523e-04 1.042371860757649969e-04 1.048038056906530483e-04 1.055737173877655932e-04 1.058681746727416402e-04 1.059115366697411950e-04 1.054853280241596441e-04 1.045283297358229417e-04 1.037245295501000846e-04 1.030822972971165311e-04 1.025414862161738152e-04
1.337335046087462557e-04 1.312819516451212587e-04 1.320360838719414364e-04 1.329839759445867119e-04 1.333228349528247703e-04 1.333395517996583529e-04 1.327777105932490844e-04 1.315999907838240823e-04 1.306391217255005227e-04 1.298891173679058699e-04 1.292650961022386242e-04
1.686389187152238854e-04 1.653627926888155003e-04 1.663549952595447137e-04 1.675182015443655518e-04 1.679035657198900769e-04 1.678775977865023790e-04 1.671426995321187068e-04 1.656985813163022357e-04 1.645535574876822468e-04 1.636793727586227589e-04 1.629596907399346879e-04
2.124874325890038437e-04 2.083067184345510886e-04 2.095996548483812060e-04 2.110224579330746795e-04 2.114545768050449422e-04 2.113639801788247993e-04 2.104096741695400154e-04 2.086453091846401627e-04 2.072849958111806291e-04 2.062678634817120447e-04 2.054381737898355301e-04
2.675718045270855531e-04 2.624073835792659353e-04 2.640785299952168232e-04 2.658132020294846107e-04 2.662894687911946225e-04 2.661046834757849460e-04 2.648739221010304023e-04 2.627261079509607975e-04 2.611147934668569506e-04 2.599332425767321994e-04 2.589770062550948823e-04
3.367628551169342919e-04 3.305362626360300923e-04 3.326811534608223732e-04 3.347890626485569110e-04 3.353026766872909412e-04 3.349844258550318241e-04 3.334074437128811360e-04 3.308023304970917657e-04 3.288991375967643418e-04 3.275285995816040372e-04 3.264267482139760683e-04
4.236400707113338452e-04 4.162733649755714026e-04 4.190094426644662526e-04 4.215621896879824981e-04 4.221004098714869167e-04 4.215971613823892863e-04 4.195892056245223434e-04 4.164409010747896164e-04 4.141991355992440419e-04 4.126114995344793844e-04 4.113420546565142114e-04
5.326396282874178677e-04 5.240555507852969787e-04 5.275266632578338045e-04 5.306071903562181984e-04 5.311491050801103774e-04 5.303940618241665588e-04 5.278528967806768316e-04 5.240619935407468894e-04 5.214284366469350762e-04 5.195915563330277343e-04 5.181292078746277613e-04
6.692133659292095593e-04 6.593359626460514565e-04 6.637175050194149334e-04 6.674210917857831488e-04 6.679348436042854050e-04 6.668424604325496816e-04 6.636457040564970556e-04 6.590977756189843849e-04 6.560119364300785174e-04 6.538890999574669457e-04 6.522047523090825213e-04
8.399851140982734880e-04 8.287409665239630881e-04 8.342455808074462518e-04 8.386806041778728385e-04 8.391200371980603355e-04 8.375821162684068131e-04 8.335845181133478589e-04 8.281486656323268315e-04 8.245420307039940831e-04 8.220914159010458619e-04 8.201517205580904912e-04
1.052880654686780010e-03 1.040200840303279889e-03 1.047084454167097802e-03 1.052372745723203227e-03 1.052673501088158443e-03 1.050555001948592655e-03 1.045585847111083237e-03 1.039113431635085892e-03 1.034908776412212482e-03 1.032082934706215777e-03 1.029849844023948821e-03
1.317194444187660659e-03 1.303017312046475962e-03 1.311585104122873179e-03 1.317861687720370050e-03 1.317936864774168094e-03 1.315071686929182061e-03 1.308932611106665769e-03 1.301256377612703026e-03 1.296367245362105075e-03 1.293112683237488411e-03 1.290543081601962282e-03
1.643541148557474581e-03 1.627815955059684454e-03 1.638427574136919673e-03 1.645839515874790437e-03 1.645575150041897776e-03 1.641762306602002420e-03 1.634225933765124034e-03 1.625159824701046538e-03 1.619490330350669034e-03 1.615747291900335777e-03 1.612792788728236630e-03
