4.180437596191164575e-06 4.207440871147381480e-05 1.801210407801220556e-04 4.090264569230864949e-04 7.338232239414490274e-04 1.288954188876274788e-03 2.516975915679475241e-03 5.780699761886733644e-03 1.198663281118628188e-02 2.376842966470557247e-02 5.074556613208253825e-02
4.604415074312943692e-06 5.308995514008585804e-05 2.272704701301771495e-04 5.160535956949575953e-04 9.256797600296364469e-04 1.625424017427507667e-03 3.170618471822134361e-03 7.256636267948643644e-03 1.494179595755362050e-02 2.926523417829220500e-02 6.110939533304765581e-02
5.476262686717494444e-06 6.698971056631975113e-05 2.867557146115850501e-04 6.510523822515367929e-04 1.167558271606680253e-03 2.049214806982683525e-03 3.991424719886744327e-03 9.093962555638344936e-03 1.856465888989852764e-02 3.584687702695800449e-02 7.305709136500715406e-02
6.744036449743300753e-06 8.452830751080948782e-05 3.617998441380979057e-04 8.213084557915534571e-04 1.472395719202681825e-03 2.582605902502695810e-03 5.020380293234122382e-03 1.137225085734666109e-02 2.297707816051623719e-02 4.365626880584706770e-02 8.667759681208618561e-02
8.427175293548496633e-06 1.066578234875047274e-04 4.564648524948331475e-04 1.035986193739476960e-03 1.856396282895392399e-03 3.253289723563842009e-03 6.307424517674273083e-03 1.418411611615711353e-02 2.831153321384131949e-02 5.283302269930106876e-02 1.020293350737087185e-01
1.059249732206503608e-05 1.345792644537763824e-04 5.758675885219324483e-04 1.306598791871596251e-03 2.339800512409926075e-03 4.095509829452963560e-03 7.912804601862614279e-03 1.763542190750572516e-02 3.470806680258563259e-02 6.350704507908463969e-02 1.191347162309090990e-01
1.334535111872315362e-05 1.698074407911344505e-04 7.264494141348672379e-04 1.647585453119599372e-03 2.947798717045723316e-03 5.151334054388777804e-03 9.908340125371620927e-03 2.184468656692282670e-02 4.231000513979096128e-02 7.579170443520719114e-02 1.379761077758033805e-01
1.682911813537080368e-05 2.142526489255456852e-04 9.163115825312922492e-04 2.077012911163330592e-03 3.711593395164108043e-03 6.472021352447474528e-03 1.237844374619531153e-02 2.694148128327751579e-02 5.125856539892548192e-02 8.977703507696550844e-02 1.584935548923368798e-01
2.122988944958040727e-05 2.703234118959804786e-04 1.155630042121455351e-03 2.617416636912279441e-03 4.669601780755532928e-03 8.119406940341184278e-03 1.542070437474920598e-02 3.306366917059722771e-02 6.168659749143353549e-02 1.055234439965008209e-01 1.805844024226776201e-01
2.678499933512113758e-05 3.410555446054057416e-04 1.457164666477648836e-03 3.296791760504133931e-03 5.868768399324742445e-03 1.016718861493556836e-02 1.914581256767822204e-02 4.035343100131400657e-02 7.371182568354305020e-02 1.230563486439082421e-01 2.041048448074918864e-01
3.379509054543535049e-05 4.302740089279056906e-04 1.836878263764528136e-03 4.149733371271763401e-03 7.365927939235515295e-03 1.270195178353331240e-02 2.367660594851586295e-02 4.895215000010568612e-02 8.743003106362468024e-02 1.423620954732985333e-01 2.288733190996730393e-01
4.263996367695315344e-05 5.427954074658225807e-04 2.314679359394134286e-03 5.218708701885438513e-03 9.229121226332768352e-03 1.582372926333348861e-02 2.914604519188940604e-02 5.899436599135195192e-02 1.029086362564371332e-01 1.633854141034015994e-01 2.546755601613006070e-01
5.379885380354347270e-05 6.846804968941989748e-04 2.915298631242354156e-03 6.555418324641330667e-03 1.153872441485422062e-02 1.964586502176772151e-02 3.569400368451489114e-02 7.060113383119676067e-02 1.201811213597249739e-01 1.860285669345586312e-01 2.812710534637705151e-01
6.787609936073423856e-05 8.635476910656467555e-04 3.669300734376558168e-03 8.222169418444032554e-03 1.438820950547906909e-02 2.429395114683557955e-02 4.346286314378666055e-02 8.387320919273659470e-02 1.392426293215811850e-01 2.101522678916848130e-01 3.084005476083374608e-01
8.563348372432071543e-05 1.088959991367381870e-03 4.614219725410051605e-03 1.029314279662239644e-02 1.788432199756168767e-02 2.990364534318791512e-02 5.259203998215276205e-02 9.888452149404419744e-02 1.600470300291471915e-01 2.355783661595378109e-01 3.357942276988659103e-01
1.080308742652340813e-04 1.372898820821217419e-03 5.795786250472687549e-03 1.285539090336347383e-02 2.214645013128133111e-02 3.661725725295001538e-02 6.321170152360446048e-02 1.156763769490863625e-01 1.825056229851289846e-01 2.620942148449891262e-01 3.631801081295695233e-01
1.362771774351153166e-04 1.730338372260752707e-03 7.269187667579305075e-03 1.600936395779152185e-02 2.730498086115770370e-02 4.457911130725853571e-02 7.543604270776217702e-02 1.342527747776357527e-01 2.064875779707257830e-01 2.894585633763707699e-01 3.902921875033186772e-01
1.718940826284257668e-04 2.179932627412667703e-03 9.100269244330702612e-03 1.986873651422475101e-02 3.349849772163729367e-02 5.392983574805346181e-02 8.935656218265916606e-02 1.545771344693576688e-01 2.318221409768866925e-01 3.174087236395610190e-01 4.168779266021372387e-01
2.167955841294367831e-04 2.744823268852713063e-03 1.136654839831794522e-02 2.455930900796703120e-02 4.086977474921396625e-02 6.479986715504797157e-02 1.050357917056935347e-01 1.765706397959018736e-01 2.583025614661110247e-01 3.456686682245067588e-01 4.427046658846336968e-01
2.733868395745265743e-04 3.453569236882891857e-03 1.415787991372712516e-02 3.021679868428031948e-02 4.956064816687547059e-02 7.730257011310438797e-02 1.225018977490286293e-01 2.001123179515791051e-01 2.856916180285202222e-01 3.739576365571895544e-01 4.675646892813132283e-01
3.446865181273849900e-04 4.341186611617104535e-03 1.757658568801843263e-02 3.698341603068181632e-02 5.970598370272749145e-02 9.152743156205565833e-02 1.417445032555446072e-01 2.250408927426851002e-01 3.137285285525111544e-01 4.019987667656037544e-01 4.912787574766165899e-01
4.344773604865785296e-04 5.450270019234790958e-03 2.173685655821758211e-02 4.500324116629567106e-02 7.142707726825374415e-02 1.075337910471713815e-01 1.627119894024516844e-01 2.511583746684686869e-01 3.421369319723949198e-01 4.295272526459212870e-01 5.136980633091917658e-01
5.474901309860992233e-04 6.832143724314881233e-03 2.676325408544443299e-02 5.441655337399251696e-02 8.482490752547836022e-02 1.253455189477948872e-01 1.853104481485439992e-01 2.782352708129209873e-01 3.706335334581367102e-01 4.562975553873304113e-01 5.347046894500840919e-01
6.896263627923855839e-04 8.547962977696678052e-03 3.278819144178884287e-02 6.535340161117716984e-02 9.997368737476032552e-02 1.449469734906137230e-01 2.094043745978418636e-01 3.060172091468882360e-01 3.989369307018393873e-01 4.820892796328752894e-01 5.542107602655129694e-01
8.682251077850098968e-04 1.066965663059815488e-02 3.994835355422024503e-02 7.792680822518548156e-02 1.169151379324611800e-01 1.662804757237456021e-01 2.348191132567838402e-01 3.342326771527328599e-01 4.267761030737422523e-01 5.067114446993248311e-01 5.721565653595340750e-01
1.092378088800715448e-03 1.328057487718322521e-02 4.838011918198876354e-02 9.222605269368223946e-02 1.356538459547162456e-01 1.892454559786081181e-01 2.613449976505639594e-01 3.626014831918688008e-01 4.538980602371108786e-01 5.300050286495858742e-01 5.885079862202080569e-01
1.373295977621695908e-03 1.647568713513173147e-02 5.821415716715159366e-02 1.083104806691495003e-01 1.561539832965316843e-01 2.136993515211341454e-01 2.887430414254212319e-01 3.908434757139684357e-01 4.800742159086774929e-01 5.518438158153906592e-01 6.032535792005758735e-01
1.724725771583906879e-03 2.036117099507813583e-02 6.956946804666697126e-02 1.262042343675859601e-01 1.783375829106751131e-01 2.394602686102793310e-01 3.167519483961733218e-01 4.186870163731818417e-01 5.051051692655637027e-01 5.721337180023438052e-01 6.164016614109348868e-01
2.163415285023424263e-03 2.505324941636562219e-02 8.254721423652484902e-02 1.458922223048725597e-01 2.020844903677447291e-01 2.663113528832207755e-01 3.450961137768759901e-01 4.458767107573852195e-01 5.288237256886711979e-01 5.908108506439984087e-01 6.279777170814889731e-01
2.709615648265902184e-03 3.067617274897126503e-02 9.722471659204084959e-02 1.673175606924864056e-01 2.272340431842038155e-01 2.940067306433964411e-01 3.734942009974240862e-01 4.721799595172655462e-01 5.510961495036238444e-01 6.078387185880934629e-01 6.380223970813972967e-01
3.387606704874262728e-03 3.735930334491526644e-02 1.136499903238235853e-01 1.903806405782125510e-01 2.535884649920412404e-01 3.222787876090151271e-01 4.016678141256292967e-01 4.973919985998317972e-01 5.718217928340123546e-01 6.232048999195043404e-01 6.465903284178655674e-01
4.226223892639135657e-03 4.523333737590676251e-02 1.318371553663886808e-01 2.149399084701385798e-01 2.809178881562023333e-01 3.508464476414597244e-01 4.293497605043612442e-01 5.213392368727766124e-01 5.909313688648859531e-01 6.369176141719673501e-01 6.537498851054781568e-01
5.259359392968769413e-03 5.442578097629398315e-02 1.517629970937384165e-01 2.408143879289478539e-01 3.089668309330712015e-01 3.794240168692549209e-01 4.562914220598205950e-01 5.438808538886749089e-01 6.083842234387178971e-01 6.490025313314492506e-01 6.595839934118227221e-01
6.526405887794070777e-03 6.505587415118709027e-02 1.733648852988727840e-01 2.677879043224408728e-01 3.374618555430428102e-01 4.077300876602823476e-01 4.822688286349233744e-01 5.649087696211398946e-01 6.241650022166828071e-01 6.595001294670985725e-01 6.641919444043612453e-01
8.072608741713395777e-03 7.722921516454933633e-02 1.965401916410945971e-01 2.956148948012011224e-01 3.661200321630363463e-01 4.354959699310171906e-01 5.070871450645634271e-01 5.843462240693001464e-01 6.382801146964898198e-01 6.684638497626992359e-01 6.676920516814255357e-01
9.949291732343506015e-03 9.103237300970710988e-02 2.211472814676153642e-01 3.240275877760652179e-01 3.946577477007369716e-01 4.624731455068433750e-01 5.305834301608985948e-01 6.021452956760913189e-01 6.507543690393104985e-01 6.759592328912725767e-01 6.702248077850031516e-01
1.221392154953960738e-02 1.065277837607636613e-01 2.470080926440569868e-01 3.527442276522513853e-01 4.227993458136912741e-01 4.884393257502623320e-01 5.526276806122568663e-01 6.182837385502710781e-01 6.616281028980738332e-01 6.820641496739459075e-01 6.719559510898625021e-01
1.492997528579779846e-02 1.237492108632820137e-01 2.739122465574554410e-01 3.814779169028907901e-01 4.502850808050734011e-01 5.132028238221085781e-01 5.731223162207649269e-01 6.327615311902610173e-01 6.709550746191854653e-01 6.868701551579259323e-01 6.730785673449769524e-01
1.816657094530175348e-02 1.426980161491818999e-01 3.016225605249648889e-01 4.099455689629508126e-01 4.768779195066581433e-01 5.366051125986300852e-01 5.920003788446236426e-01 6.455975104198777847e-01 6.788013126545259235e-01 6.904848856750721575e-01 6.738130648880074069e-01
2.199781252613868324e-02 1.633404452617703562e-01 3.298817464695948942e-01 4.378764309954548684e-01 5.023688285689232869e-01 5.585216050210453087e-01 6.092227960470893988e-01 6.568264227282833989e-01 6.852450502123486054e-01 6.930352655444378396e-01 6.744036813288102339e-01
2.650178993928794385e-02 1.856060847709203598e-01 3.584199937932523450e-01 4.650196577713632817e-01 5.265803266237975011e-01 5.788608437159351583e-01 6.247750989942320032e-01 6.664966702158997558e-01 6.903777923537999239e-01 6.946710768001352898e-01 6.751102570621134724e-01
3.175916505297828041e-02 2.093876020472595911e-01 3.869630559844651208e-01 4.911504988008687511e-01 5.493682418814748170e-01 5.975624041454373758e-01 6.386639859994328594e-01 6.746689664117396790e-01 6.943064625167804094e-01 6.955681655978687150e-01 6.761945194764057421e-01
3.785127709350508129e-02 2.345418328656605211e-01 4.152404043691111379e-01 5.160747913400661746e-01 5.706217740201898758e-01 6.145938907665815520e-01 6.509140959095220946e-01 6.814160503612258779e-01 6.971564377355764508e-01 6.959302350357047251e-01 6.779011643319131641e-01
4.485772320586988576e-02 2.608922329132222218e-01 4.429929912731128128e-01 5.396316137578117678e-01 5.902620952412223065e-01 6.299474370647716315e-01 6.615653085433099712e-01 6.868235316719476513e-01 6.990750875014550836e-01 6.959878787121268617e-01 6.804355125665382253e-01
5.285341950323031029e-02 2.882326542811973757e-01 4.699801869138019450e-01 5.616941239484883885e-01 6.082398254220420242e-01 6.436361129206344955e-01 6.706708309502124044e-01 6.909918441673696954e-01 7.002351675148150711e-01 6.959933825991988510e-01 6.839411035459971311e-01
6.190522223964586845e-02 3.163323444996125056e-01 4.959855208349722711e-01 5.821687632604689577e-01 6.245317742398391880e-01 6.556906058760046951e-01 6.782962634128050228e-01 6.940391551255036262e-01 7.008370953881538634e-01 6.962100632331249539e-01 6.884816706353923399e-01
7.206827450968578130e-02 3.449419948706476391e-01 5.208209633236114966e-01 6.009931297791905047e-01 6.391373600854267645e-01 6.661564871663654408e-01 6.845197678459933321e-01 6.961048919595188567e-01 7.011088034643392364e-01 6.968957120412201389e-01 6.940319295766558261e-01
8.338231959124793591e-02 3.738005918701767794e-01 5.443296122689331717e-01 6.181329053244292160e-01 6.520750982574953225e-01 6.750923081746579291e-01 6.894333772543185246e-01 6.973532951458584206e-01 7.013016442323779520e-01 6.982811406374397345e-01 7.004801953379838908e-01
9.586826686412050491e-02 4.026427586596880714e-01 5.663867898460588357e-01 6.335782560313979461e-01 6.633795090180387710e-01 6.825687038138260609e-01 6.931453754339262918e-01 6.979760913835953984e-01 7.016809100905797569e-01 7.005466447202387537e-01 7.076432684026009445e-01
1.095253004199860380e-01 4.312062233955983870e-01 5.868996842511252643e-01 6.473401218048978611e-01 6.730987394335447016e-01 6.886686063906836130e-01 6.957835234802334234e-01 6.981930510569208659e-01 7.025101497640254822e-01 7.038008396268353728e-01 7.152910642890871751e-01
1.243287900071551322e-01 4.592390265933427584e-01 6.058057801461854686e-01 6.594467748033602250e-01 6.812931288540318153e-01 6.934885903320583411e-01 6.974986961278563102e-01 6.982489579933400803e-01 7.040297690336128067e-01 7.080669651844605506e-01 7.231761091051763790e-01
1.402292148173048814e-01 4.865060881151128114e-01 6.230703980141668596e-01 6.699409725816485306e-01 6.880348790642256684e-01 6.971412616283138020e-01 6.984682087258744509e-01 6.984055550438279525e-01 7.064322913365281842e-01 7.132807757870219811e-01 7.310621038891090828e-01
1.571522561964366627e-01 5.127947978613822677e-01 6.386837035723478273e-01 6.788779674510835305e-01 6.934089130383879196e-01 6.997584575255361150e-01 6.988977838089321937e-01 6.989275480521975892e-01 7.098386220256576173e-01 7.193015096949759712e-01 7.387465254065909148e-01
1.750001564934585696e-01 5.379193703272322491e-01 6.526575553873159574e-01 6.863245660749123234e-01 6.975149103486502078e-01 7.014948126132019013e-01 6.990207928336086285e-01 7.000628999080578119e-01 7.142808485390453876e-01 7.259339707478379422e-01 7.460742757276291881e-01
1.936543671658205457e-01 5.617238043831024319e-01 6.650225373474194512e-01 6.923593627040095511e-01 7.004703757733334868e-01 7.025309666709592671e-01 6.990932493916873769e-01 7.020193535798281426e-01 7.196966505903321654e-01 7.329567794143194703e-01 7.529418829738415697e-01
2.129794089357610887e-01 5.840834048634546694e-01 6.758254798184091250e-01 6.970741892343585988e-01 7.024144104614081785e-01 7.030753531345715901e-01 6.993832237343180491e-01 7.049409684811993593e-01 7.259379761916588958e-01 7.401505358452047378e-01 7.592938437242504612e-01
2.328277425242611387e-01 6.049049389013336775e-01 6.851277155691315457e-01 7.005767215679093995e-01 7.035115964044380554e-01 7.033631804435572787e-01 7.001541011916273538e-01 7.088896993094916388e-01 7.327928988946437183e-01 7.473203955470956172e-01 7.651138718169104846e-01
2.530453216108234371e-01 6.241256048525433142e-01 6.930042474580677681e-01 7.029940345531370260e-01 7.039550777064521592e-01 7.036510403748493792e-01 7.016425115758505582e-01 7.138369145634558821e-01 7.400159401523215275e-01 7.543098691676488610e-01 7.704140107203624188e-01
2.734774039693247949e-01 6.417110747994421160e-01 6.995439234255983463e-01 7.044766851106986083e-01 7.039675687835831308e-01 7.042057607396671193e-01 7.040336324770546383e-01 7.196678874703571482e-01 7.473601075665792237e-01 7.610054427741428373e-01 7.752240353972408293e-01
2.939741631220514906e-01 6.576529263446609930e-01 7.048506142482879877e-01 7.052026107501979668e-01 7.037987462738041211e-01 7.052868996225279963e-01 7.074383658495934091e-01 7.261991098440906400e-01 7.546041803962352246e-01 7.673338375345986062e-01 7.795826920494465240e-01
3.143956842424537323e-01 6.719658031806198251e-01 7.090452599481138485e-01 7.053797694338834745e-01 7.037174690188533477e-01 7.071237790368091192e-01 7.118777842713384096e-01 7.332049021701499969e-01 7.615709771412254581e-01 7.732548318312268965e-01 7.835314304709686262e-01
3.346160330904922597e-01 6.846846379146090955e-01 7.122684796262004348e-01 7.052460779415280490e-01 7.039977468689617712e-01 7.098899990896216927e-01 7.172795101340314616e-01 7.404475261272537301e-01 7.681353260109742287e-01 7.787525609353503908e-01 7.871105805841317471e-01
3.545262254773791089e-01 6.958622383700622249e-01 7.146832205915856218e-01 7.050649671797138973e-01 7.048985240754288562e-01 7.136803400578549672e-01 7.234881668044100822e-01 7.477046578430683876e-01 7.742230415394902865e-01 7.838274644143627956e-01 7.903574930479342342e-01
3.740360617319729020e-01 7.055674841112341555e-01 7.164766674878568775e-01 7.051149845742005207e-01 7.066391270641899647e-01 7.184958876165752351e-01 7.302884149566906125e-01 7.547895806908904159e-01 7.798036982651125326e-01 7.884900426421410646e-01 7.933059928705050723e-01
3.930748984231767773e-01 7.138843058548021148e-01 7.178603851770719579e-01 7.056725917518319457e-01 7.093742514550157585e-01 7.242422470290609260e-01 7.374356991838468822e-01 7.615619937830522268e-01 7.848803112798725667e-01 7.927566857025729607e-01 7.959865230653502266e-01
4.115914959496082548e-01 7.209115264338664675e-01 7.190675202915672859e-01 7.069887907539360583e-01 7.131738490928994922e-01 7.307427123464472762e-01 7.446880168813944101e-01 7.679298611979905598e-01 7.894785221500437711e-01 7.966472472024487272e-01 7.984265033024882108e-01
4.295531082248279509e-01 7.267635245417835010e-01 7.203459672520586832e-01 7.092623286827742790e-01 7.180133253422433803e-01 7.377641610227373414e-01 7.518324088781042080e-01 7.738444749396333755e-01 7.936370057341470829e-01 8.001837830503040205e-01 8.006506216699601497e-01
4.469439817096395040e-01 7.315715365485929711e-01 7.219468523604654075e-01 7.126143849635857563e-01 7.237775673249964292e-01 7.450499117902662505e-01 7.587020838849434234e-01 7.792916017534582407e-01 7.973999309264738766e-01 8.033898851035837785e-01 8.026809585526276658e-01
4.637634202635660952e-01 7.354852352577680996e-01 7.241085712446088118e-01 7.170708491693660314e-01 7.302788535192235031e-01 7.523522820423123036e-01 7.651830524351389551e-01 7.842813907765481263e-01 8.008116353485926764e-01 8.062901952618100054e-01 8.045369744549485391e-01
4.800235617869390570e-01 7.386740265787636872e-01 7.270378345613532911e-01 7.225575940700039723e-01 7.372848840690100491e-01 7.594585485033594763e-01 7.712117199390843281e-01 7.888390055017713287e-01 8.039132708921227222e-01 8.089098809247049493e-01 8.062354637617769049e-01
4.957470089162548388e-01 7.413273159441330362e-01 7.308904267595690563e-01 7.289112662746292104e-01 7.445505642288723358e-01 7.662067196298539828e-01 7.767663834681635127e-01 7.929970824258112394e-01 8.067410079533317013e-01 8.112740176939441383e-01 8.077905868877284234e-01
5.109644593849292926e-01 7.436528752672877385e-01 7.357552059843240899e-01 7.359038940954535368e-01 7.518467743313643759e-01 7.724906485612619278e-01 7.818558977134295596e-01 7.967903709693370251e-01 8.093253734359977525e-01 8.134069292464740641e-01 8.092140591298636609e-01
5.257124867746579833e-01 7.458724739295520267e-01 7.416448486106405058e-01 7.432757392165133536e-01 7.589811078399598676e-01 7.782564175089422553e-01 7.865082420592898194e-01 8.002523979784954555e-01 8.116913616132266363e-01 8.153315765107673752e-01 8.105155171825936256e-01
5.400316198178887195e-01 7.482142113916659953e-01 7.484958032582829102e-01 7.507689242166221133e-01 7.658084782396744616e-01 7.834931034813967798e-01 7.907607859706853315e-01 8.034137374484946470e-01 8.138590388277425758e-01 8.170690836249919764e-01 8.117030255919862602e-01
5.539648465785086406e-01 7.509015455561421915e-01 7.561780723589464070e-01 7.581550807737950093e-01 7.722323333533220868e-01 7.882210891884394721e-01 7.946530932215994936e-01 8.063013986745283246e-01 8.158444313581524332e-01 8.186384563418348526e-01 8.127836429804152774e-01
5.675566178890609770e-01 7.541397871842977496e-01 7.645133014624087009e-01 7.652529468513232791e-01 7.781990780332087576e-01 7.924804263006633986e-01 7.982223514761958016e-01 8.089388980461799106e-01 8.176605327521385691e-01 8.200565072671401889e-01 8.137639516182214594e-01
5.808523364609573525e-01 7.581016341555045779e-01 7.732978600427077298e-01 7.719351274344474767e-01 7.836889236873190168e-01 7.963208376787939136e-01 8.015010420015857839e-01 8.113466829738936736e-01 8.193182989216517553e-01 8.213379644750972153e-01 8.146504650834739403e-01
5.938981985213229731e-01 7.629138758344136129e-01 7.823266656305376543e-01 7.781258567023945361e-01 7.887059964984108884e-01 7.997940839916943823e-01 8.045162561612766439e-01 8.135426845919974115e-01 8.208275269044714717e-01 8.224957132969470397e-01 8.154498609738167758e-01
6.067411233750573674e-01 7.686474728623262642e-01 7.914136764702118798e-01 7.837929343725390519e-01 7.932696127807867814e-01 8.029487834111908029e-01 8.072900522687170843e-01 8.155428655563471407e-01 8.221975439159447951e-01 8.235411085368594675e-01 8.161690278749861305e-01
6.194283992749785028e-01 7.753127464469810048e-01 8.004061383043366007e-01 7.889371038988012286e-01 7.974076158446815610e-01 8.058273973027393344e-01 8.098403469111890018e-01 8.173616939740813159e-01 8.234376685224392700e-01 8.244842956039573068e-01 8.168149559980796282e-01
6.320066379398953105e-01 7.828605394119158012e-01 8.091913897288783852e-01 7.935814317162327436e-01 8.011518603366097890e-01 8.084649366196373643e-01 8.121819781905706970e-01 8.190125168349829954e-01 8.245574416406860063e-01 8.253344911904265668e-01 8.173945293349408336e-01
6.445197055622492455e-01 7.911892082440178386e-01 8.176967421919599799e-01 7.977622383429583408e-01 8.045354500865992131e-01 8.108889263147553983e-01 8.143277160014332772e-01 8.205078317674423527e-01 8.255666557063752187e-01 8.261001928731186439e-01 8.179142885654858697e-01
6.570054978619614960e-01 8.001564161896914662e-01 8.258841791437602220e-01 8.015222001913290262e-01 8.075911694144985997e-01 8.131202144539163568e-01 8.162891021918080581e-01 8.218594696728239724e-01 8.264752310185857764e-01 8.267893076042478473e-01 8.183802280626618630e-01
6.694917189758338161e-01 8.095940513835966357e-01 8.337421411961292161e-01 8.049055793128068181e-01 8.103506020805080201e-01 8.151742784995957836e-01 8.180770761169054994e-01 8.230787065673564884e-01 8.272929972013076672e-01 8.274092071450978025e-01 8.187976712275636393e-01
6.819911350506899783e-01 8.193242255337938040e-01 8.412765345520206717e-01 8.079551871887656889e-01 8.128435911626444854e-01 8.170627415449249753e-01 8.197023846629253319e-01 8.241763233570345015e-01 8.280294362156572774e-01 8.279667309297451538e-01 8.191712426272164116e-01
6.944970135279504575e-01 8.291742355878114479e-01 8.485025520099743757e-01 8.107105926871982504e-01 8.150978614197605943e-01 8.187948649557500458e-01 8.211757997018601651e-01 8.251626292632486814e-01 8.286934345593679474e-01 8.284681621533666052e-01 8.195049300471087816e-01
7.069795600031562044e-01 8.389886283988802207e-01 8.554382050646104352e-01 8.132071486138819916e-01 8.171387474183394728e-01 8.203788378967424855e-01 8.225081781151701854e-01 8.260474600460284700e-01 8.292930797588822234e-01 8.289192013845324558e-01 8.198022103227232682e-01
7.193841068002052586e-01 8.486371013953344367e-01 8.620998468196278131e-01 8.154755425892049603e-01 8.189890303552211925e-01 8.218227436006980691e-01 8.237104048163690351e-01 8.268401578477221348e-01 8.298355229054529270e-01 8.293249554970761883e-01 8.200662029318493973e-01
7.316316207650772618e-01 8.580178032754286477e-01 8.684995325884373729e-01 8.175417071309869499e-01 8.206688963508459445e-01 8.231351459741635956e-01 8.247932598148608463e-01 8.275495368992182854e-01 8.303269166843982863e-01 8.296899508164216064e-01 8.202998153082611266e-01
7.436218353680503768e-01 8.670564623741630061e-01 8.746438408194191494e-01 8.194270127573745066e-01 8.221960127204824831e-01 8.243253022081367121e-01 8.257672472653999618e-01 8.281838392116455116e-01 8.307724280363748548e-01 8.300181707310354540e-01 8.205058518480911056e-01
7.552390153927428518e-01 8.757024354341591543e-01 8.805337248786053728e-01 8.211487062647377932e-01 8.235856982581939434e-01 8.254030596908455975e-01 8.266424185024863203e-01 8.287506863451575834e-01 8.311763165863074176e-01 8.303131116591835337e-01 8.206870713559536457e-01
7.663600398861017959e-01 8.839230878157781079e-01 8.861650244617198524e-01 8.227205531699031127e-01 8.248511520310012335e-01 8.263785320503803655e-01 8.274282134570555280e-01 8.292570360484649017e-01 8.315420642641934146e-01 8.305778481953701720e-01 8.208461915354857696e-01
7.768641283827135702e-01 8.916978768656665943e-01 8.915293719252793680e-01 8.241536179431330211e-01 8.260037060427048994e-01 8.272616657845713872e-01 8.281333369557185575e-01 8.297091542276447962e-01 8.318725379778970641e-01 8.308150984312245857e-01 8.209858508572133173e-01
7.866431490973184726e-01 8.990132138323546629e-01 8.966153353579091601e-01 8.254570892791851522e-01 8.270530770708847124e-01 8.280618053592997407e-01 8.287656793407601752e-01 8.301126119177112406e-01 8.321701656253508439e-01 8.310272829582251441e-01 8.211085455882640716e-01
7.956111220155144270e-01 9.058587673505726912e-01 9.014097171952208942e-01 8.266390467660773567e-01 8.280076059761307672e-01 8.287873439862990521e-01 8.293322851829512121e-01 8.304723132573381683e-01 8.324371060474111683e-01 8.312165745899917635e-01 8.212165621022248230e-01
8.037114257231456893e-01 9.122254608702795586e-01 9.058989627666780287e-01 8.277070777046359185e-01 8.288744834011044782e-01 8.294455153396147473e-01 8.298393694897054917e-01 8.307925546299069763e-01 8.326753956763707221e-01 8.313849390738147216e-01 8.213119221926086233e-01
8.109204904382057988e-01 9.181050747894594632e-01 9.100706296561607012e-01 8.286686865686804238e-01 8.296599659472733146e-01 8.300423454594066941e-01 8.302923771818384591e-01 8.310771087275502511e-01 8.328870585751547706e-01 8.315341690476515391e-01 8.213963533046761967e-01
8.172474342268667424e-01 9.234911150881934816e-01 9.139148387232387538e-01 8.295314850092160297e-01 8.303695862365585434e-01 8.305827510778005518e-01 8.306960781331259591e-01 8.313293221788868870e-01 8.330741720857351984e-01 8.316659138728506040e-01 8.214712881942710654e-01
8.227299899642894765e-01 9.283804559773662923e-01 9.174255901455921069e-01 8.303031941713935327e-01 8.310083554206764145e-01 8.310707460683870451e-01 8.310546865746925027e-01 8.315522130180718063e-01 8.332388868905700186e-01 8.317817069755986115e-01 8.215378913946943529e-01
8.274278502524337053e-01 9.327752035139306175e-01 9.206018039787576823e-01 8.309915214981661302e-01 8.315809505273248359e-01 8.315097047346938774e-01 8.313719906739283072e-01 8.317485552459846776e-01 8.333834070037323682e-01 8.318829906595099910e-01 8.215971045671013329e-01
