2.506351054892613820e-08 1.682569239159889860e-06 1.176810875215039687e-01 9.999999999997148947e-01 9.999999999998843148e-01 1.000000000000101918e+00 1.000000000000009104e+00 1.000000000000003997e+00 1.000000000000000888e+00 1.000000000000003109e+00 1.000000000000001332e+00
3.552683963795195268e-08 2.384996552611346263e-06 1.176952920526169316e-01 9.999999999997736255e-01 9.999999999999062972e-01 1.000000000000077938e+00 1.000000000000007105e+00 1.000000000000001998e+00 1.000000000000000888e+00 1.000000000000002665e+00 1.000000000000000888e+00
5.035830725386885891e-08 3.380666957577885240e-06 1.177154249611624542e-01 9.999999999998250289e-01 9.999999999999240607e-01 1.000000000000059064e+00 1.000000000000005551e+00 1.000000000000000222e+00 1.000000000000000888e+00 1.000000000000002220e+00 1.000000000000000666e+00
7.138147303747945194e-08 4.791999455354086305e-06 1.177439594772341225e-01 9.999999999998677724e-01 9.999999999999383826e-01 1.000000000000043743e+00 1.000000000000004219e+00 1.000000000000000000e+00 1.000000000000000888e+00 1.000000000000001776e+00 1.000000000000000222e+00
1.011811649748462590e-07 6.792517185420998831e-06 1.177843995658788140e-01 9.999999999999024114e-01 9.999999999999502620e-01 1.000000000000031530e+00 1.000000000000003331e+00 9.999999999999993339e-01 1.000000000000000444e+00 1.000000000000001332e+00 1.000000000000000222e+00
1.434212721684825873e-07 9.628179250974399915e-06 1.178417084019799943e-01 9.999999999999292788e-01 9.999999999999599209e-01 1.000000000000021538e+00 1.000000000000002665e+00 9.999999999999993339e-01 1.000000000000000222e+00 1.000000000000001110e+00 1.000000000000000222e+00
2.032951936155800101e-07 1.364761500803671868e-05 1.179229138403983940e-01 9.999999999999497069e-01 9.999999999999675815e-01 1.000000000000014433e+00 1.000000000000001998e+00 9.999999999999990008e-01 1.000000000000000222e+00 1.000000000000000888e+00 1.000000000000000000e+00
2.881643113879175072e-07 1.934497415367133377e-05 1.180379628437142059e-01 9.999999999999640288e-01 9.999999999999737987e-01 1.000000000000008660e+00 1.000000000000001554e+00 9.999999999999992228e-01 1.000000000000000000e+00 1.000000000000000666e+00 1.000000000000000000e+00
4.084629611314326601e-07 2.742065275883619584e-05 1.182009249058541961e-01 9.999999999999741318e-01 9.999999999999791278e-01 1.000000000000004441e+00 1.000000000000001554e+00 9.999999999999992228e-01 1.000000000000000000e+00 1.000000000000000666e+00 1.000000000000000000e+00
5.789811138306444226e-07 3.886734433046098010e-05 1.184316823199368512e-01 9.999999999999810152e-01 9.999999999999832356e-01 1.000000000000001554e+00 1.000000000000001110e+00 9.999999999999993339e-01 1.000000000000000000e+00 1.000000000000000666e+00 9.999999999999998890e-01
8.206823752616427071e-07 5.509196027544789533e-05 1.187582947734206612e-01 9.999999999999857891e-01 9.999999999999865663e-01 9.999999999999994449e-01 1.000000000000001110e+00 9.999999999999993339e-01 1.000000000000000000e+00 1.000000000000000444e+00 9.999999999999998890e-01
1.163280637259878079e-06 7.808833621238025807e-05 1.192202882798260588e-01 9.999999999999885647e-01 9.999999999999893419e-01 9.999999999999982236e-01 1.000000000000000888e+00 9.999999999999992228e-01 1.000000000000000000e+00 1.000000000000000444e+00 9.999999999999998890e-01
1.648891820352055243e-06 1.106818061138321998e-04 1.198731917785912232e-01 9.999999999999905631e-01 9.999999999999916733e-01 9.999999999999976685e-01 1.000000000000000888e+00 9.999999999999993339e-01 1.000000000000000000e+00 1.000000000000000444e+00 9.999999999999998890e-01
2.337209003125470129e-06 1.568754004307550468e-04 1.207947192190792357e-01 9.999999999999918954e-01 9.999999999999934497e-01 9.999999999999974465e-01 1.000000000000000888e+00 9.999999999999995559e-01 1.000000000000000222e+00 1.000000000000000222e+00 1.000000000000000000e+00
3.312835907113605104e-06 2.223395858071584787e-04 1.220930451606840605e-01 9.999999999999930056e-01 9.999999999999951150e-01 9.999999999999976685e-01 1.000000000000000888e+00 9.999999999999995559e-01 1.000000000000000222e+00 1.000000000000000222e+00 1.000000000000000000e+00
4.695677867413187822e-06 3.151044289473583972e-04 1.239175924594083378e-01 9.999999999999938938e-01 9.999999999999962252e-01 9.999999999999976685e-01 1.000000000000000888e+00 9.999999999999995559e-01 1.000000000000000000e+00 1.000000000000000222e+00 1.000000000000000000e+00
6.655662998293744566e-06 4.465365587564950473e-04 1.264725349794023346e-01 9.999999999999946709e-01 9.999999999999970024e-01 9.999999999999982236e-01 1.000000000000000888e+00 9.999999999999996669e-01 1.000000000000000000e+00 1.000000000000000222e+00 1.000000000000000000e+00
9.433594114217696167e-06 6.327154780909295326e-04 1.300326357099371721e-01 9.999999999999955591e-01 9.999999999999977796e-01 9.999999999999985567e-01 1.000000000000000666e+00 9.999999999999996669e-01 1.000000000000000000e+00 1.000000000000000000e+00 1.000000000000000000e+00
1.337067686936632100e-05 8.963671433339522564e-04 1.349598334114331388e-01 9.999999999999960032e-01 9.999999999999984457e-01 9.999999999999987788e-01 1.000000000000000444e+00 9.999999999999998890e-01 1.000000000000000000e+00 1.000000000000000000e+00 1.000000000000000000e+00
1.895031893578958234e-05 1.269569759826689537e-03 1.417169028743680559e-01 9.999999999999967804e-01 9.999999999999990008e-01 9.999999999999990008e-01 1.000000000000000666e+00 9.999999999999998890e-01 1.000000000000000000e+00 1.000000000000000000e+00 1.000000000000000000e+00
2.685726960503755499e-05 1.797518896633721382e-03 1.508715660885413257e-01 9.999999999999972244e-01 9.999999999999990008e-01 9.999999999999994449e-01 1.000000000000000666e+00 9.999999999999998890e-01 1.000000000000000000e+00 1.000000000000000000e+00 1.000000000000000000e+00
3.806123393772697163e-05 2.543724589345066917e-03 1.630815063370776863e-01 9.999999999999976685e-01 9.999999999999994449e-01 9.999999999999996669e-01 1.000000000000000444e+00 9.999999999999998890e-01 1.000000000000000000e+00 1.000000000000000000e+00 1.000000000000000000e+00
5.393497214466755688e-05 3.597102830014644714e-03 1.790502974466742503e-01 9.999999999999981126e-01 9.999999999999995559e-01 9.999999999999995559e-01 1.000000000000000222e+00 9.999999999999998890e-01 1.000000000000000000e+00 1.000000000000000000e+00 1.000000000000000000e+00
7.642087359950552373e-05 5.081492911372223302e-03 1.994501855363627896e-01 9.999999999999983347e-01 9.999999999999997780e-01 9.999999999999998890e-01 1.000000000000000222e+00 9.999999999999998890e-01 1.000000000000000000e+00 1.000000000000000000e+00 1.000000000000000000e+00
1.082654410812943402e-04 7.168126428256833133e-03 2.248222652129409638e-01 9.999999999999986677e-01 9.999999999999997780e-01 9.999999999999998890e-01 1.000000000000000222e+00 9.999999999999998890e-01 1.000000000000000000e+00 1.000000000000000000e+00 1.000000000000000000e+00
1.533484637120159525e-04 1.009138956306896741e-02 2.554825611841473609e-01 9.999999999999990008e-01 9.999999999999997780e-01 9.999999999999998890e-01 1.000000000000000222e+00 1.000000000000000000e+00 1.000000000000000000e+00 1.000000000000000000e+00 1.000000000000000000e+00
2.171433372439412601e-04 1.416767982170988836e-02 2.914683903294274514e-01 9.999999999999992228e-01 1.000000000000000000e+00 1.000000000000000000e+00 1.000000000000000000e+00 1.000000000000000000e+00 1.000000000000000000e+00 1.000000000000000000e+00 1.000000000000000000e+00
3.073573207461082943e-04 1.981599744091397039e-02 3.325396222278194647e-01 9.999999999999994449e-01 9.999999999999997780e-01 1.000000000000000000e+00 1.000000000000000000e+00 9.999999999999998890e-01 1.000000000000000000e+00 1.000000000000000000e+00 1.000000000000000000e+00
4.348153763654569919e-04 2.757682289270246834e-02 3.782139329691629470e-01 9.999999999999994449e-01 1.000000000000000000e+00 1.000000000000000222e+00 1.000000000000000222e+00 1.000000000000000000e+00 9.999999999999997780e-01 1.000000000000000000e+00 1.000000000000000000e+00
6.146674508308190218e-04 3.812265214236063710e-02 4.277961020779230683e-01 9.999999999999995559e-01 1.000000000000000222e+00 1.000000000000000222e+00 1.000000000000000222e+00 9.999999999999998890e-01 1.000000000000000000e+00 1.000000000000000000e+00 1.000000000000000000e+00
8.680132750244285225e-04 5.224971839860589884e-02 4.803782547543562487e-01 9.999999999999996669e-01 1.000000000000000000e+00 1.000000000000000222e+00 1.000000000000000222e+00 9.999999999999998890e-01 1.000000000000000000e+00 1.000000000000000000e+00 1.000000000000000000e+00
1.224043567260038167e-03 7.083764858702101819e-02 5.348238588265128435e-01 9.999999999999995559e-01 1.000000000000000000e+00 1.000000000000000000e+00 1.000000000000000000e+00 9.999999999999998890e-01 1.000000000000000000e+00 1.000000000000000000e+00 1.000000000000000000e+00
1.722777641753243417e-03 9.476560270583343770e-02 5.897729700494077631e-01 9.999999999999996669e-01 1.000000000000000000e+00 1.000000000000000222e+00 1.000000000000000000e+00 9.999999999999996669e-01 1.000000000000000000e+00 1.000000000000000000e+00 9.999999999999998890e-01
2.418410361281306698e-03 1.247841060145380016e-01 6.437060955911279025e-01 1.000000000000000000e+00 1.000000000000000000e+00 1.000000000000000222e+00 1.000000000000000000e+00 9.999999999999996669e-01 9.999999999999997780e-01 9.999999999999997780e-01 9.999999999999998890e-01
3.383129578939766697e-03 1.613623057785144033e-01 6.950813825937354196e-01 1.000000000000000000e+00 1.000000000000000222e+00 1.000000000000000222e+00 1.000000000000000000e+00 9.999999999999996669e-01 9.999999999999997780e-01 9.999999999999997780e-01 1.000000000000000000e+00
4.710985053005817616e-03 2.045527019422702653e-01 7.425227993400960180e-01 1.000000000000000000e+00 1.000000000000000000e+00 1.000000000000000222e+00 1.000000000000000000e+00 9.999999999999995559e-01 9.999999999999997780e-01 1.000000000000000000e+00 9.999999999999998890e-01
6.520952957497304532e-03 2.539220195538400282e-01 7.850027565660855355e-01 1.000000000000000000e+00 1.000000000000000000e+00 1.000000000000000000e+00 1.000000000000000000e+00 9.999999999999993339e-01 9.999999999999997780e-01 9.999999999999997780e-01 9.999999999999998890e-01
8.957786470047964661e-03 3.085738397074701544e-01 8.219552410972521539e-01 1.000000000000000000e+00 1.000000000000000000e+00 1.000000000000000000e+00 1.000000000000000000e+00 9.999999999999993339e-01 1.000000000000000000e+00 9.999999999999997780e-01 9.999999999999998890e-01
1.218876380811628572e-02 3.672449144228542850e-01 8.532846962018085790e-01 1.000000000000000000e+00 1.000000000000000000e+00 1.000000000000000222e+00 1.000000000000000000e+00 9.999999999999993339e-01 1.000000000000000000e+00 9.999999999999997780e-01 9.999999999999998890e-01
1.639444553433825127e-02 4.284258929603194099e-01 8.792823582836715168e-01 1.000000000000000000e+00 1.000000000000000000e+00 1.000000000000000000e+00 1.000000000000000000e+00 9.999999999999992228e-01 1.000000000000000000e+00 9.999999999999996669e-01 9.999999999999998890e-01
2.175256208632250776e-02 4.904661496138471022e-01 9.004941105807313662e-01 1.000000000000000000e+00 1.000000000000000000e+00 1.000000000000000222e+00 1.000000000000000000e+00 9.999999999999992228e-01 9.999999999999997780e-01 9.999999999999996669e-01 1.000000000000000000e+00
2.841644927775860419e-02 5.516621730328211681e-01 9.175871773506393270e-01 1.000000000000000000e+00 1.000000000000000222e+00 1.000000000000000000e+00 1.000000000000000000e+00 9.999999999999990008e-01 1.000000000000000000e+00 9.999999999999996669e-01 9.999999999999998890e-01
3.649252801445269229e-02 6.103593156437987499e-01 9.312457117660359884e-01 1.000000000000000000e+00 1.000000000000000000e+00 1.000000000000000000e+00 1.000000000000000000e+00 9.999999999999990008e-01 1.000000000000000000e+00 9.999999999999996669e-01 9.999999999999998890e-01
4.602373552181637795e-02 6.650868176435854595e-01 9.421044587988656183e-01 1.000000000000000000e+00 1.000000000000000000e+00 1.000000000000000000e+00 1.000000000000000000e+00 9.999999999999990008e-01 1.000000000000000000e+00 9.999999999999994449e-01 9.999999999999998890e-01
5.698584084769670738e-02 7.147056960334857711e-01 9.507158015008826402e-01 1.000000000000000000e+00 1.000000000000000000e+00 1.000000000000000000e+00 1.000000000000000000e+00 9.999999999999990008e-01 1.000000000000000000e+00 9.999999999999994449e-01 9.999999999999998890e-01
6.930035411943485935e-02 7.585182031848433093e-01 9.575402037956763923e-01 1.000000000000000000e+00 1.000000000000000000e+00 1.000000000000000000e+00 1.000000000000000000e+00 9.999999999999988898e-01 9.999999999999997780e-01 9.999999999999994449e-01 9.999999999999998890e-01
8.286199816987092903e-02 7.962954098112823287e-01 9.629503428322825354e-01 1.000000000000000000e+00 1.000000000000000000e+00 9.999999999999998890e-01 1.000000000000000000e+00 9.999999999999988898e-01 1.000000000000000000e+00 9.999999999999994449e-01 1.000000000000000000e+00
9.757281077426838145e-02 8.282175822679803678e-01 9.672417336741377936e-01 1.000000000000000222e+00 1.000000000000000000e+00 1.000000000000000000e+00 1.000000000000000000e+00 9.999999999999986677e-01 9.999999999999997780e-01 9.999999999999994449e-01 1.000000000000000000e+00
1.133719649582051042e-01 8.547582474146591114e-01 9.706453442831308731e-01 1.000000000000000000e+00 1.000000000000000000e+00 1.000000000000000000e+00 1.000000000000000000e+00 9.999999999999986677e-01 1.000000000000000000e+00 9.999999999999994449e-01 1.000000000000000222e+00
1.302521187923865176e-01 8.765548738025986664e-01 9.733397720345358106e-01 1.000000000000000000e+00 1.000000000000000000e+00 1.000000000000000000e+00 1.000000000000000000e+00 9.999999999999988898e-01 1.000000000000000000e+00 9.999999999999994449e-01 1.000000000000000222e+00
1.482584125503027539e-01 8.942986928948730707e-01 9.754618942306464424e-01 1.000000000000000000e+00 1.000000000000000000e+00 9.999999999999998890e-01 1.000000000000000000e+00 9.999999999999990008e-01 1.000000000000000222e+00 9.999999999999994449e-01 1.000000000000000444e+00
1.674720108302135135e-01 9.086578249794800000e-01 9.771156693496246826e-01 1.000000000000000000e+00 1.000000000000000000e+00 1.000000000000000000e+00 9.999999999999998890e-01 9.999999999999990008e-01 1.000000000000000222e+00 9.999999999999994449e-01 1.000000000000000444e+00
1.879839237302731447e-01 9.202332830942009378e-01 9.783791497981553231e-01 1.000000000000000000e+00 1.000000000000000000e+00 9.999999999999998890e-01 1.000000000000000000e+00 9.999999999999990008e-01 1.000000000000000222e+00 9.999999999999994449e-01 1.000000000000000666e+00
2.098663270861160779e-01 9.295402654499731465e-01 9.793099280631987202e-01 1.000000000000000000e+00 1.000000000000000000e+00 9.999999999999998890e-01 1.000000000000000000e+00 9.999999999999993339e-01 1.000000000000000444e+00 9.999999999999996669e-01 1.000000000000001110e+00
2.331481835816006098e-01 9.370057918405719777e-01 9.799492812514333240e-01 1.000000000000000222e+00 9.999999999999997780e-01 9.999999999999996669e-01 9.999999999999998890e-01 9.999999999999993339e-01 1.000000000000000444e+00 9.999999999999996669e-01 1.000000000000001554e+00
2.577996121263431695e-01 9.429752886795835787e-01 9.803252668328203967e-01 1.000000000000000000e+00 9.999999999999997780e-01 9.999999999999996669e-01 1.000000000000000000e+00 9.999999999999995559e-01 1.000000000000000444e+00 9.999999999999996669e-01 1.000000000000001998e+00
2.837253488861051220e-01 9.477230428100630322e-01 9.804549896683866228e-01 9.999999999999998890e-01 9.999999999999995559e-01 9.999999999999998890e-01 1.000000000000000000e+00 9.999999999999995559e-01 1.000000000000000888e+00 9.999999999999996669e-01 1.000000000000002665e+00
3.107636381220173494e-01 9.514634805064923206e-01 9.803462249907738402e-01 1.000000000000000000e+00 9.999999999999994449e-01 9.999999999999996669e-01 1.000000000000000000e+00 9.999999999999996669e-01 1.000000000000000888e+00 9.999999999999996669e-01 1.000000000000003331e+00
3.386857594876468980e-01 9.543616792081148770e-01 9.799985524934652359e-01 1.000000000000000000e+00 9.999999999999994449e-01 9.999999999999996669e-01 9.999999999999998890e-01 9.999999999999998890e-01 1.000000000000000888e+00 9.999999999999996669e-01 1.000000000000004219e+00
3.671942378561950382e-01 9.565424272672591322e-01 9.794041367857829750e-01 9.999999999999998890e-01 9.999999999999992228e-01 9.999999999999996669e-01 1.000000000000000000e+00 9.999999999999998890e-01 1.000000000000001110e+00 9.999999999999996669e-01 1.000000000000004885e+00
3.959228304297326417e-01 9.580976584512325145e-01 9.785482803662998164e-01 9.999999999999998890e-01 9.999999999999990008e-01 9.999999999999995559e-01 1.000000000000000000e+00 1.000000000000000000e+00 1.000000000000001554e+00 9.999999999999996669e-01 1.000000000000005995e+00
4.244453141080400949e-01 9.590923467696698124e-01 9.774098764657062066e-01 9.999999999999996669e-01 9.999999999999987788e-01 9.999999999999995559e-01 1.000000000000000000e+00 1.000000000000000000e+00 1.000000000000001554e+00 9.999999999999996669e-01 1.000000000000006883e+00
4.522998577574974810e-01 9.595690606985300963e-01 9.759618982544236987e-01 9.999999999999995559e-01 9.999999999999984457e-01 9.999999999999995559e-01 1.000000000000000000e+00 1.000000000000000000e+00 1.000000000000001776e+00 9.999999999999996669e-01 1.000000000000007772e+00
4.790301045575437455e-01 9.595514143656065364e-01 9.741720728250261585e-01 9.999999999999994449e-01 9.999999999999984457e-01 9.999999999999995559e-01 1.000000000000000222e+00 1.000000000000000000e+00 1.000000000000001776e+00 9.999999999999994449e-01 1.000000000000008216e+00
5.042350485280393535e-01 9.590466591408166597e-01 9.720038937788947342e-01 9.999999999999994449e-01 9.999999999999980016e-01 9.999999999999992228e-01 1.000000000000000222e+00 1.000000000000000000e+00 1.000000000000001998e+00 9.999999999999994449e-01 1.000000000000008882e+00
5.276128342294196250e-01 9.580476560070624314e-01 9.694181111207825774e-01 9.999999999999991118e-01 9.999999999999977796e-01 9.999999999999994449e-01 1.000000000000000222e+00 1.000000000000000000e+00 1.000000000000002220e+00 9.999999999999994449e-01 1.000000000000009326e+00
5.489842324783379413e-01 9.565344685717792617e-01 9.663747841152239282e-01 9.999999999999991118e-01 9.999999999999977796e-01 9.999999999999991118e-01 1.000000000000000222e+00 1.000000000000000222e+00 1.000000000000001998e+00 9.999999999999994449e-01 1.000000000000009770e+00
5.682901103538666732e-01 9.544758215820735581e-01 9.628358766202673724e-01 9.999999999999987788e-01 9.999999999999977796e-01 9.999999999999991118e-01 1.000000000000000222e+00 1.000000000000000000e+00 1.000000000000001998e+00 9.999999999999993339e-01 1.000000000000009770e+00
5.855679499331803983e-01 9.518306761777201030e-01 9.587682128540334636e-01 9.999999999999985567e-01 9.999999999999976685e-01 9.999999999999991118e-01 1.000000000000000222e+00 1.000000000000000000e+00 1.000000000000001776e+00 9.999999999999993339e-01 1.000000000000009104e+00
6.009186758721006827e-01 9.485501699278352516e-01 9.541464183599100979e-01 9.999999999999982236e-01 9.999999999999977796e-01 9.999999999999990008e-01 1.000000000000000222e+00 1.000000000000000000e+00 1.000000000000001776e+00 9.999999999999991118e-01 1.000000000000008660e+00
6.144746229222560752e-01 9.445801401575071310e-01 9.489553041822361701e-01 9.999999999999982236e-01 9.999999999999980016e-01 9.999999999999990008e-01 1.000000000000000222e+00 9.999999999999998890e-01 1.000000000000001776e+00 9.999999999999991118e-01 1.000000000000007994e+00
6.263750449341994875e-01 9.398643740949214065e-01 9.431910956935143364e-01 9.999999999999978906e-01 9.999999999999980016e-01 9.999999999999991118e-01 1.000000000000000222e+00 1.000000000000000000e+00 1.000000000000001554e+00 9.999999999999988898e-01 1.000000000000007105e+00
6.367508481156253231e-01 9.343485954609398458e-01 9.368610378219774937e-01 9.999999999999978906e-01 9.999999999999984457e-01 9.999999999999994449e-01 1.000000000000000666e+00 1.000000000000000222e+00 1.000000000000001332e+00 9.999999999999984457e-01 1.000000000000006217e+00
6.457172579000637347e-01 9.279850079137951235e-01 9.299812464147666491e-01 9.999999999999977796e-01 9.999999999999986677e-01 9.999999999999994449e-01 1.000000000000000666e+00 1.000000000000000000e+00 1.000000000000001110e+00 9.999999999999980016e-01 1.000000000000005551e+00
6.533720538253510179e-01 9.207370022209524496e-01 9.225731484394479320e-01 9.999999999999978906e-01 9.999999999999987788e-01 1.000000000000000000e+00 1.000000000000000666e+00 1.000000000000000222e+00 1.000000000000000888e+00 9.999999999999976685e-01 1.000000000000004441e+00
6.597971237153033019e-01 9.125834545842191892e-01 9.146593022201944256e-01 9.999999999999978906e-01 9.999999999999990008e-01 1.000000000000000222e+00 1.000000000000000444e+00 1.000000000000000222e+00 1.000000000000000888e+00 9.999999999999970024e-01 1.000000000000003775e+00
6.650616744775220690e-01 9.035219673102811155e-01 9.062596299176457482e-01 9.999999999999981126e-01 9.999999999999992228e-01 1.000000000000000666e+00 1.000000000000000444e+00 1.000000000000000222e+00 1.000000000000000444e+00 9.999999999999962252e-01 1.000000000000002887e+00
6.692260548798599773e-01 8.935704798948539418e-01 8.973890137693604219e-01 9.999999999999978906e-01 9.999999999999995559e-01 1.000000000000001110e+00 1.000000000000000222e+00 1.000000000000000222e+00 1.000000000000000666e+00 9.999999999999955591e-01 1.000000000000002442e+00
6.723456176447002441e-01 8.827669126929208465e-01 8.880568254764921177e-01 9.999999999999982236e-01 9.999999999999995559e-01 1.000000000000001554e+00 1.000000000000000222e+00 1.000000000000000222e+00 1.000000000000000444e+00 9.999999999999948930e-01 1.000000000000001998e+00
6.744743428336005264e-01 8.711668496708123710e-01 8.782684229270445453e-01 9.999999999999981126e-01 1.000000000000000000e+00 1.000000000000001554e+00 1.000000000000000222e+00 1.000000000000000222e+00 1.000000000000000666e+00 9.999999999999941158e-01 1.000000000000001554e+00
6.756680901287095420e-01 8.588396413782715122e-01 8.680281599231217671e-01 9.999999999999981126e-01 1.000000000000000222e+00 1.000000000000001998e+00 1.000000000000000222e+00 1.000000000000000222e+00 1.000000000000000666e+00 9.999999999999932276e-01 1.000000000000000666e+00
6.759873881253384287e-01 8.458636276467874637e-01 8.573431665549621217e-01 9.999999999999978906e-01 1.000000000000000000e+00 1.000000000000002220e+00 1.000000000000000222e+00 1.000000000000000222e+00 1.000000000000000888e+00 9.999999999999925615e-01 1.000000000000000222e+00
6.754996484230207932e-01 8.323213664043985771e-01 8.462271195631582144e-01 9.999999999999976685e-01 1.000000000000000444e+00 1.000000000000002220e+00 1.000000000000000000e+00 1.000000000000000222e+00 1.000000000000001110e+00 9.999999999999920064e-01 9.999999999999994449e-01
6.742806528973470659e-01 8.182957566951061246e-01 8.347033826767699116e-01 9.999999999999972244e-01 1.000000000000000444e+00 1.000000000000002442e+00 1.000000000000000222e+00 1.000000000000000444e+00 1.000000000000001776e+00 9.999999999999913403e-01 9.999999999999986677e-01
6.724151413197076987e-01 8.038677413408620298e-01 8.228071541445212134e-01 9.999999999999965583e-01 1.000000000000000888e+00 1.000000000000002442e+00 1.000000000000000222e+00 1.000000000000000444e+00 1.000000000000002220e+00 9.999999999999911182e-01 9.999999999999976685e-01
6.699963508015139846e-01 7.891159005788730418e-01 8.105865126537031840e-01 9.999999999999958922e-01 1.000000000000000888e+00 1.000000000000001998e+00 1.000000000000000222e+00 1.000000000000000444e+00 1.000000000000002887e+00 9.999999999999907851e-01 9.999999999999964473e-01
6.671244386431089968e-01 7.741177938187514540e-01 7.981024394661978549e-01 9.999999999999951150e-01 1.000000000000000888e+00 1.000000000000001776e+00 1.000000000000000222e+00 1.000000000000000666e+00 1.000000000000003553e+00 9.999999999999907851e-01 9.999999999999947820e-01
6.639038461299938687e-01 7.589524999768215707e-01 7.854279928258902643e-01 9.999999999999945599e-01 1.000000000000000888e+00 1.000000000000001554e+00 1.000000000000000222e+00 1.000000000000000888e+00 1.000000000000004441e+00 9.999999999999911182e-01 9.999999999999928946e-01
6.604398074770987392e-01 7.437035626943853117e-01 7.726468323167421381e-01 9.999999999999937828e-01 1.000000000000001332e+00 1.000000000000001110e+00 1.000000000000000444e+00 1.000000000000000666e+00 1.000000000000005329e+00 9.999999999999914513e-01 9.999999999999910072e-01
6.568343457496456095e-01 7.284615187269755099e-01 7.598512639372460020e-01 9.999999999999932276e-01 1.000000000000001332e+00 1.000000000000000666e+00 1.000000000000000444e+00 1.000000000000000888e+00 1.000000000000005773e+00 9.999999999999914513e-01 9.999999999999883427e-01
6.531822005196350478e-01 7.133253498773677315e-01 7.471399304069434866e-01 9.999999999999924505e-01 1.000000000000001776e+00 1.000000000000000222e+00 1.000000000000000222e+00 1.000000000000000888e+00 1.000000000000006439e+00 9.999999999999917843e-01 9.999999999999857891e-01
6.495671799145821268e-01 6.984024678898014260e-01 7.346152268016821196e-01 9.999999999999920064e-01 1.000000000000001998e+00 1.000000000000000000e+00 1.000000000000000666e+00 1.000000000000000888e+00 1.000000000000007327e+00 9.999999999999923395e-01 9.999999999999834577e-01
6.460594046936664059e-01 6.838071231309972298e-01 7.223804901585223481e-01 9.999999999999918954e-01 1.000000000000002220e+00 9.999999999999998890e-01 1.000000000000000444e+00 1.000000000000000888e+00 1.000000000000007550e+00 9.999999999999925615e-01 9.999999999999807931e-01
6.427138002451333598e-01 6.696573559367395845e-01 7.105369977010371763e-01 9.999999999999916733e-01 1.000000000000002220e+00 1.000000000000000222e+00 1.000000000000000222e+00 1.000000000000001110e+00 1.000000000000007994e+00 9.999999999999926725e-01 9.999999999999783507e-01
6.395699950020693469e-01 6.560707637798759428e-01 6.991808145318946233e-01 9.999999999999916733e-01 1.000000000000002220e+00 1.000000000000000000e+00 1.000000000000000444e+00 1.000000000000001332e+00 1.000000000000007994e+00 9.999999999999928946e-01 9.999999999999761302e-01
6.366535306567181474e-01 6.431594542870958664e-01 6.883995610789988007e-01 9.999999999999920064e-01 1.000000000000002220e+00 1.000000000000000444e+00 1.000000000000000222e+00 1.000000000000001554e+00 1.000000000000007772e+00 9.999999999999928946e-01 9.999999999999745759e-01
6.339780431095951574e-01 6.310246237484954390e-01 6.782692240347419910e-01 9.999999999999920064e-01 1.000000000000002220e+00 1.000000000000000666e+00 1.000000000000000000e+00 1.000000000000001554e+00 1.000000000000007327e+00 9.999999999999926725e-01 9.999999999999734657e-01
6.315479106567619683e-01 6.197512624690350025e-01 6.688512046643779740e-01 9.999999999999924505e-01 1.000000000000001776e+00 1.000000000000001110e+00 9.999999999999998890e-01 1.000000000000001554e+00 1.000000000000006439e+00 9.999999999999923395e-01 9.999999999999730216e-01
6.293608447792921057e-01 6.094035352580307041e-01 6.601898653497791924e-01 9.999999999999927836e-01 1.000000000000001776e+00 1.000000000000001110e+00 9.999999999999995559e-01 1.000000000000001554e+00 1.000000000000005773e+00 9.999999999999916733e-01 9.999999999999733546e-01
6.274100237573285721e-01 6.000213853367413197e-01 6.523108689465920706e-01 9.999999999999932276e-01 1.000000000000001554e+00 1.000000000000001554e+00 9.999999999999992228e-01 1.000000000000001554e+00 1.000000000000004441e+00 9.999999999999911182e-01 9.999999999999742428e-01
