2.263010470369909246e-17 1.641745954672169459e-18 1.551975221798079014e-18 2.426334577606459343e-22 8.037391575120307917e-22 2.461664925988877195e-21 9.931262038971108781e-21 5.359576909785239222e-20 2.349652465298539551e-19 1.050946570912165234e-18 6.687496394587357810e-18
3.207759024656363869e-17 2.327138123065682050e-18 2.199928256896786156e-18 4.875200652326707409e-22 1.614976675198949728e-21 4.946448170784568313e-21 1.995677784670391651e-20 1.076937442195247526e-19 4.718654407764504641e-19 2.106588627561190609e-18 1.332898081091192587e-17
4.546915811572936803e-17 3.298668650287288884e-18 3.118426017061790963e-18 9.795734495936385622e-22 3.245052473217952203e-21 9.939484935271484788e-21 4.010315757912133581e-20 2.163766589951260948e-19 9.472321762740386562e-19 4.217640932694616958e-18 2.648915629601665494e-17
6.445136173390472642e-17 4.675797107426866332e-18 4.420453176426650972e-18 1.968270303327454668e-21 6.520516909513740551e-21 1.997284923363669421e-20 8.058670228954081743e-20 4.346717703089560192e-19 1.900376102407391353e-18 8.431155307785931141e-18 5.245682272283486953e-17
9.135814879136685022e-17 6.627858049830365534e-18 6.266200452188585338e-18 3.954906734949237905e-21 1.310229639336925009e-20 4.013477376782303100e-20 1.619330347401319054e-19 8.729759426393839185e-19 3.809477949741672097e-18 1.682051601541215025e-17 1.034432786943112759e-16
1.294978311909916561e-16 9.394885843914311011e-18 8.882808745557818117e-18 7.946795628595283966e-21 2.632798970032692321e-20 8.064986955654294449e-20 3.253716514048209301e-19 1.752572170377867864e-18 7.627916005988337844e-18 3.347374829684456123e-17 2.029818045211104921e-16
1.835598580055543250e-16 1.331713632645032630e-17 1.259239204896260745e-17 1.596807357693248523e-20 5.290440303722584650e-20 1.620628865054466837e-19 6.536920742935652502e-19 3.516463001514282532e-18 1.525120776377441875e-17 6.640998523343154065e-17 3.960451962116772590e-16
2.601914064865551644e-16 1.887693876827649973e-17 1.785183087196903171e-17 3.208616274745548792e-20 1.063083379219268536e-19 3.256505960392428826e-19 1.313053684586730270e-18 7.050074147405993628e-18 3.043507674455463888e-17 1.312666391429354625e-16 7.677846729581896136e-16
3.688146864504705751e-16 2.675803108157143847e-17 2.530932089635418683e-17 6.447440373733281258e-20 2.136188463100818703e-19 6.543267185022621048e-19 2.636697544412528908e-18 1.411932786204172792e-17 6.059004195355166951e-17 2.583311152130129995e-16 1.477803607085451438e-15
5.227854508744235118e-16 3.792968746155951224e-17 3.588481283707437874e-17 1.295566478990379454e-19 4.292403194060563703e-19 1.314590646478378144e-18 5.292274970021615264e-18 2.823671938512144568e-17 1.202658854906800434e-16 5.058209947069087114e-16 2.822006873234584562e-15
7.410351596642286439e-16 5.376600887033058097e-17 5.088459881544715922e-17 2.603345292312973048e-19 8.624565962665009443e-19 2.640633370154376932e-18 1.061558099570627400e-17 5.636536076276157933e-17 2.378656783521443595e-16 9.847000094458855667e-16 5.342623333714291047e-15
1.050398713230349420e-15 7.621509535018471575e-17 7.216486188299282291e-17 5.231158673883009486e-19 1.732726367792209940e-18 5.302769965666284351e-18 2.127430885280043899e-17 1.122527891536445605e-16 4.684720409185589322e-16 1.904520095979986534e-15 1.002096725792644806e-14
1.488913970630786043e-15 1.080390015933117815e-16 1.023657501330001623e-16 1.051111051076060946e-18 3.480563481184969353e-18 1.064420912220946649e-17 4.258353941233671632e-17 2.229104540152490801e-16 9.181182161795536791e-16 3.657065422255781796e-15 1.860976972738719596e-14
2.110498759976630099e-15 1.531541769495927359e-16 1.452476551873929434e-16 2.111878642311034242e-18 6.989635228094798190e-18 2.135298240714767912e-17 8.510171453071431838e-17 4.411127962821019278e-16 1.789240936344675427e-15 6.966973681687273107e-15 3.419649465439284491e-14
2.991580471507947363e-15 2.171146360926334613e-16 2.061768309407505341e-16 4.242641935361002018e-18 1.403097222338885162e-17 4.279895131066701317e-17 1.697272248773873304e-16 8.693055920817806815e-16 3.464847164963738829e-15 1.315920150519867645e-14 6.214127099495482976e-14
4.240493427614959298e-15 3.077980303073961703e-16 2.928316181472043362e-16 8.521538338108711784e-18 2.814965750720053638e-17 8.568511207027373910e-17 3.376441864804530774e-16 1.704912089203105283e-15 6.662493414223521147e-15 2.462700820072499525e-14 1.116094837394181349e-13
6.010799580048369645e-15 4.363804756772224107e-16 4.162391667440421253e-16 1.711069198019924638e-17 5.643022504988818815e-17 1.712831509863446591e-16 6.695967632618876459e-16 3.325312072422531900e-15 1.271236786418297904e-14 4.563812488178327220e-14 1.980270239816250399e-13
8.520170557450801170e-15 6.187229583883805242e-16 5.923160877469188306e-16 3.434171858096306328e-17 1.130002363835619600e-16 3.417201193195437561e-16 1.322948497603230737e-15 6.445471218648950240e-15 2.405265630323743833e-14 8.370090210537912040e-14 3.469327226112011183e-13
1.207715302841386782e-14 8.773456312846046116e-16 8.441939397676307631e-16 6.888075569739553685e-17 2.259557902932810273e-16 6.800696675789481004e-16 2.602312911956924630e-15 1.240685415810155030e-14 4.509926039474208965e-14 1.518398122522221017e-13 5.998921765478133798e-13
1.711910890505015500e-14 1.244244320005320759e-15 1.205797134629655357e-15 1.380345990887721564e-16 4.509855900314027412e-16 1.349324156619935971e-15 5.092866117331775975e-15 2.370023869859206370e-14 8.374958354766263407e-14 2.723174823810153050e-13 1.023368883061789762e-12
2.426599640131844072e-14 1.764918443913198929e-15 1.727472853139248823e-15 2.762855947411298244e-16 8.980209445380933179e-16 2.667402641025763560e-15 9.909318072330552494e-15 4.489903624889417938e-14 1.539411017493371269e-13 4.826077783666245159e-13 1.721710904482797344e-12
3.439660656173782513e-14 2.504150961352840936e-15 2.485074604482878729e-15 5.521360232873215031e-16 1.783023667176800986e-15 5.250257276807666816e-15 1.915559256930437028e-14 8.430167456344755508e-14 2.799314263953150703e-13 8.447907804043294215e-13 2.855677083906355168e-12
4.875663251481111825e-14 3.554340838385794096e-15 3.595008823379598675e-15 1.101182439356846469e-15 3.527870494115680400e-15 1.028227374030071758e-14 3.676318767607166808e-14 1.567782532955889021e-13 5.033316820137349893e-13 1.460020420169351168e-12 4.668148177185367368e-12
6.911186567808390124e-14 5.047590353628989309e-15 5.239812091290824792e-15 2.190668799525878401e-15 6.951383837001844852e-15 2.002181829548912957e-14 7.000029982747969312e-14 2.886263791047178191e-13 8.944497040820102253e-13 2.490310853354115404e-12 7.518773519345171084e-12
9.796536719749943626e-14 7.173384917810384544e-15 7.712670466810008874e-15 4.344607936980775090e-15 1.363128169753907483e-14 3.873566050432389444e-14 1.321509609589754916e-13 5.257163829033031535e-13 1.570226303064732997e-12 4.190575570940881727e-12 1.192920015435713327e-11
1.388653390480285836e-13 1.020473272773163043e-14 1.149647957650347765e-14 8.584399724584971276e-15 2.658298575912651725e-14 7.440500230850464225e-14 2.472020950408616868e-13 9.469151646262833171e-13 2.722012159960186425e-12 6.954571993084616866e-12 1.864011621625822098e-11
1.968415897789115217e-13 1.453734273860312216e-14 1.740645165818120226e-14 1.688750356988082928e-14 5.151861931059054944e-14 1.417996954830446468e-13 4.579176934061404672e-13 1.685802774512277400e-12 4.657647780598288086e-12 1.137903785311210461e-11 2.868052573981383575e-11
2.790243356187843266e-13 2.074933273832683881e-14 2.685015800264153901e-14 3.305331942252924638e-14 9.915439952074289457e-14 2.679413338113445501e-13 8.395236488109573822e-13 2.965125176305971926e-12 7.863741446797527246e-12 1.835067316672705490e-11 4.344842293844593964e-11
3.955215604919458650e-13 2.969402690650781375e-14 4.230472285484356212e-14 6.432055938883425230e-14 1.893859274978524864e-13 5.016697175344587575e-13 1.522509234745474531e-12 5.150339210574939470e-12 1.309558108379992019e-11 2.916047870200100263e-11 6.480041865974673973e-11
5.606630683208782574e-13 4.264737324921600915e-14 6.819447884542791121e-14 1.243539046781896011e-13 3.587420210374864961e-13 9.301367842418081437e-13 2.729942693319995447e-12 8.831041183775120662e-12 2.150354635564335603e-11 4.564902515955842725e-11 9.514611572905509952e-11
7.947646691483107973e-13 6.154759940737395322e-14 1.125031500989929570e-13 2.386918566326219010e-13 6.735026068462966492e-13 1.706783519930186942e-12 4.837397932253647746e-12 1.494198436975995119e-11 3.480585048482562960e-11 7.038423204541599653e-11 1.375415565614412838e-10
1.126630307918529512e-12 8.939381480214911518e-14 1.897230161562409938e-13 4.545547353308780549e-13 1.252439406247286544e-12 3.097985296537000210e-12 8.467300512446502631e-12 2.493859469880778369e-11 5.551743688711765352e-11 1.068700346396309621e-10 1.957755012497107331e-10
1.597101454467920112e-12 1.309230617143383737e-13 3.262145239598832537e-13 8.582590910259589396e-13 2.305618169007516489e-12 5.559428578125391535e-12 1.463438440499016718e-11 4.104498722652041652e-11 8.724327662339464386e-11 1.597800204624365380e-10 2.744434076064452883e-10
2.264093293844103893e-12 1.937811111227858757e-13 5.698636343334560200e-13 1.605687596240629537e-12 4.199512288202018506e-12 9.858810925263246799e-12 2.496504388007019209e-11 6.659479467320712065e-11 1.350405501506153988e-10 2.352052451181937403e-10 3.790075541293651429e-10
3.209742790929979945e-12 2.905754735878633731e-13 1.007306774265140733e-12 2.974784857330303685e-12 7.564372373690712602e-12 1.726904445468069988e-11 4.202046529186935852e-11 1.064856726909516507e-10 2.058478335197940429e-10 3.409010604216790969e-10 5.158483417440720442e-10
4.550558465367912197e-12 4.425101140391203992e-13 1.794299820877615401e-12 5.454543059072735915e-12 1.346804475358482826e-11 2.986609987420665066e-11 6.976094163363422427e-11 1.677659328085563407e-10 3.089705023931964907e-10 4.865155676300631339e-10 6.923215288451590181e-10
6.451840284920346652e-12 6.858549602255092728e-13 3.208581084226592535e-12 9.893285595315229510e-12 2.369196547259268377e-11 5.097799530749575964e-11 1.141955731219673556e-10 2.603651055750465137e-10 4.566009916270002828e-10 6.837843820828723814e-10 9.168483858873381860e-10
9.148180718992485606e-12 1.083477913891855731e-12 5.740623259135951056e-12 1.774136252339553668e-11 4.116053976283502520e-11 8.584573857716420102e-11 1.842658382126927332e-10 3.979683880712667764e-10 6.643423173012908866e-10 9.466850250813385634e-10 1.199079065881494151e-09
1.297263808572409296e-11 1.745361199064330725e-12 1.024713539434059753e-11 3.144092857638713078e-11 7.059491578071119447e-11 1.425719763353161261e-10 2.930108082166659051e-10 5.990177640880381686e-10 9.516967030963180966e-10 1.291561239552835856e-09 1.550181729532944017e-09
1.839829865002412162e-11 2.864926970074320662e-12 1.820663745778765041e-11 5.503959323587899377e-11 1.194859826099087126e-10 2.334462418600515815e-10 4.590531447046051504e-10 8.878015150835848452e-10 1.342482728632088383e-09 1.737253421419341953e-09 1.983318688134808933e-09
2.609757354509840786e-11 4.782894496347354392e-12 3.213793341162016954e-11 9.513642562080218225e-11 1.995078267699521378e-10 3.767431925229660886e-10 7.084256234733772310e-10 1.295572488430777406e-09 1.865159127678447560e-09 2.305304751821939492e-09 2.514373965457412739e-09
3.702694626802763902e-11 8.098513385621440445e-12 5.627333877539925269e-11 1.623082455007453332e-10 3.285187154347331799e-10 5.990868877777450054e-10 1.076725993565095280e-09 1.861620113249445760e-09 2.553065535371290169e-09 3.020349664157386549e-09 3.162993380905339477e-09
5.254834681239765793e-11 1.386124201260346903e-11 9.762181309597673344e-11 2.732099072059421333e-10 5.333165503554698163e-10 9.384539123093462498e-10 1.611544168997010178e-09 2.634220479472555413e-09 3.444642143829414683e-09 3.910825896994527095e-09 3.953989631932894152e-09
7.460340144101555535e-11 2.389705054298291191e-11 1.676152647324614966e-10 4.535903619722748412e-10 8.533217899297304052e-10 1.447845286510584523e-09 2.375054796219783218e-09 3.671412930011864525e-09 4.583759385846306217e-09 5.010176281150228695e-09 4.919154340924618161e-09
1.059642693395451730e-10 4.135651322701442964e-11 2.846058318258121882e-10 7.425090039501797618e-10 1.345343108094576873e-09 2.199588389860866478e-09 3.446620406778308326e-09 5.041609845311931006e-09 6.020368216504384254e-09 6.358715015033439565e-09 6.099512127213978292e-09
1.505957809514293661e-10 7.162221804958120086e-11 4.775723212765741198e-10 1.198062085965835708e-09 2.089528911676634122e-09 3.290137757924602523e-09 4.925222115209120036e-09 6.824143912102632543e-09 7.811758913075779934e-09 8.006322106208343666e-09 7.548055054493947532e-09
2.141798369460148395e-10 1.237880121776954910e-10 7.914958015442268950e-10 1.904920352151729399e-09 3.196512800894284214e-09 4.845138669196961223e-09 6.931547890966171383e-09 9.109991923005266862e-09 1.002477589386499013e-08 1.001610102865163317e-08 9.333015459617841457e-09
3.048769979486044481e-10 2.130312314174482054e-10 1.294967418091307631e-09 2.983917120322235407e-09 4.815621239570474168e-09 7.024422800104766239e-09 9.609646596991250828e-09 1.200307353653288368e-08 1.273936283306627595e-08 1.246909745911082979e-08 1.154177534208445105e-08
4.344354942035640801e-10 3.643516982430803340e-10 2.090678045388940261e-09 4.603792440703251993e-09 7.143837442351906696e-09 1.002655666369670921e-08 1.312821927371828546e-08 1.562268415301081309e-08 1.605379728758405798e-08 1.547014664539809000e-08 1.428557217968145865e-08
6.198096615682872799e-10 6.183585162001876027e-10 3.329483008570650443e-09 6.994982841031664218e-09 1.043503513795895773e-08 1.409260717226573724e-08 1.768187607656323130e-08 2.010775215713836689e-08 2.009191952921352909e-08 1.915491286848933757e-08 1.770524193385587852e-08
8.855253276563818666e-10 1.040056207469285476e-09 5.228701718031323954e-09 1.046505374010656038e-08 1.500885968705772257e-08 1.950897333083704106e-08 2.349302689721435775e-08 2.562368079320202046e-08 2.501258356702669480e-08 2.369822560729516453e-08 2.197833562501028007e-08
1.267139006823936811e-09 1.731918764783838609e-09 8.095164088548935174e-09 1.541503700761911557e-08 2.125861341954064096e-08 2.660949733391009876e-08 3.081546028434519114e-08 3.237252244830260445e-08 3.102149128298401774e-08 2.932391729422820848e-08 2.732805167829230236e-08
1.816294655275033724e-09 2.852936528900118954e-09 1.235322074206284789e-08 2.235563099185034526e-08 2.965768125918609059e-08 3.577762360507916386e-08 3.994103903594467953e-08 4.060713797702193363e-08 3.838555439182110344e-08 3.631653199244458184e-08 3.403454036771317442e-08
2.608104564309326612e-09 4.645752650236929784e-09 1.857747909800446685e-08 3.192205741287244705e-08 4.076449121816874225e-08 4.745008837219552786e-08 5.121122736320287456e-08 5.064984522813968243e-08 4.745000473523389507e-08 4.503549795927517787e-08 4.244926211618024601e-08
3.751893785080986528e-09 7.474426311116849036e-09 2.752943698309450769e-08 4.488649509183654764e-08 5.522679081598694116e-08 6.212440982895283938e-08 6.503529355211795605e-08 6.291591902136544295e-08 5.865867120040265542e-08 5.593262719216415338e-08 5.301322718732309242e-08
5.406781002882234459e-09 1.187569381132540119e-08 4.019654113848139850e-08 6.216758056205639137e-08 7.378712295326410389e-08 8.037317594271210879e-08 8.191696256996056836e-08 7.794225142874366746e-08 7.257817103368033422e-08 6.957410665870353476e-08 6.628012522217851428e-08
7.804161106728637830e-09 1.862674227890667026e-08 5.783165451080771228e-08 8.483760481456134487e-08 9.729270648873310241e-08 1.028686354262361697e-07 1.024910383021394117e-07 9.642160279400493956e-08 8.992721089311160835e-08 8.666846865443019762e-08 8.294558813173582623e-08
1.127995133481861125e-08 2.883233930440692084e-08 8.199070354202506907e-08 1.141297835232172648e-07 1.267142796490889296e-07 1.304212486035171159e-07 1.275711582559976447e-07 1.192432390897609263e-07 1.116127269708237621e-07 1.081023724756482515e-07 1.038841402758663860e-07
1.632051549139844041e-08 4.403354922787532920e-08 1.145666813886786210e-07 1.514502372690077468e-07 1.631795917005677502e-07 1.640355845757663846e-07 1.582095357703424445e-07 1.475413909917957180e-07 1.387751773310225971e-07 1.349864124266031419e-07 1.301957976294264655e-07
2.362754378689330504e-08 6.633912139602759246e-08 1.578195005945275610e-07 1.984018219577019489e-07 2.080278618532659587e-07 2.049863195740591091e-07 1.957694809885814487e-07 1.827538687134774979e-07 1.728459093175904231e-07 1.687136199246116945e-07 1.632648054280630360e-07
3.420889000371851779e-08 9.857895092171194067e-08 2.144036472422058505e-07 2.568292759623853034e-07 2.628914704995280777e-07 2.549163087122093465e-07 2.420118677991526934e-07 2.266942686527145606e-07 2.156201656440648585e-07 2.110338951045244466e-07 2.048336765245974505e-07
4.950448887712765183e-08 1.444769285677986175e-07 2.873992541264666642e-07 3.288967978028817934e-07 3.298103823495444205e-07 3.159581118121077225e-07 2.991976754595569471e-07 2.816424411985086695e-07 2.693500086138968056e-07 2.641483400273115780e-07 2.570965404553973526e-07
7.155900015519848434e-08 2.088383605726489747e-07 3.803568984249881104e-07 4.172096922394193776e-07 4.113835417120491967e-07 3.908803625107052870e-07 3.702103357137084545e-07 3.504591986993011686e-07 3.368623155458452302e-07 3.308284316834962742e-07 3.228168747657708473e-07
1.032557061327246900e-07 2.977455452527420471e-07 4.973716558844501853e-07 5.249909115444059825e-07 5.109602042651068232e-07 4.832613529296805807e-07 4.587038090012186136e-07 4.367326242847987446e-07 4.217081415785791576e-07 4.145662347282856346e-07 4.054760163520212308e-07
1.486293075676789689e-07 4.187548757195946332e-07 6.432069545764010127e-07 6.563213541832661974e-07 6.328735526295087413e-07 5.976943977625321092e-07 5.692849651177071765e-07 5.449648642119983635e-07 5.283512841179131160e-07 5.197634869541178002e-07 5.094605077617841071e-07
2.132784077326188666e-07 5.810909984173615000e-07 8.234926746227830221e-07 8.164503248077696277e-07 7.827197207485082987e-07 7.400329648431879951e-07 7.077417990005673244e-07 6.808100926278836953e-07 6.624059415028526038e-07 6.519694862246641824e-07 6.402984071489335662e-07
3.049013368366724236e-07 7.958391067798021928e-07 1.045023940139289666e-06 1.012180695976850892e-06 9.676881377123438262e-07 9.176880267966845611e-07 8.813321700543683464e-07 8.513766318922493121e-07 8.309360551855728330e-07 8.181803802356116775e-07 8.049572913619491390e-07
4.339811612359120184e-07 1.076146176479017206e-06 1.316186743596585712e-06 1.252333359425365600e-06 1.196954214569702364e-06 1.139995286829545466e-06 1.099151140744606122e-06 1.065609230357695909e-06 1.042832375699507139e-06 1.027215853611038240e-06 1.012219953194306693e-06
6.146468349861435684e-07 1.437456144645224539e-06 1.647534203282364133e-06 1.548298738405402186e-06 1.482152768556221287e-06 1.418675571234525923e-06 1.372598808909938391e-06 1.334771486339428361e-06 1.309287628418302474e-06 1.290193498071523116e-06 1.273157924603332449e-06
8.657371643322164378e-07 1.897822244301760011e-06 2.052533994554354800e-06 1.914690245860847356e-06 1.837959780176454775e-06 1.768417662539883969e-06 1.715975159721949004e-06 1.673053601811061843e-06 1.644395547477799772e-06 1.621126556780922250e-06 1.601728194186145281e-06
1.212092498906749516e-06 2.478360587511035442e-06 2.548505229090167557e-06 2.370125737051663136e-06 2.282820487894395082e-06 2.207619385927544445e-06 2.147234433200320570e-06 2.098337300992892955e-06 2.065906240639952206e-06 2.037677516055211892e-06 2.015525146821138691e-06
1.686096229357447926e-06 3.203930490106257955e-06 3.157764213615322595e-06 2.938177641677208964e-06 2.839872889073410998e-06 2.759330420888612750e-06 2.688939423612138602e-06 2.633158152547856114e-06 2.596178695675141297e-06 2.562108502132893676e-06 2.536728235084593427e-06
2.329485349391250024e-06 4.104146310296189504e-06 3.909005558239602978e-06 3.648549526751328142e-06 3.538127233398698044e-06 3.452449930853903058e-06 3.369466640587655997e-06 3.305916086200549968e-06 3.263381725883113640e-06 3.222480046231835772e-06 3.193296684303654776e-06
3.195448532760148766e-06 5.214840226505373362e-06 4.838959944369280242e-06 4.538555280074951016e-06 4.413974440190950062e-06 4.323244663212646225e-06 4.224527013830879613e-06 4.152398155101886652e-06 4.103007921024145284e-06 4.054163062844575835e-06 4.020476222591179254e-06
4.351034434177966396e-06 6.580103843929874011e-06 5.994393430064379414e-06 5.654996375826376507e-06 5.513110586326220195e-06 5.417269642774286781e-06 5.299084477425200509e-06 5.217694342599284332e-06 5.159782034344709346e-06 5.101745590077297894e-06 5.062700115096874660e-06
5.879906338869925004e-06 8.255039030223346571e-06 7.434545240436287536e-06 7.056553207170934320e-06 6.892982354726190200e-06 6.791794864888489208e-06 6.649777068119429618e-06 6.558608482758524188e-06 6.490066694428364478e-06 6.421436959470453925e-06 6.375988516771201347e-06
7.885506764288923476e-06 1.030934764604665877e-05 9.234140429724789405e-06 8.816829822222729842e-06 8.625881710007671373e-06 8.518868387567859855e-06 8.347973032257013468e-06 8.246693473682438036e-06 8.164895580502258367e-06 8.084098883459047493e-06 8.030977395146440256e-06
1.049474239141557788e-05 1.283189129237348148e-05 1.148715920973268143e-05 1.102822021719105728e-05 1.080284942152255978e-05 1.068918002114513690e-05 1.048362906998558571e-05 1.037207451519963398e-05 1.027379867449064961e-05 1.017906708712119116e-05 1.011674236380363150e-05
1.386237057337106006e-05 1.593636367378633483e-05 1.431159532447135085e-05 1.380680199510505604e-05 1.353858880060952437e-05 1.341693200238107342e-05 1.317016088724776796e-05 1.304826800281674627e-05 1.292962763811363576e-05 1.281897053408097344e-05 1.274562546927447801e-05
1.817636704929512275e-05 1.976824893039105154e-05 1.785549229509191332e-05 1.729851339035087083e-05 1.697764559353480516e-05 1.684597597301092686e-05 1.655058986325789756e-05 1.641825920398327346e-05 1.627464391190367631e-05 1.614581035012153750e-05 1.605932659502179219e-05
2.366468141450325563e-05 2.451329853978651021e-05 2.230461141317345591e-05 2.168693612333047637e-05 2.130217992156620198e-05 2.115754257749080737e-05 2.080529674534326861e-05 2.066217160721936052e-05 2.048820052977957387e-05 2.033863001246335539e-05 2.023658867079989823e-05
3.060394025930965301e-05 3.040785470004078237e-05 2.789216398962561692e-05 2.720309299804950470e-05 2.674174437185157922e-05 2.657997535985987537e-05 2.616179753458000213e-05 2.600694812364813283e-05 2.579643439558110566e-05 2.562319556496051181e-05 2.550289107889524209e-05
3.933083226931411927e-05 3.775148406113631284e-05 3.491113940397873566e-05 3.413777946384237010e-05 3.358559234846043411e-05 3.340098952977072340e-05 3.290706270717374502e-05 3.273857314451903154e-05 3.248449332227096217e-05 3.228421353401547970e-05 3.214267314827281847e-05
5.025709696654682214e-05 4.692256327875651253e-05 4.372988788364693639e-05 4.285708685880773697e-05 4.219817703749294003e-05 4.198311427187876471e-05 4.140303410804624493e-05 4.121749970735695702e-05 4.091195690763857842e-05 4.068074963792042703e-05 4.051474481927190379e-05
6.388923029717106074e-05 5.839767485547873359e-05 5.481178065196341560e-05 5.382194663129085663e-05 5.303866922610293573e-05 5.278315031295976447e-05 5.210616038417403942e-05 5.189811335207883896e-05 5.153227843257810094e-05 5.126567878274676434e-05 5.107171031406305403e-05
8.085420866405648786e-05 7.277592356855271073e-05 6.873997675009080929e-05 6.761273448993950679e-05 6.668552758769543082e-05 6.637668734094184255e-05 6.559197770584312785e-05 6.535326940351015689e-05 6.491728239056049528e-05 6.461020179233164379e-05 6.438443851392953987e-05
1.019327147540988697e-04 9.080956445787200827e-05 8.624857875340445894e-05 8.496022464677065427e-05 8.386740256601351228e-05 8.348898105009869991e-05 8.258601186523727958e-05 8.230518748776430597e-05 8.178800291870229116e-05 8.143471083485193801e-05 8.117286422658238898e-05
1.281015239855302977e-04 1.134426345301536832e-04 1.082617553690675468e-04 1.067844755280981532e-04 1.055019445268212225e-04 1.050337838742904919e-04 1.040025692728695916e-04 1.036642748882586016e-04 1.030534405195033528e-04 1.026475724876259440e-04 1.023446956217051435e-04
1.605868793380383892e-04 1.418595867555753995e-04 1.359427314618466933e-04 1.342435463207428852e-04 1.327444066251850358e-04 1.321620419439919396e-04 1.309933044784617688e-04 1.305777657696388010e-04 1.298591339901671515e-04 1.293937120228035097e-04 1.290439209390567760e-04
2.009308318521093738e-04 1.775462037581982181e-04 1.707548563908553780e-04 1.687942524632361860e-04 1.670482478075309689e-04 1.663226761861156969e-04 1.650077640938907536e-04 1.644903701983158419e-04 1.636477541731219025e-04 1.631151891131652040e-04 1.627113155117949211e-04
2.510726068157930597e-04 2.223652508766074958e-04 2.145371811956019214e-04 2.122673914929711851e-04 2.102401752410799950e-04 2.093378812175631721e-04 2.078683345679561533e-04 2.072193489032896649e-04 2.062341486665855976e-04 2.056261778722554034e-04 2.051593718394035658e-04
3.134469573190146359e-04 2.786492818375999243e-04 2.695969625122449130e-04 2.669598677370675741e-04 2.646120757644251226e-04 2.634953617198299621e-04 2.618620228737673548e-04 2.610464261806751357e-04 2.598972607132626466e-04 2.592047626252898165e-04 2.586640707124954045e-04
3.911009663838210760e-04 3.493125064256611778e-04 3.388210315310264341e-04 3.357456796466566401e-04 3.330318337989984496e-04 3.316594487128175978e-04 3.298510393061413869e-04 3.288284896058935643e-04 3.274908764209628724e-04 3.267035004675514264e-04 3.260754464358306837e-04
4.878294899993801089e-04 4.379823105948836429e-04 4.258066624208695495e-04 4.222064470564209650e-04 4.190737541673725990e-04 4.174017405883118374e-04 4.154028711699526283e-04 4.141277433820506602e-04 4.125738649390296416e-04 4.116794243679206054e-04 4.109476171152461055e-04
6.083268648742680852e-04 5.491483823344499695e-04 5.350099501432065445e-04 5.307795472275286938e-04 5.271666984916994038e-04 5.251492998869397534e-04 5.229379373129537179e-04 5.213593857832519085e-04 5.195579709771809551e-04 5.185415694996820804e-04 5.176863563230278903e-04
7.583479662168749911e-04 6.883228164160734184e-04 6.719051488995585750e-04 6.669173808935861467e-04 6.627534844244058372e-04 6.603438938669075513e-04 6.578883821925702625e-04 6.559503576323730224e-04 6.538666872585043553e-04 6.527095877816113754e-04 6.517077635559590876e-04
9.448644894094645726e-04 8.621973988168504062e-04 8.431412920016289822e-04 8.372441627217294376e-04 8.324479502411465592e-04 8.295986592296391605e-04 8.268544680176810558e-04 8.244956226336741783e-04 8.220916429394643093e-04 8.207699360245578318e-04 8.195945131843577341e-04
1.176191932724303217e-03 1.078774040893918035e-03 1.056672251888208462e-03 1.049686464970103197e-03 1.044165900240499011e-03 1.040828441951777194e-03 1.037734896969790118e-03 1.034888334244871665e-03 1.032122837836121562e-03 1.030606024837810077e-03 1.029226068378698159e-03
1.462049215579112058e-03 1.347431100770880201e-03 1.321823258290982751e-03 1.313540594508165330e-03 1.307192984301757711e-03 1.303316967259557065e-03 1.299794297120221822e-03 1.296387170823579647e-03 1.293215987138148469e-03 1.291465652519366552e-03 1.289846191199166834e-03
1.813497248724672654e-03 1.678873131430763839e-03 1.649241793342845703e-03 1.639424776281589793e-03 1.632137461536322699e-03 1.627668951241068420e-03 1.623616053070129272e-03 1.619569095471638581e-03 1.615945233308271282e-03 1.613914035037002093e-03 1.612016075982669995e-03
