4.824373868777274473e-09 6.506715065607263608e-08 9.534434317261698884e-06 1.160046223604088640e-04 8.265304619401525957e-04 4.346413118488740880e-03 3.027122535463973307e-02 1.680347651792717667e-01 3.893988849564568588e-01 5.712105832478695522e-01 6.975072007864406842e-01
6.838453275960970362e-09 9.223192900746862913e-08 1.351499346352286570e-05 1.644325664978733782e-04 1.171163658569924744e-03 6.149208643550330838e-03 4.220457066228811005e-02 2.206599067013572113e-01 4.736223239462313828e-01 6.528028003987786931e-01 7.642722124764077529e-01
9.693381129515960116e-09 1.307380093949013932e-07 1.915743748421984039e-05 2.330748662075243262e-04 1.659214467260933072e-03 8.692606560775266791e-03 5.846935559281297295e-02 2.836399410519817033e-01 5.592861719004357246e-01 7.261638524601299327e-01 8.196725391647344816e-01
1.374020733028747871e-08 1.853206309809275779e-07 2.715560369309654337e-05 3.303657243104417014e-04 2.350068605211834503e-03 1.227363182727943085e-02 8.031871465603920845e-02 3.558451112878431299e-01 6.415054317272068651e-01 7.888612574696158841e-01 8.639270535919342242e-01
1.947654969439145078e-08 2.626922763954651009e-07 3.849298143217906630e-05 4.682542020818080265e-04 3.327392806241015119e-03 1.730125520095460515e-02 1.091209214065624461e-01 4.348008567811897374e-01 7.161255868198748153e-01 8.401569360594962621e-01 8.982390016336427863e-01
2.760779292242028708e-08 3.723684157104466208e-07 5.456358452790241871e-05 6.636641495488291654e-04 4.708744033336317164e-03 2.433157227624920330e-02 1.461910275415107541e-01 5.169145799577983258e-01 7.804648612736241331e-01 8.806474011227743981e-01 9.242550703020063763e-01
3.913384485192807123e-08 5.278381870772822089e-07 7.734319809345785077e-05 9.405551200822760824e-04 6.658656476745487482e-03 3.410725941801973776e-02 1.925259175759871932e-01 5.980430585981900693e-01 8.335128717637411144e-01 9.117212288226547168e-01 9.436711860887839753e-01
5.547212592733589142e-08 7.482241567596880219e-07 1.096319100839479078e-04 1.332825748142393895e-03 9.406134626632348464e-03 4.759482040554252613e-02 2.484797699522096615e-01 6.742336352408495603e-01 8.756503059413904833e-01 9.350677281859034462e-01 9.580107510217897859e-01
7.863192970072504502e-08 1.060635561414009579e-06 1.553974187319324182e-04 1.888391721557426553e-03 1.326738255231093080e-02 6.600560474812749989e-02 3.134717002767621330e-01 7.423956198718393296e-01 9.081387360406663056e-01 9.523426737352037597e-01 9.685361186149868962e-01
1.114616205563588812e-07 1.503504890664433860e-06 2.202605957660488890e-04 2.674888331677255371e-03 1.867405729997407074e-02 9.077570483546087976e-02 3.858439824262054341e-01 8.006973605816379846e-01 9.326214022178537233e-01 9.649933051683940999e-01 9.762407463474326308e-01
1.579991117927571305e-07 2.131318836530460275e-06 3.121814108502694125e-04 3.787593260748940358e-03 2.620590770366402686e-02 1.234684170428660410e-01 4.629537510879307982e-01 8.486098187187338659e-01 9.507628753367044494e-01 9.741984653666613259e-01 9.818803017670206801e-01
2.239688033450367125e-07 3.021326396322885802e-06 4.424261208055042674e-04 5.360329467854334749e-03 3.662369529842589289e-02 1.655598136393209574e-01 5.414961232790136414e-01 8.866594392960862603e-01 9.640475537936337158e-01 9.808750170392468437e-01 9.860167185921401289e-01
3.174862316759595085e-07 4.283050270391944950e-06 6.269273630973952460e-04 7.580258722837106451e-03 5.089307413303889582e-02 2.180890177297228061e-01 6.179771275571765976e-01 9.160396619991458822e-01 9.737006841362406684e-01 9.857142317212030935e-01 9.890617148006701775e-01
4.500573373573206068e-07 6.071772203591656012e-06 8.881891604071392348e-04 1.070753477416218520e-02 7.018245856144479655e-02 2.812147428067397481e-01 6.892203261109913770e-01 9.382305340277473649e-01 9.806838123428929244e-01 9.892264341823973073e-01 9.913141464972872186e-01
6.379956775185643274e-07 8.607649985381795785e-06 1.257939689518623207e-03 1.510058507272873420e-02 9.580960290116534439e-02 3.538097992664879787e-01 7.527941821471688666e-01 9.547159033375166581e-01 9.857262574708648417e-01 9.917830861754337590e-01 9.929897836551518919e-01
9.044326371152056822e-07 1.220281106159971846e-05 1.780794291073697954e-03 2.124701738125180442e-02 1.291083355763868457e-01 4.332924739695795391e-01 8.072681851011633825e-01 9.668193018347572831e-01 9.893684664979309762e-01 9.936521065564030142e-01 9.942440223609665395e-01
1.282169180735430628e-06 1.729973451550769004e-05 2.519251940944925404e-03 2.979827519185995408e-02 1.711986793557610520e-01 5.158609251059086409e-01 8.522474296604862776e-01 9.756368112604181242e-01 9.920046223320801992e-01 9.950256672080282083e-01 9.951887348621361040e-01
1.817722124781305708e-06 2.452558746634500618e-05 3.560390398705002256e-03 4.160244685928729536e-02 2.226793261943383062e-01 5.971370684577116394e-01 8.882025718590561558e-01 9.820319288684197234e-01 9.939191957573938474e-01 9.960412205827277043e-01 9.959045487733440005e-01
2.577066377316997177e-06 3.476906758546664079e-05 5.024605929311088716e-03 5.772332797940173815e-02 2.833152845884990279e-01 6.730193403427729981e-01 9.161778865397480764e-01 9.866619280857604757e-01 9.953160977581847479e-01 9.967970062730817649e-01 9.964496931121417100e-01
3.653785693121856433e-06 4.928890702047965152e-05 7.076582342920049659e-03 7.942500065937783960e-02 3.518347616186875970e-01 7.404290568615593537e-01 9.374838428149090408e-01 9.900153484001933402e-01 9.963409262525212418e-01 9.973632949830915084e-01 9.968663256863720123e-01
5.180644647864003956e-06 6.986674691130896392e-05 9.938235954543747988e-03 1.080923684171178900e-01 4.259384675282593680e-01 7.976958589948708322e-01 9.534532707659160167e-01 9.924494342656952073e-01 9.970974669254226708e-01 9.977904512681605720e-01 9.971850403144167929e-01
7.346021178554304300e-06 9.902186778292937635e-05 1.390247446498349589e-02 1.450565084787996395e-01 5.025539757793386908e-01 8.445184109988360666e-01 9.652905724485083550e-01 9.942225818337824261e-01 9.976597027785819582e-01 9.981146737190895735e-01 9.974280708936653639e-01
1.041724495880535618e-05 1.403115454021770672e-04 1.934502409029700484e-02 1.913114559393160052e-01 5.782782699149510153e-01 8.816237411017019410e-01 9.740042235340505838e-01 9.955203954336776517e-01 9.980804443664621495e-01 9.983620639406473041e-01 9.976115673789281990e-01
1.477374602832534895e-05 1.987488337392540158e-04 2.672927313840381749e-02 2.471559433868953104e-01 6.498926448345037077e-01 9.103247520511942303e-01 9.803961059087988872e-01 9.964756662107263629e-01 9.983974793940755266e-01 9.985515043862285278e-01 9.977472121780955883e-01
2.095413303402792585e-05 2.813794302731348882e-04 3.659652564615883952e-02 3.118608062300848860e-01 7.148204553361591218e-01 9.321348205903289275e-01 9.850815289966482480e-01 9.971832403830963587e-01 9.986379311501882849e-01 9.986966922209232767e-01 9.978433675307593065e-01
2.972303135436954002e-05 3.980706516789194751e-04 4.953274849250770967e-02 3.835101755641699417e-01 7.714196349287146814e-01 9.485094885450768842e-01 9.885212399948014594e-01 9.977108672652302834e-01 9.988213378900927530e-01 9.988075770990849644e-01 9.979058883850989714e-01
4.216590601786330010e-05 5.625774210188213458e-04 6.610548323721554542e-02 4.591396301680474301e-01 8.190527515152350446e-01 9.607132016734803992e-01 9.910546142671804448e-01 9.981070098183522088e-01 9.989618255235358513e-01 9.988913783347731501e-01 9.979386954569303692e-01
5.982341695338368442e-05 7.939602974453216500e-04 8.677363900894440041e-02 5.351835539963996080e-01 8.579498606282597306e-01 9.697761293072546529e-01 9.929289735967569142e-01 9.984064191776255148e-01 9.990696404579293421e-01 9.989533049841391454e-01 9.979441751194021437e-01
8.488140948093185804e-05 1.118434806413091650e-03 1.117875703667563642e-01 6.081031930340504710e-01 8.889439920972426190e-01 9.765028395823461826e-01 9.943234026332311570e-01 9.986340912862193830e-01 9.991522319464315460e-01 9.989970654848552289e-01 9.979234532453283846e-01
1.204387878770091052e-04 1.571722747589492921e-03 1.411098851517519348e-01 6.749842441421202155e-01 9.131812415726717758e-01 9.815042720985677205e-01 9.953671533090691081e-01 9.988080662480968153e-01 9.992150173901435117e-01 9.990252275370389290e-01 9.978765767477574267e-01
1.708836297031665467e-04 2.201944336456184911e-03 1.743876281709798581e-01 7.339171502232977318e-01 9.318824209522121871e-01 9.852358246218418936e-01 9.961534242699378039e-01 9.989414060022248076e-01 9.992619242220054376e-01 9.990394707516452311e-01 9.978026276948425144e-01
2.424182891006483370e-04 3.073020721742807104e-03 2.109888851013100863e-01 7.840823420085443196e-01 9.461877583704754180e-01 9.880329787819958076e-01 9.967494679717134876e-01 9.990435911628335885e-01 9.992957738734852269e-01 9.990407619817164298e-01 9.976997893947237017e-01
3.437870134962646190e-04 4.268432616468557581e-03 2.500906913465372750e-01 8.255866516829087898e-01 9.570793400453685429e-01 9.901411586590861402e-01 9.972039061028041829e-01 9.991215080903582679e-01 9.993185535747984849e-01 9.990294745921461939e-01 9.975653809921382065e-01
4.872743947750028865e-04 5.894986654810544825e-03 2.907874336315081076e-01 8.591699185048593534e-01 9.653590556813855805e-01 9.917392704937787462e-01 9.975519800589602859e-01 9.991801468452173873e-01 9.993316079283522946e-01 9.990054671051907809e-01 9.973958763134646022e-01
6.900585501307007720e-04 8.085970761497300596e-03 3.321889504758396283e-01 8.859014943540608478e-01 9.716585396444185063e-01 9.929575827463036353e-01 9.978193005748238198e-01 9.992230947279900910e-01 9.993357725726144114e-01 9.989681329227378948e-01 9.971869233581883707e-01
9.760165783247162557e-04 1.100275290472492278e-02 3.734904032407989072e-01 9.069408541164426518e-01 9.764634537404215386e-01 9.938909917013126760e-01 9.980245185510713268e-01 9.992528847091279864e-01 9.993314655846291528e-01 9.989164306514999314e-01 9.969333821498419512e-01
1.378086665683559212e-03 1.483356100646981285e-02 4.140106430423938777e-01 9.233849089291195078e-01 9.801413339564226668e-01 9.946087172314994618e-01 9.981812255100482867e-01 9.992712402304573249e-01 9.993187476978230288e-01 9.988489035622885037e-01 9.966293993512533866e-01
1.941283344552238548e-03 1.978801054452530503e-02 4.532049920699123824e-01 9.361911200471989547e-01 9.829675258322976283e-01 9.951613229864135768e-01 9.982993056559085199e-01 9.992792454445549311e-01 9.992973593576045532e-01 9.987636965570203529e-01 9.962685362284201540e-01
2.726428445314050750e-03 2.608612395094268496e-02 4.906611955951801773e-01 9.461531175786150882e-01 9.851470523993284267e-01 9.955857701152085459e-01 9.983858976888861925e-01 9.992774613953309126e-01 9.992667407190991558e-01 9.986585792876738754e-01 9.958439598584439834e-01
3.814585630812482222e-03 3.394133155323982021e-02 5.260862358806088768e-01 9.539065250263610851e-01 9.868320372077276081e-01 9.959090425715860784e-01 9.984460783192615763e-01 9.992660028538782324e-01 9.992260396663290578e-01 9.985309841861880198e-01 9.953486938150216679e-01
5.312055316139292251e-03 4.353835972997044390e-02 5.592893299702118570e-01 9.599488070196908751e-01 9.881351107757604391e-01 9.961507412500695269e-01 9.984833464190525643e-01 9.992445867749437660e-01 9.991741126428431707e-01 9.983780672968920467e-01 9.947759035492645951e-01
7.355587411301069828e-03 5.500879386304222823e-02 5.901642462049061510e-01 9.646632883185465301e-01 9.891394997516947951e-01 9.963249351354855898e-01 9.984999633994298129e-01 9.992125611430587862e-01 9.991095234007768555e-01 9.981967969355955983e-01 9.941191665950072087e-01
1.011720273352811894e-02 6.840881994979571001e-02 6.186725501616575640e-01 9.683422120190288140e-01 9.899065103351595285e-01 9.964414761649922347e-01 9.984971890362033253e-01 9.991689219993848958e-01 9.990305455254480105e-01 9.979840694062929174e-01 9.933726567820992948e-01
1.380770669566726977e-02 8.370428686539446717e-02 6.448284876917408370e-01 9.712066580250505732e-01 9.904810247525909217e-01 9.965069250633824538e-01 9.984754406436522345e-01 9.991123264063200837e-01 9.989351754685720230e-01 9.977368420421438566e-01 9.925311667717000574e-01
1.867769580291901016e-02 1.007670976847775540e-01 6.686857344698433625e-01 9.734227615618351592e-01 9.908955088802233746e-01 9.965251928496382527e-01 9.984343958551549214e-01 9.990411096910934985e-01 9.988211632891450531e-01 9.974522629144848551e-01 9.915899150611160451e-01
2.501470597786499203e-02 1.193841532498511049e-01 6.903260088775996506e-01 9.751144444417206847e-01 9.911729146900962739e-01 9.964979728300865647e-01 9.983730543789519629e-01 9.989533160052967986e-01 9.986860675415160093e-01 9.971277668609230815e-01 9.905441338043742272e-01
3.313526481649928940e-02 1.392767203231474182e-01 7.098494400320101150e-01 9.763731687763339551e-01 9.913287654115630065e-01 9.964250175541770060e-01 9.982897713380111115e-01 9.988467512361349776e-01 9.985273377565498931e-01 9.967611037308872213e-01 9.893884993655230886e-01
4.337109700419059660e-02 1.601256461076354387e-01 7.273665395634095754e-01 9.772652793638428870e-01 9.913726363450181545e-01 9.963043022199326026e-01 9.981822737385276367e-01 9.987190654664501732e-01 9.983424218724221699e-01 9.963502712578163889e-01 9.881165228749332341e-01
5.604960226229516868e-02 1.815972086006724939e-01 7.429916116070360843e-01 9.778374516811956241e-01 9.913091882495963514e-01 9.961321089374122195e-01 9.980476718554687210e-01 9.985678672326119276e-01 9.981288867224391570e-01 9.958933428341232297e-01 9.867200366312206539e-01
7.146981667096660717e-02 2.033654581022723840e-01 7.568374352044083819e-01 9.781206778511225552e-01 9.911388701148202696e-01 9.959030641646623438e-01 9.978824783746076399e-01 9.983908629508984056e-01 9.978845288111664047e-01 9.953882055242487814e-01 9.851888818159905137e-01
8.987604546726740695e-02 2.251288035096258022e-01 7.690110599333851438e-01 9.781331369901753447e-01 9.908583809925823882e-01 9.956101637951636496e-01 9.976826491856957135e-01 9.981860026598046165e-01 9.976074436824668989e-01 9.948322472230479718e-01 9.835108344201132224e-01
1.114318206231180025e-01 2.466204006628744672e-01 7.796105658141938566e-01 9.778822234088216936e-01 9.904609640056205588e-01 9.952448258201701536e-01 9.974436595177256226e-01 9.979516005870614492e-01 9.972960201779179634e-01 9.942220445914606852e-01 9.816717281190893152e-01
1.361965354280126050e-01 2.676130962101901378e-01 7.887226511305925891e-01 9.773659511766208396e-01 9.899365977225935698e-01 9.947970173519662396e-01 9.971606259190841648e-01 9.976863913279707674e-01 9.969488350133786092e-01 9.935531000743390573e-01 9.796556762421403386e-01
1.641061251224188167e-01 2.879202148284566998e-01 7.964209270819346820e-01 9.765739173200266299e-01 9.892721489657841927e-01 9.942555075709117451e-01 9.968284765807009506e-01 9.973894856432838907e-01 9.965644437766228991e-01 9.928196586095132670e-01 9.774452787461926917e-01
1.949579782382984405e-01 3.073935432954827407e-01 8.027648177127747475e-01 9.754879873504970211e-01 9.884515544583761804e-01 9.936082951072253699e-01 9.964421586349967441e-01 9.970602073651623209e-01 9.961410913097523689e-01 9.920146100769665631e-01 9.750217246420791462e-01
2.283996279519774075e-01 3.259196895649730252e-01 8.077989896583294138e-01 9.740828637998196760e-01 9.874561028775838967e-01 9.928432397522759523e-01 9.959968524526334743e-01 9.966978218914309684e-01 9.956763875901647465e-01 9.911294614678636261e-01 9.723647513807102127e-01
2.639214398412976226e-01 3.434157384581824624e-01 8.115532712356604561e-01 9.723267072072955264e-01 9.862648881207439766e-01 9.919488866262375915e-01 9.954881441393699237e-01 9.963011978704087168e-01 9.951670049384924166e-01 9.901543500657126184e-01 9.694524799802807236e-01
3.008558815867333203e-01 3.598248699738803569e-01 8.140430658228465788e-01 9.701819926825089313e-01 9.848554908738967884e-01 9.909154034742089223e-01 9.949120963721241884e-01 9.958684645514123135e-01 9.946084446037275484e-01 9.890780676799639792e-01 9.662611900250078767e-01
3.383895903877915945e-01 3.751123828902201418e-01 8.152703199268331868e-01 9.676067917551335329e-01 9.832049098537350984e-01 9.897354681377178443e-01 9.942651633971716363e-01 9.953967287218495885e-01 9.939948994517519010e-01 9.878880736603535828e-01 9.627651213261868568e-01
3.755974577548544802e-01 3.892623824144770261e-01 8.152251680771636089e-01 9.645566500630352591e-01 9.812907001971247212e-01 9.884048702703863709e-01 9.935439236311254252e-01 9.948818961067740219e-01 9.933192139554551936e-01 9.865704861128957726e-01 9.589363872018524804e-01
4.115068118320577284e-01 4.022752441149217151e-01 8.138884354993322079e-01 9.609871622479245756e-01 9.790921876945526403e-01 9.869225697739320013e-01 9.927446490857555483e-01 9.943186101377926578e-01 9.925729222036570043e-01 9.851100515435691207e-01 9.547450635882984704e-01
4.451909772978876467e-01 4.141658522005473575e-01 8.112352184964292112e-01 9.568572030750842616e-01 9.765915337215425041e-01 9.852900215381737992e-01 9.918627803537912735e-01 9.937002883433833089e-01 9.917463340103055414e-01 9.834900999599318627e-01 9.501594879260228943e-01
4.758757918446948065e-01 4.249625223758152770e-01 8.072397555284264170e-01 9.521325513868142965e-01 9.737743649333374663e-01 9.835097387995322959e-01 9.908924088182738954e-01 9.930192144062737203e-01 9.908286379652291309e-01 9.816924945004164016e-01 9.451467711822081341e-01
5.030287628137606326e-01 4.347064520460748316e-01 8.018817156570410276e-01 9.467893722786303590e-01 9.706297000465853309e-01 9.815832834168934928e-01 9.898258680300969781e-01 9.922666378648391516e-01 9.898079949025743174e-01 9.796975830995677814e-01 9.396735018229868119e-01
5.264009551041628487e-01 4.434514888692591139e-01 7.951538326582643368e-01 9.408167895539052417e-01 9.671490328700532713e-01 9.795090585919975501e-01 9.886535016826951683e-01 9.914328426034356712e-01 9.886716020515142755e-01 9.774841566739036480e-01 9.337066047641605637e-01
5.460101652530126026e-01 4.512639703203053521e-01 7.870704879997107994e-01 9.342177184739405282e-01 9.633246514342896916e-01 9.772803569791689293e-01 9.873636200820247177e-01 9.905071638862906758e-01 9.874057148924718641e-01 9.750294159497542301e-01 9.272143112728775671e-01
5.620786756057818412e-01 4.582223634106828425e-01 7.776764216052735046e-01 9.270073638656066706e-01 9.591475183287746509e-01 9.748840510771868972e-01 9.859426027384654567e-01 9.894779540196025902e-01 9.859956200017880867e-01 9.723089487642324613e-01 9.201671960085001656e-01
5.749530891765801677e-01 4.644164303996619614e-01 7.670543168870026518e-01 9.192093479256108202e-01 9.546052070410016022e-01 9.723001351828282068e-01 9.843750708812918360e-01 9.883325119191287422e-01 9.844255583573701118e-01 9.692967218844300570e-01 9.125392429372499725e-01
5.850314241622784905e-01 4.699456721179601226e-01 7.553297196405199809e-01 9.108501717253966179e-01 9.496804032781103189e-01 9.695021141398920683e-01 9.826440484767153816e-01 9.870569978536821720e-01 9.826786050307492193e-01 9.659650956470769989e-01 9.043089105729267274e-01
5.927107571818465148e-01 4.749168655164980879e-01 7.426717851661260861e-01 9.019533419504339733e-01 9.443503262781831609e-01 9.664580588102987813e-01 9.807310502012768216e-01 9.856363510643970649e-01 9.807365175509720201e-01 9.622848749702560545e-01 8.954601764527455598e-01
5.983571087976982117e-01 4.794406234789326260e-01 7.292888240719762605e-01 8.925347099476789170e-01 9.385871669607434020e-01 9.631320540044243650e-01 9.786160691864165262e-01 9.840542179420093127e-01 9.785795704630702030e-01 9.582254152420709437e-01 8.859835483633381470e-01
6.022928209569422542e-01 4.836270614249781885e-01 7.154185137682684825e-01 8.826002478563398368e-01 9.323593824317154555e-01 9.594857546111240643e-01 9.762774741437888482e-01 9.822928872287960411e-01 9.761863965204169435e-01 9.537548050175155279e-01 8.758770333202893221e-01
6.047950713290288771e-01 4.875808411284561217e-01 7.013137621118974430e-01 8.721467603461677820e-01 9.256335208133439352e-01 9.554798172693971248e-01 9.736918550465304412e-01 9.803332215618426604e-01 9.735338548450999108e-01 9.488401483901091060e-01 8.651470533682811270e-01
6.061001699922556885e-01 4.913960448237696954e-01 6.872262265690156635e-01 8.611652136254154266e-01 9.183762149490015680e-01 9.510750580008262567e-01 9.708338732534508297e-01 9.781545747928434009e-01 9.705969435132016931e-01 9.434479678124674251e-01 8.538092899820969306e-01
6.064100232018037051e-01 4.951514661052383581e-01 6.733900747853419633e-01 8.496457661530271155e-01 9.105560598613684498e-01 9.462332751349729065e-01 9.676761742653104958e-01 9.757346919196365764e-01 9.673487695851535895e-01 9.375447430464080023e-01 8.418894276501674989e-01
6.058986943552171489e-01 4.989069409596524340e-01 6.600085184616849565e-01 8.375833653026646397e-01 9.021452242738655647e-01 9.409177547322418178e-01 9.641894109286925918e-01 9.730496002488312479e-01 9.637605853561228564e-01 9.310975944813731919e-01 8.294237545189576677e-01
6.047180788173367461e-01 5.027012516200847214e-01 6.472449736728256298e-01 8.249829036277569472e-01 8.931207831269306618e-01 9.350935340470351020e-01 9.603424058144791609e-01 9.700735122177248648e-01 9.598018971814537004e-01 9.240751104435436236e-01 8.164595665950565850e-01
6.030023749227098051e-01 5.065519201480063183e-01 6.352196173775533916e-01 8.118632634160506401e-01 8.834658535073436347e-01 9.287275350734143231e-01 9.561024588431283888e-01 9.667787681654083087e-01 9.554406535439083914e-01 9.164483097026525638e-01 8.030553146913302909e-01
6.008713960941922672e-01 5.104569097758760998e-01 6.240109607137614978e-01 7.982599543333623870e-01 8.731706526519089628e-01 9.217886960622934112e-01 9.514357854302580852e-01 9.631358490995755028e-01 9.506435219165384476e-01 9.081917232985325938e-01 7.892804323521698251e-01
5.984329355122581795e-01 5.143979419811123277e-01 6.136611705969094999e-01 7.842263471186484702e-01 8.622335784027100880e-01 9.142482263581136470e-01 9.463080563342397555e-01 9.591134853383447290e-01 9.453762682706001730e-01 8.992845745444928429e-01 7.752147899192071145e-01
5.957844406559231754e-01 5.183448939993907656e-01 6.041834402397947557e-01 7.698336751960149771e-01 8.506623593991847754e-01 9.060800910728934454e-01 9.406850064256584432e-01 9.546788789699172106e-01 9.396042570248517301e-01 8.897120323095123462e-01 7.609477351772991893e-01
5.930142298190449468e-01 5.222606216121891132e-01 5.955697573455404070e-01 7.551700231317538536e-01 8.384752585737509367e-01 8.972617992695508526e-01 9.345330869624844938e-01 9.497980495801883194e-01 9.332930911271551944e-01 8.794665094757743162e-01 7.465767038832799019e-01
5.902024196471267192e-01 5.261055724224971142e-01 5.877978178502744067e-01 7.403384889922155487e-01 8.257022585425896066e-01 8.877755261487244587e-01 9.278201531339813624e-01 9.444363068807150041e-01 9.264094107902260955e-01 8.685489746126509036e-01 7.322054119023199137e-01
5.874216557504032821e-01 5.298416911764036730e-01 5.808363855779125062e-01 7.254546494952416325e-01 8.123861211075161792e-01 8.776095520552159579e-01 9.205162015726380265e-01 9.385588531179727134e-01 9.189218652445659830e-01 8.569702394871482332e-01 7.179416716335782489e-01
5.847376654107241389e-01 5.334353197110257572e-01 5.746489213090046899e-01 7.106434141771926782e-01 7.985831964199713306e-01 8.667599561898482463e-01 9.125941955447455234e-01 9.321315234737374000e-01 9.108022658599905785e-01 8.447521778498382483e-01 7.038949053787549870e-01
5.822095954117733063e-01 5.368590026666126835e-01 5.691956840716488886e-01 6.960353479550795974e-01 7.843638569872154465e-01 8.552324674257119064e-01 9.040310327682736791e-01 9.251216834908843056e-01 9.020269228412592932e-01 8.319288226745922277e-01 6.901734538926808105e-01
5.798900680789284001e-01 5.400922813458722826e-01 5.644347076835182220e-01 6.817625696045462869e-01 7.698124438802863567e-01 8.430443526230253504e-01 8.948087176858046110e-01 9.174993166910033748e-01 8.925781628627907915e-01 8.185472809800371508e-01 6.768817967915442546e-01
5.778248903213539789e-01 5.431216685962814150e-01 5.603221006931953241e-01 6.679543822926151675e-01 7.550266348565257690e-01 8.302262144894546614e-01 8.849157939655409866e-01 9.092383492632584163e-01 8.824460215726266377e-01 8.046683987581225717e-01 6.641178109557118736e-01
5.760523863914313036e-01 5.459400449066035277e-01 5.568120599870537424e-01 6.547328424020409932e-01 7.401161747266313817e-01 8.168235726711804423e-01 8.743490731199881072e-01 9.003182667331475209e-01 8.716301006267783702e-01 7.903671037433090962e-01 6.519701927438200650e-01
5.746023937942602577e-01 5.485457121741448283e-01 5.538568813639938027e-01 6.422085077551888954e-01 7.252009440943694152e-01 8.028981068578930902e-01 8.631156609628963805e-01 8.907260730034295415e-01 8.601415686602806865e-01 7.757323497337612617e-01 6.405161599456126176e-01
5.734950550612345488e-01 5.509413053141711814e-01 5.514071353757608041e-01 6.304766150840376282e-01 7.104083790011479493e-01 7.885284415969072702e-01 8.512352338242419325e-01 8.804586168158194948e-01 8.480052616654497610e-01 7.608665807972612161e-01 6.298195312328656037e-01
5.727396371553535870e-01 5.531327111831799703e-01 5.494120779101845375e-01 6.196139154797464244e-01 6.958702866935282394e-01 7.738103430526769300e-01 8.387424486333443507e-01 8.695252558865701475e-01 8.352617923034708625e-01 7.458846253164368445e-01 6.199292569123627805e-01
5.723336843470006041e-01 5.551280929665731723e-01 5.478202923189278151e-01 6.096763492934910156e-01 6.817191305131330425e-01 7.588561769451342975e-01 8.256892839688112495e-01 8.579507385971826272e-01 8.219695046663173521e-01 7.309119200096446667e-01 6.108784487248019035e-01
5.722628224824384269e-01 5.569370743613979435e-01 5.465805138935138086e-01 6.006976785286186615e-01 6.680838838695882798e-01 7.437934521230733509e-01 8.121470078093090406e-01 8.457780586502511300e-01 8.082060148067191641e-01 7.160819604783437153e-01 6.026839326469487501e-01
5.725014548267868264e-01 5.585701045606215054e-01 5.456425637981149324e-01 5.926891281827106894e-01 6.550855882335918645e-01 7.287622647974331125e-01 7.982073689522759530e-01 8.330708951580363397e-01 7.940689765694315394e-01 7.015328924492688634e-01 5.953463309711178875e-01
5.730144236544907344e-01 5.600380016257534566e-01 5.449583121125856078e-01 5.856400293152194125e-01 6.428328024473909386e-01 7.139114927366524421e-01 7.839825456368292311e-01 8.199151240030748689e-01 7.796756427577867798e-01 6.874032160481896581e-01 5.888506697892296193e-01
5.737594997524682050e-01 5.613516559939313311e-01 5.444825926383251025e-01 5.795194101110917595e-01 6.314172029785152240e-01 6.993936950978167921e-01 7.696034016853569026e-01 8.064188283572413241e-01 7.651608013769680694e-01 6.738266894241895510e-01 5.831675027669200873e-01
5.746903754299285128e-01 5.625218652094278182e-01 5.441740011572541169e-01 5.742784426779278251e-01 6.209096753412993719e-01 6.853588644976644773e-01 7.552157398056174031e-01 7.927103038274881941e-01 7.506727995820527966e-01 6.609266864981572231e-01 5.782545348621223047e-01
5.757597422791291830e-01 5.635592641489034493e-01 5.439955213656179067e-01 5.698536133061201658e-01 6.113572970870597700e-01 6.719474330187350519e-01 7.409745194128984913e-01 7.789337831823154312e-01 7.363676395817629894e-01 6.488104577525601879e-01 5.740587116315291061e-01
5.769220594318127393e-01 5.644743120299221539e-01 5.439149379579969468e-01 5.661704350842032829e-01 6.027816136680569370e-01 6.592831925294927453e-01 7.270363885753450273e-01 7.652429843188169878e-01 7.224015056500271426e-01 6.375639060102651356e-01 5.705187050639471957e-01
