5.413937831329691129e-06 4.291452518290760234e-05 1.824896417403212097e-04 4.291396293183440580e-04 7.769028368345798179e-04 1.369898511332586768e-03 2.684518526966003273e-03 6.206231933958149954e-03 1.300513726447972279e-02 2.590208616261346908e-02 5.445569879797326762e-02
6.230675967423379333e-06 5.415157363966836303e-05 2.302690056790896724e-04 5.415334056409834432e-04 9.804132208899012796e-04 1.728662152588338616e-03 3.385664443557831124e-03 7.805720945024146977e-03 1.624923957528838503e-02 3.194615530129626263e-02 6.555384432613793610e-02
7.563235331961492732e-06 6.833109436141708386e-05 2.905546827225787172e-04 6.833611105576852451e-04 1.237201619805100529e-03 2.181149360117986494e-03 4.267999228360900253e-03 9.802279932667003204e-03 2.023482721935612044e-02 3.917991568813415648e-02 7.829267228558675629e-02
9.395078847319314564e-06 8.622335591793301552e-05 3.666174486780105065e-04 8.623225800956831879e-04 1.561161644639106781e-03 2.751571988771174277e-03 5.376692200612960028e-03 1.228461093021138324e-02 2.509640994517592025e-02 4.774917740738454652e-02 9.273374900654568487e-02
1.178152721734597032e-05 1.088001991612038067e-04 4.625810835550635248e-04 1.088120802214990546e-03 1.969750551498206624e-03 3.470148755291722984e-03 6.766990784961466124e-03 1.535583690794136737e-02 3.097803904586234058e-02 5.778907777334441054e-02 1.088981414018791449e-01
1.483032779945844542e-05 1.372876515100249543e-04 5.836427122687978634e-04 1.372971592599323736e-03 2.484850443744921270e-03 4.374406549877995522e-03 8.505752632137146552e-03 1.913335864767570435e-02 3.802853317166696862e-02 6.941545205560215037e-02 1.267616513901046738e-01
1.869635901732934265e-05 1.732321910560699423e-04 7.363482644508053884e-04 1.732232870833796783e-03 3.133797561633506427e-03 5.510640151052865338e-03 1.067283221977371847e-02 2.374757993851543680e-02 4.639509148320391380e-02 8.271617550292391374e-02 1.462525592984063871e-01
2.358452300810459472e-05 2.185841118041856670e-04 9.289354040787775818e-04 2.185173846382349079e-03 3.950585867895393954e-03 6.935475978290121628e-03 1.336210934030519423e-02 2.933922561067722409e-02 5.621556243309214218e-02 9.774327713708592935e-02 1.672520978146337656e-01
2.975817210691649578e-05 2.758022492666338229e-04 1.171757986943868261e-03 2.755902445090231342e-03 4.977233598780809835e-03 8.717438841414815523e-03 1.668189094921224483e-02 3.605507641413149833e-02 6.760987123108727626e-02 1.145065971396319188e-01 1.895976077362798717e-01
3.755213571539651058e-05 3.479852685208952804e-04 1.477807293004984894e-03 3.474463091016933691e-03 6.265273627062521722e-03 1.093836243352382630e-02 2.075438225761496933e-02 4.404210855582407769e-02 8.067129956188927309e-02 1.329696200446965071e-01 2.130880849073481798e-01
4.739037481533842620e-05 4.390357784564038308e-04 1.863345341983874137e-03 4.378104339591703566e-03 7.877288789463563617e-03 1.369442028060027967e-02 2.571392609695377640e-02 5.344023765816355298e-02 9.545841318918617258e-02 1.530478937076039936e-01 2.374916408192168371e-01
5.980890182374736641e-05 5.538646650769776976e-04 2.348663641859078440e-03 5.512694439626694698e-03 9.888362150222080801e-03 1.709649526808153588e-02 3.170376828335030178e-02 6.437409358223965261e-02 1.119884210001937941e-01 1.746101814430217058e-01 2.625542794731996477e-01
7.548507480993073802e-05 6.986441255020440881e-04 2.958975547860800102e-03 6.934230597156358644e-03 1.238725330783318687e-02 2.126956949713480760e-02 3.887122986091906540e-02 7.694444965444385831e-02 1.302326236603558451e-01 1.974822350977349650e-01 2.880093407858511645e-01
9.527482072501520778e-05 8.811187394866419132e-04 3.725440593658996095e-03 8.710343683215673871e-03 1.547705382440870553e-02 2.635082208347615598e-02 4.736134939625395723e-02 9.122005383643817800e-02 1.501143973933095899e-01 2.214528540101653176e-01 3.135869694412811159e-01
1.202598276817991985e-04 1.110984224831595805e-03 4.686303233920962631e-03 1.092164607926297826e-02 1.927503133669406302e-02 3.248618871196418123e-02 5.730927711487751597e-02 1.072306306649040142e-01 1.715099000028581511e-01 2.462817286787706839e-01 3.390230276139549193e-01
1.518073125279249857e-04 1.400342824291773893e-03 5.888105315125900449e-03 1.366271196796140126e-02 2.391136039653971729e-02 3.982527228697384930e-02 6.883191959778975355e-02 1.249617347422234681e-01 1.942514258743551769e-01 2.717084654400285793e-01 3.640669689826878663e-01
1.916456430086547569e-04 1.764241933733436650e-03 7.386901165175737208e-03 1.704242729680301160e-02 2.952647622048290219e-02 4.851469165657881083e-02 8.201950437043080411e-02 1.443519568491075100e-01 2.181331093024439227e-01 2.974621477008743686e-01 3.884883177924460251e-01
2.419598850130843886e-04 2.221297823534689343e-03 9.249368119091232535e-03 2.118341621634242666e-02 3.626688718652303078e-02 5.869018828790493331e-02 9.692781938354556870e-02 1.652927474986918832e-01 2.429185020906336201e-01 3.232708039812491885e-01 4.120815376713067857e-01
3.055122446496200865e-04 2.794398279003949739e-03 1.155366772373643026e-02 2.622025973649942665e-02 4.427944268312012516e-02 7.046803575509723305e-02 1.135718623139322092e-01 1.876308710419724579e-01 2.683494397850955671e-01 3.488702150666240787e-01 4.346692175631326482e-01
3.857933373557939053e-04 3.511465952334441847e-03 1.438988075615308185e-02 3.229628597271604062e-02 5.370425758060337618e-02 8.393646512026280149e-02 1.319215119886550103e-01 2.111732722570846821e-01 2.941555600352622757e-01 3.740115926966666171e-01 4.561036343317654285e-01
4.872111426234048749e-04 4.406247844482498975e-03 1.785982184031007988e-02 3.955883619307105914e-02 6.466670966070450777e-02 9.914789104443509637e-02 1.518996340955186819e-01 2.356939510105806046e-01 3.200638408893946574e-01 3.984677897560552906e-01 4.762668632069566588e-01
6.153252151803019704e-04 5.519076094330012047e-03 2.207604681246750841e-02 4.815308878221383898e-02 7.726910896803868001e-02 1.161126811624669103e-01 1.733827934993114883e-01 2.609423106821527338e-01 3.458075791302234747e-01 4.220378446097234892e-01 4.950696913746472916e-01
7.771339405126226991e-04 6.897522873288168023e-03 2.715990588639399100e-02 5.821472909730784906e-02 9.158274797824499103e-02 1.347950645921938417e-01 1.962045048659745161e-01 2.866523745309621507e-01 3.711343208142232064e-01 4.445498067475890380e-01 5.124496436537206989e-01
9.814219456306015003e-04 8.596850999663339585e-03 3.323857047229508699e-02 6.986194868955176995e-02 1.076410535397551854e-01 1.551115566093874965e-01 2.201607425911555060e-01 3.125522475137483824e-01 3.958123782558957138e-01 4.658619243742349592e-01 5.283684531748593649e-01
1.239172698517991469e-03 1.068014687600013675e-02 4.044106548742271157e-02 8.318740089306941865e-02 1.254344734041349385e-01 1.769320280866231998e-01 2.450172685453003152e-01 3.383732333467560083e-01 4.196357080919263516e-01 4.858623862331182819e-01 5.428093082161653538e-01
1.564047292177164240e-03 1.321801962258877319e-02 4.889345780905971633e-02 9.825079930969833619e-02 1.449075618721743230e-01 2.000833098621868089e-01 2.705182288266481105e-01 3.638580907714480950e-01 4.424270705318921193e-01 5.044678926323971080e-01 5.557741846871955271e-01
1.972923916418911801e-03 1.628776584192607318e-02 5.871346459997933698e-02 1.150728092099918692e-01 1.659585149847114527e-01 2.243550213896455536e-01 2.963954179879176309e-01 3.887680205714607040e-01 4.640395270659993798e-01 5.216213815181464097e-01 5.672815385128580079e-01
2.486483329169210388e-03 1.997193732514309858e-02 7.000483091444997807e-02 1.336307604369294522e-01 1.884411827201970813e-01 2.495071632775678061e-01 3.223776069323891491e-01 4.128881054763949843e-01 4.843564510917141019e-01 5.372892558784080341e-01 5.773645887722267389e-01
3.129813994619608415e-03 2.435630908410606546e-02 8.285186765539177822e-02 1.538565327927240434e-01 2.121693834284210101e-01 2.752789172696450404e-01 3.481993734119239736e-01 4.360310663771081452e-01 5.032903148845926378e-01 5.514584533726593074e-01 5.860703741505859377e-01
3.932997418815548790e-03 2.952732143435602211e-02 9.731453190701017109e-02 1.756367663289344072e-01 2.369231818288383973e-01 3.013980519405600189e-01 3.736089553908494287e-01 4.580393371135147995e-01 5.207805731942377614e-01 5.641336743398943643e-01 5.934597120677489457e-01
4.931621374078292395e-03 3.556915045588206203e-02 1.134243767467041503e-01 1.988153597625111069e-01 2.624566728811571492e-01 3.275903336571286961e-01 3.983747593835592071e-01 4.787855841849731342e-01 5.367909890163460318e-01 5.753350470194653621e-01 5.996081276098829127e-01
6.167158664107335805e-03 4.256062974085927930e-02 1.311816109730196411e-01 2.231980590832335076e-01 2.885067394818988662e-01 3.535883861119386573e-01 4.222902878824340567e-01 4.981718974388344989e-01 5.513067448812495330e-01 5.850964645059203439e-01 6.046077392750017765e-01
7.687144629489949671e-03 5.057228622986842392e-02 1.505534091919513429e-01 2.485588119548523267e-01 3.148022197779793974e-01 3.791395233210835269e-01 4.451773898427006659e-01 5.161279474305380255e-01 5.643316596253993289e-01 5.934647797229974930e-01 6.085699772068614566e-01
9.545090093603230200e-03 5.966375206694288225e-02 1.714735164618091112e-01 2.746474707078416233e-01 3.410729277026160466e-01 4.040121935505545103e-01 4.668878728744807471e-01 5.326084434245862420e-01 5.758857930188825414e-01 6.004999919584654844e-01 6.116288510670391254e-01
1.180007903077703001e-02 6.988176963141118359e-02 1.938431108122265212e-01 3.011983645215699501e-01 3.670580162237180866e-01 4.280008052027453047e-01 4.873036334837982375e-01 5.475902355618624817e-01 5.860036748431931564e-01 6.062764960573451267e-01 6.139442654036395552e-01
1.451602117445720090e-02 8.125892587347187390e-02 2.175328260938412250e-01 3.279392286843939575e-01 3.925132536178157494e-01 4.509288475013251141e-01 5.063355535450798639e-01 5.610693909958850423e-01 5.947333448148699464e-01 6.108853828082485560e-01 6.157045992152772040e-01
1.776055635594192897e-02 9.381315153196606582e-02 2.423857956259532487e-01 3.545999773047500692e-01 4.172168928051152026e-01 4.726503550309064106e-01 5.239214724318291827e-01 5.730585435346966516e-01 6.021363354750324248e-01 6.144376609532986588e-01 6.171274510787637668e-01
2.160363536474844970e-02 1.075479218055444969e-01 2.682215496398447363e-01 3.809208382680712712e-01 4.409739427860430716e-01 4.930498832194187275e-01 5.400235744786191505e-01 5.835847759683951974e-01 6.082886677700815037e-01 6.170680992968025080e-01 6.184571787498883699e-01
2.611582685903112572e-02 1.224530168702121224e-01 2.948405818110396148e-01 4.066594364681853091e-01 4.636187870716452220e-01 5.120412524242631269e-01 5.546255339968966247e-01 5.926882485150842816e-01 6.132828494362546623e-01 6.189391461578608311e-01 6.199577744992227357e-01
3.136641734099099993e-02 1.385056557298875168e-01 3.220293889926715836e-01 4.315965100064185767e-01 4.850162233499109021e-01 5.295653767123642552e-01 5.677297406579204786e-01 6.004217373396963930e-01 6.172307553191767049e-01 6.202440719374765488e-01 6.218999124672334178e-01
3.742137911757831281e-02 1.556718085209793101e-01 3.495657825125308982e-01 4.555400657166685519e-01 5.050611095359605063e-01 5.455875197828244927e-01 5.793548933085973518e-01 6.068511914092150628e-01 6.202671087895651469e-01 6.212081308961463488e-01 6.245418760784992029e-01
4.434127926844395884e-02 1.739075154808472912e-01 3.772242696830531150e-01 4.783279125866564119e-01 5.236768852532888152e-01 5.600943188042017962e-01 5.895342061294380764e-01 6.120573465807681579e-01 6.225530581389782103e-01 6.220862382232494880e-01 6.281055876673427019e-01
5.217919273915731793e-02 1.931600849552704002e-01 4.047813117764965107e-01 4.998286402657008409e-01 5.408132905870579599e-01 5.730908937905476730e-01 5.983144212920753491e-01 6.161383400548041678e-01 6.242790463777039278e-01 6.231555676821576295e-01 6.327508980025959850e-01
6.097866814078553577e-02 2.133690961479313419e-01 4.320202805647403999e-01 5.199412218217186465e-01 5.564436260322120908e-01 5.845983229312320395e-01 6.057557674029311334e-01 6.192131292418542321e-01 6.256658310939917644e-01 6.247018112552943370e-01 6.385530530212490952e-01
7.077178006084020034e-02 2.344671844181438480e-01 4.587359595438288418e-01 5.385935055890070933e-01 5.705618929328477584e-01 5.946517196398861671e-01 6.119329391715672140e-01 6.214253193636621875e-01 6.269621989513233240e-01 6.269988101223786803e-01 6.454889828070959901e-01
8.157729159343012071e-02 2.563806306079063346e-01 4.847384669557488479e-01 5.557399154099976757e-01 5.831801285284180514e-01 6.032990993907838551e-01 6.169370920718462159e-01 6.229467345353203456e-01 6.284377857772307507e-01 6.302829182725171453e-01 6.534370248452902041e-01
9.339895034957627906e-02 2.790298073748530561e-01 5.098565136460520009e-01 5.713587017398046308e-01 5.943262106062481287e-01 6.106011746111187355e-01 6.208787325315676675e-01 6.239797415627065247e-01 6.303696768721903654e-01 6.347255298757454867e-01 6.621918024640063294e-01
1.062239547651502303e-01 3.023295538779725011e-01 5.339399472926140700e-01 5.854490818248061501e-01 6.040423591556501881e-01 6.166321604523355981e-01 6.238912224955233121e-01 6.247570119995434768e-01 6.330223545460262891e-01 6.404090277134274478e-01 6.714920409779424615e-01
1.200216576370679716e-01 3.261895562804558169e-01 5.568615734147093210e-01 5.980285817672181814e-01 6.123845091519968253e-01 6.214816043393845968e-01 6.261343919412453163e-01 6.255372072679755702e-01 6.366221891812892109e-01 6.473120893771280304e-01 6.810555869304812937e-01
1.347426193774441949e-01 3.505148071986516345e-01 5.785182811043907414e-01 6.091308536375004135e-01 6.194226686597336107e-01 6.252571534275100928e-01 6.277974609107522808e-01 6.265951796155994069e-01 6.413298313036041032e-01 6.553090992879012644e-01 6.906142008701278145e-01
1.503181774199328913e-01 3.752062045788062128e-01 5.988315364088045989e-01 6.188041926388465619e-01 6.252423040682999478e-01 6.280880277593446914e-01 6.291001394757658183e-01 6.282059062750779965e-01 6.472159032349946717e-01 6.641853285880845448e-01 6.999414036358234670e-01
1.666607457950817217e-01 4.001613317331683684e-01 6.177473378293236728e-01 6.271109257047347008e-01 6.299466985520942863e-01 6.301287541464081210e-01 6.302904760849701304e-01 6.306226400712119373e-01 6.542463100334163784e-01 6.736654627329803358e-01 7.088692697058781578e-01
1.836650781917270325e-01 4.252754376263862546e-01 6.352357555142000844e-01 6.341277828669832362e-01 6.336600954492825899e-01 6.315624272184574561e-01 6.316379068903142935e-01 6.340515572428730984e-01 6.622823835942373005e-01 6.834495037351639990e-01 7.172933672247207015e-01
2.012106943763369848e-01 4.504426121934455574e-01 6.512901969236106758e-01 6.399472903385513556e-01 6.365312485079792637e-01 6.326024171117169415e-01 6.334202284740794164e-01 6.386270528421007509e-01 6.710977629880218176e-01 6.932484461814014676e-01 7.251678136751267267e-01
2.191655660536885597e-01 4.755571276918278412e-01 6.659265546573360783e-01 6.446801281693138597e-01 6.387367450390013524e-01 6.334911067372742677e-01 6.359040859779443444e-01 6.443930136111306606e-01 6.804093444640698651e-01 7.028129529863468283e-01 7.324939419154129494e-01
2.373909852937760301e-01 5.005148959082416082e-01 6.791823931720130103e-01 6.484582595116882286e-01 6.404831542921013421e-01 6.344940596456257742e-01 6.393201265727608273e-01 6.512951157975023220e-01 6.899155984104035078e-01 7.119509753991227763e-01 7.393062970498284203e-01
2.557473249969721696e-01 5.252149742039281533e-01 6.911163153170423179e-01 6.514384453362550564e-01 6.420067290667057502e-01 6.358882135481933595e-01 6.438360095934172467e-01 6.591871233671864339e-01 6.993337583000437396e-01 7.205336181869548273e-01 7.456589936817167308e-01
2.741002001729109239e-01 5.495610421418812841e-01 7.018076106837873862e-01 6.538054960572735608e-01 6.435691611939226009e-01 6.379435086059467297e-01 6.495323817589420123e-01 6.678507591498008544e-01 7.084284880324768219e-01 7.284913032399541466e-01 7.516143670375760033e-01
2.923264135751076354e-01 5.734627654295371135e-01 7.113562185192895404e-01 6.557742879125797453e-01 6.454479377703337128e-01 6.408989208671630466e-01 6.563878099423487988e-01 6.770251656787783512e-01 7.170279036398040651e-01 7.358037377229200704e-01 7.572347661574491129e-01
3.103190653514129038e-01 5.968369651637943640e-01 7.198829317672098549e-01 6.575892358701073137e-01 6.479203820524969126e-01 6.449359880561917890e-01 6.642776986197425071e-01 6.864396299061479301e-01 7.250267033612551870e-01 7.424873170286971913e-01 7.625775002420930315e-01
3.279913314313968598e-01 6.196085174606245083e-01 7.275296226811559519e-01 6.595196795466772288e-01 6.512416561532696768e-01 6.501549327014255475e-01 6.729892297991149075e-01 6.958429695441034069e-01 7.323791768879551745e-01 7.485828068374521527e-01 7.676924363010600993e-01
3.452786338122962873e-01 6.417109208704444567e-01 7.344590906965940968e-01 6.618496930036285031e-01 6.556188113304919352e-01 6.565593991535063623e-01 6.822501590298156726e-01 7.050246914909268359e-01 7.390862888124908325e-01 7.541449999903171442e-01 7.726215277890005062e-01
3.621391744239123578e-01 6.630864859992094962e-01 7.408539435375830484e-01 6.648614085786505035e-01 6.611849973424798188e-01 6.640547438238132427e-01 6.917654571288066601e-01 7.138258526653991076e-01 7.451809438838413735e-01 7.592349741544581754e-01 7.773995496340991851e-01
3.785530184773877038e-01 6.836861232934569044e-01 7.469137723873482404e-01 6.688122297949105066e-01 6.679794150578090006e-01 6.724616497664056558e-01 7.012538716160501284e-01 7.221403286615027950e-01 7.507145009340524533e-01 7.639148264588286885e-01 7.820554340524724646e-01
3.945200508146748386e-01 7.034687312955284488e-01 7.528498493669147917e-01 6.739082497887510792e-01 6.759386246475744819e-01 6.815425943851326496e-01 7.104771947772087204e-01 7.299090654426655389e-01 7.557462425575693921e-01 7.682443841971908771e-01 7.866137667353071405e-01
4.100571787954119252e-01 7.224002195357369649e-01 7.588767541636409764e-01 6.802783343784285508e-01 6.849028801155628843e-01 6.910351251722706145e-01 7.192578505644947606e-01 7.371105563747911704e-01 7.603362922595668927e-01 7.722793142261970001e-01 7.910961624995075381e-01
4.251951329217276143e-01 7.404522384067796503e-01 7.652007985725113315e-01 6.879547960667778961e-01 6.946375537468545414e-01 7.006844868197653620e-01 7.274840059353029353e-01 7.437504478696209675e-01 7.645416291147308918e-01 7.760701535002708651e-01 7.955223675516406301e-01
4.399751503099949557e-01 7.576007331031870962e-01 7.720058556381557135e-01 6.968663855512312599e-01 7.048656400793061882e-01 7.102692853021039809e-01 7.351043941655546199e-01 7.498522727503632579e-01 7.684144217426975842e-01 7.796619407963559789e-01 7.999110264013510330e-01
4.544457454860841294e-01 7.738244884751264152e-01 7.794380753440716125e-01 7.068469504315401108e-01 7.153043785494508366e-01 7.196167560692483534e-01 7.421166256821737361e-01 7.554502845857363758e-01 7.720018144216154177e-01 7.830942655057540058e-01 8.042801105452584975e-01
4.686596995601546856e-01 7.891038812019320892e-01 7.875917127602852785e-01 7.176590593669266438e-01 7.256983648046484436e-01 7.286074335981606032e-01 7.485529192241130447e-01 7.605845261775372457e-01 7.753464269665214514e-01 7.864016303354425252e-01 8.086470419829369094e-01
4.826713441580823827e-01 8.034200935598808657e-01 7.964985984049580692e-01 7.290276616853565983e-01 7.358432480626229122e-01 7.371714336998539396e-01 7.544663686134818192e-01 7.652977485757134213e-01 7.784870551480173040e-01 7.896140536515243724e-01 8.130285648094814910e-01
4.965341827794717555e-01 8.167550496327009579e-01 8.061234488889263972e-01 7.406762124788940360e-01 7.455973196223281141e-01 7.452796605947322739e-01 7.599196506570872200e-01 7.696336010420232743e-01 7.814592868269157888e-01 7.927578345604872068e-01 8.174404273512102526e-01
5.102988750898952430e-01 8.290922840368165625e-01 8.163662887843401439e-01 7.523576743091598962e-01 7.548816200343514415e-01 7.529331674773548366e-01 7.649769321788544296e-01 7.736355511304473520e-01 7.842959272219310884e-01 7.958563920351366949e-01 8.218969383951924002e-01
5.240116010195086105e-01 8.404188217127182003e-01 8.270719981862614256e-01 7.638751638443835867e-01 7.636715284375642510e-01 7.601530881001402618e-01 7.696988899137647833e-01 7.773461540233447264e-01 7.870272382265478539e-01 7.989310838040015739e-01 8.264104560061636962e-01
5.377128127611897623e-01 8.507279319454404964e-01 8.380457623058166217e-01 7.750904975104514483e-01 7.719837127315282155e-01 7.669725040430397378e-01 7.741402738473724954e-01 7.808064727818986306e-01 7.896810497466891787e-01 8.020019178026516204e-01 8.309908582380199915e-01
5.514363671156786717e-01 8.600223569596781026e-01 8.490722452357706285e-01 7.859220574081430266e-01 7.798620062359256089e-01 7.734306705282324446e-01 7.783492690411705217e-01 7.840555938572656425e-01 7.922828144224267621e-01 8.050880884578844876e-01 8.356450340464612880e-01
5.652090053332021746e-01 8.683173865199198538e-01 8.599357673219810705e-01 7.963353153074294033e-01 7.873647518519825139e-01 7.795693733124334779e-01 7.823679443405073819e-01 7.871302612407796717e-01 7.948556689010657372e-01 8.082082979575020421e-01 8.403764223237718545e-01
5.790501147458027020e-01 8.756430572588876915e-01 8.704386827810073335e-01 8.063298359526740455e-01 7.945549476959894442e-01 7.854308667294057633e-01 7.862332191393611724e-01 7.900646727098216138e-01 7.974205471010110680e-01 8.113808535337975192e-01 8.451846192729500773e-01
5.929716725506006814e-01 8.820448709252453057e-01 8.804155610742115945e-01 8.159259956038029671e-01 8.014935043030905204e-01 7.910567901909518751e-01 7.899779543602332144e-01 7.928904620961607641e-01 7.999963696202844199e-01 8.146235601806832705e-01 8.500650704818135672e-01
6.069782460232949761e-01 8.875827404216898309e-01 8.897416499057052564e-01 8.251535532264929751e-01 8.082352482508923242e-01 7.964875746470689855e-01 7.936319332214156752e-01 7.956368547795331647e-01 8.026003111722547212e-01 8.179534495276431505e-01 8.550088639404630486e-01
6.210669138471611728e-01 8.923282858317086452e-01 8.983352780048491359e-01 8.340430759442841735e-01 8.148269890727416476e-01 8.017620268964673613e-01 7.972226198990075563e-01 7.983309482661639089e-01 8.052481266230546719e-01 8.213863968714468777e-01 8.600026424667838176e-01
6.352269859549379838e-01 8.963609677440381729e-01 9.061550281324644018e-01 8.426203321736788210e-01 8.213069240242206748e-01 8.069169407806221495e-01 8.007756669196673949e-01 8.009980476552688300e-01 8.079544985128314094e-01 8.249366789132835942e-01 8.650286562665016055e-01
6.494394360369204477e-01 8.997637430941295422e-01 9.131933315071050217e-01 8.509032257363080554e-01 8.277047761179470164e-01 8.119866919464578947e-01 8.043151914694705029e-01 8.036619818711124852e-01 8.107333579000862711e-01 8.286165161641688703e-01 8.700649761770923307e-01
6.636760197304082398e-01 9.026189214806291661e-01 9.194684054916405502e-01 8.589006254670041862e-01 8.340422427743328093e-01 8.170028233614795576e-01 8.078638654962837506e-01 8.063453393737628483e-01 8.135981281602009396e-01 8.324356296386452581e-01 8.750858836747298364e-01
6.778981284701495191e-01 9.050047323348735517e-01 9.250162095772438420e-01 8.666124564458662638e-01 8.403335055377110230e-01 8.219936385937249845e-01 8.114428717279712489e-01 8.090695857200386198e-01 8.165618481960243980e-01 8.364008255232551203e-01 8.800624443566616995e-01
6.920555195383019109e-01 9.069928736153584081e-01 9.298835387537137676e-01 8.740305552761559182e-01 8.465856822226379697e-01 8.269838102895179510e-01 8.150717724419865862e-01 8.118550516324006816e-01 8.196371452543481650e-01 8.405156078611086823e-01 8.849632582250391843e-01
7.060851619858593553e-01 9.086470849502382707e-01 9.341227589436555956e-01 8.811399636427652560e-01 8.527991869722295615e-01 8.319939983975777054e-01 8.187683236439613488e-01 8.147208013099688229e-01 8.228360443561092419e-01 8.447798107130989331e-01 8.897553648161887763e-01
7.199105376475448681e-01 9.100226236067350261e-01 9.377881980317196442e-01 8.879204830189798558e-01 8.589680120409595165e-01 8.370404645521239972e-01 8.225482479736037078e-01 8.176844013666858535e-01 8.261696169896788344e-01 8.491892390982535010e-01 8.944052668038064979e-01
7.334418200696481982e-01 9.111664346194568997e-01 9.409339118333588381e-01 8.943484111361028610e-01 8.650799722859940921e-01 8.421346676535930165e-01 8.264249596597750269e-01 8.207616097104984965e-01 8.296474829586313327e-01 8.537353124277128336e-01 8.988800247758380602e-01
7.465773918402546228e-01 9.121177855045691230e-01 9.436124340287121992e-01 9.003984237817482805e-01 8.711169704133499003e-01 8.472828306235439255e-01 8.304092192212361168e-01 8.239659935913598021e-01 8.332771850438256411e-01 8.584047146005445716e-01 9.031483702029299288e-01
7.592071079268695177e-01 9.129091589832175613e-01 9.458741365349996322e-01 9.060455641494677970e-01 8.770553533503115951e-01 8.524854793492283589e-01 8.345086891017199360e-01 8.273084727183905862e-01 8.370634580233027311e-01 8.631790707433293353e-01 9.071817836096895959e-01
7.712175199928148484e-01 9.135672418547540197e-01 9.477669099116605711e-01 9.112672732436029044e-01 8.828664383712945263e-01 8.577369728926530490e-01 8.387273676905269149e-01 8.307967740870553230e-01 8.410074155906639426e-01 8.680346910379934666e-01 9.109554896012402869e-01
7.824989171792403608e-01 9.141138978416368799e-01 9.493359739881370718e-01 9.160453566324030517e-01 8.885172894183774872e-01 8.630250703475526031e-01 8.430649002086870736e-01 8.344347870628524566e-01 8.451056861634679285e-01 8.729424458921137830e-01 9.144493274609026834e-01
7.929535468947663812e-01 9.145670566741324059e-01 9.506237179686922723e-01 9.203677506647228723e-01 8.939718151277961100e-01 8.683306137995997487e-01 8.475158005605049061e-01 8.382218254177832284e-01 8.493495462906623938e-01 8.778678607272876189e-01 9.176484627375603997e-01
8.025038808771390864e-01 9.149414862022282602e-01 9.516695342450859352e-01 9.242299364008434992e-01 8.991922349683265647e-01 8.736274439709722506e-01 8.520686652508072667e-01 8.421518386113853172e-01 8.537241301255346082e-01 8.827715364916441931e-01 9.205439092395596434e-01
8.110994892178804427e-01 9.152494380300297827e-01 9.525096495340603653e-01 9.276358582215847859e-01 9.041409136640111699e-01 8.788826944983946232e-01 8.567055113123916987e-01 8.462126631848519986e-01 8.582078313250796064e-01 8.876100034384812876e-01 9.231328314336009200e-01
8.187211703004103613e-01 9.155011714187860639e-01 9.531769751809351376e-01 9.305982378234096686e-01 9.087824955102384861e-01 8.840576158752768698e-01 8.614014120077642112e-01 8.503854554287143541e-01 8.627720485201475498e-01 8.923370885454831036e-01 9.254185963082344202e-01
8.253815144396976500e-01 9.157053673969482999e-01 9.537010020816284461e-01 9.331382304154566265e-01 9.130861862425043718e-01 8.891090429625426728e-01 8.661246194906676577e-01 8.546444811067831493e-01 8.673814394933848648e-01 8.969058120283582847e-01 9.274105458820033343e-01
8.311218995442321011e-01 9.158694477455617822e-01 9.541077609296417794e-01 9.352844420662779212e-01 9.170279489012111984e-01 8.939915299528498061e-01 8.708373350376995559e-01 8.589574372766375365e-01 8.719948232225758211e-01 9.012707270993767228e-01 9.291234725064660971e-01
8.360067197688587637e-01 9.159998140096569097e-01 9.544198601268715221e-01 9.370714051825457247e-01 9.205923290098854128e-01 8.986600406090835547e-01 8.754972050038194453e-01 8.632864304018692536e-01 8.765667911417587277e-01 9.053904975862270277e-01 9.305768029327809998e-01
