1.697503099844051413e-17 1.066875214515214249e-16 1.904991630748588343e-17 3.087347933651023739e-18 1.590441776857881610e-18 8.624303875665842951e-19 5.188840526280115421e-19 4.523029365431519773e-19 8.720232597438437654e-19 2.635671558638569665e-18 1.257717399884599199e-17
2.406168711218782032e-17 1.512271516664364318e-16 2.700292986864833972e-17 4.376516760542400005e-18 2.255172111010107744e-18 1.224664519145527750e-18 7.441477898710854491e-19 6.878594408881064339e-19 1.445359440351946810e-18 4.653626819686843068e-18 2.301010141133027684e-17
3.410685425995698184e-17 2.143612003350715560e-16 3.827625973420052070e-17 6.204145322967129872e-18 3.198162391067185857e-18 1.740318835614908404e-18 1.072169988427379101e-18 1.068979461926505330e-18 2.469306240111959099e-18 8.433729828883595060e-18 4.287013612435893178e-17
4.834564636869334342e-17 3.038525728666600613e-16 5.425616952391062181e-17 8.795279704635128436e-18 4.536325086233053744e-18 2.475648560728767706e-18 1.554648357781445651e-18 1.704148565773047382e-18 4.344660294122307218e-18 1.562553981838986248e-17 8.095337828064062678e-17
6.852881500769876983e-17 4.307051579058961374e-16 7.690775274946842282e-17 1.246916096365408625e-17 6.436123687748105875e-18 3.526788346676629126e-18 2.273750288276887177e-18 2.795295382512164677e-18 7.852464447412179348e-18 2.946269326691497762e-17 1.542491892022097462e-16
9.713802228420548252e-17 6.105169891433811280e-16 1.090166668930168589e-16 1.767878653019256329e-17 9.135001535551641757e-18 5.034462406564125308e-18 3.363810647892661982e-18 4.725235338279191584e-18 1.452380154641489138e-17 5.628281851353016489e-17 2.953967223960324480e-16
1.376909905463578835e-16 8.653984240723901055e-16 1.545318625263152445e-16 2.506722018965358896e-17 1.297250073708736555e-17 7.207091194488133118e-18 5.051147164849201105e-18 8.230010486108868587e-18 2.736976808692167189e-17 1.084799193756479796e-16 5.666629854871571835e-16
1.951740548385272565e-16 1.226691304283527320e-15 2.190515396027199831e-16 3.554787231147748520e-17 1.843586386528534318e-17 1.035807561461547524e-17 7.728670286713540907e-18 1.473934326527570046e-17 5.231771968050743490e-17 2.101970715152815754e-16 1.085835946654805008e-15
2.766553138921603266e-16 1.738823638083779017e-15 3.105122569694512320e-16 5.041921446240024266e-17 2.622766355156707277e-17 1.496774684409626478e-17 1.209803293875120068e-17 2.704942975347877724e-17 1.010238596499545429e-16 4.082078156744485918e-16 2.073563724624497706e-15
3.921537899840401903e-16 2.464774128671858062e-15 4.401662600846481715e-16 7.152921529580415978e-17 3.736766254350760730e-17 2.178944583822214781e-17 1.944383105040470819e-17 5.065062936802998717e-17 1.963478394588484399e-16 7.925094402737975825e-16 3.938674418497742749e-15
5.558715018528525564e-16 3.493819104656964827e-15 6.239678385279707150e-16 1.015120735775011966e-16 5.334922317924025627e-17 3.203651971669475916e-17 3.216707518435343811e-17 9.633973255968971744e-17 3.829307396845729387e-16 1.534863231969529958e-15 7.429594960480976374e-15
7.879400061341696198e-16 4.952515572201946132e-15 8.845404137811021198e-16 1.441310611070167603e-16 7.638511971659917900e-17 4.772072931660151460e-17 5.482856725139162053e-17 1.853369130455348449e-16 7.474584235241165912e-16 2.960037363174873222e-15 1.389867074906701002e-14
1.116896271934382733e-15 7.020272956745795967e-15 1.253968617625123392e-15 2.047790242620016901e-16 1.098042558558728420e-16 7.227846520840946415e-17 9.619455201789083529e-17 3.592508084916789891e-16 1.457098433174719474e-15 5.675737238272158659e-15 2.575550416605892562e-14
1.583192523082120119e-15 9.951432013469369736e-15 1.777763304363161383e-15 2.912168419512489813e-16 1.587105926944651696e-16 1.117502646750424005e-16 1.732475456913297699e-16 6.993474042497230589e-16 2.831610519585019899e-15 1.080613232921360104e-14 4.723005957500961209e-14
2.244171984585328931e-15 1.410657254488891449e-14 2.520496031283825921e-15 4.146780808736706174e-16 2.311100129191368565e-16 1.770318363820150629e-16 3.190340107214779815e-16 1.363498026162085524e-15 5.476994061649235936e-15 2.040503957801744900e-14 8.563197804289445128e-14
3.181123016941962713e-15 1.999691180935472975e-14 3.573813340365535835e-15 5.915503458989876182e-16 3.398916194279610065e-16 2.882080704365730842e-16 5.979594897674807345e-16 2.656349824871675105e-15 1.052991192884763554e-14 3.817480249841057124e-14 1.533856558814618883e-13
4.509280222733458789e-15 2.834727498688002388e-14 5.067850437377082082e-15 8.459887514643329113e-16 5.063980225818758398e-16 4.829395787381927157e-16 1.135433778281214381e-15 5.161161930664874139e-15 2.009831302399726711e-14 7.069487074330563324e-14 2.712469766015691902e-13
6.392004450634094008e-15 4.018542042201939994e-14 7.187514376133964592e-15 1.214078249518985671e-15 7.669906512983049570e-16 8.327195209927711328e-16 2.174925235921599071e-15 9.984561033026925252e-15 3.804352018984590088e-14 1.294819976404203628e-13 4.732703467429474210e-13
9.060889233784125273e-15 5.696877485882645787e-14 1.019576914019638038e-14 1.750641513150812523e-15 1.185310060797246216e-15 1.474353526289249717e-15 4.186841324957021840e-15 1.920504176079052447e-14 7.134556606853337991e-14 2.343762443071926870e-13 8.142912642463448588e-13
1.284427312450493159e-14 8.076429122107452491e-14 1.446703991704778283e-14 2.540682680689839150e-15 1.875414910876335464e-15 2.670708414802124353e-15 8.074293279280344976e-15 3.668327361023700886e-14 1.324449829983718990e-13 4.189890063586529773e-13 1.380907338071134990e-12
1.820767678755826316e-14 1.145037766458147944e-13 2.053533938635068037e-14 3.719135419784094252e-15 3.045720832922081966e-15 4.927298686345011449e-15 1.555769844031990502e-14 6.950396659273549297e-14 2.431847095233201099e-13 7.392742200533776983e-13 2.307151808065581828e-12
2.581116050716683153e-14 1.623465036940029584e-13 2.916399705865926653e-14 5.505748224326376194e-15 5.082621360254146031e-15 9.214402382349076677e-15 2.988494614546664564e-14 1.305000789462000311e-13 4.413148508310594226e-13 1.286697028603607148e-12 3.796211322791616379e-12
3.659069737391407304e-14 2.301944418154878295e-13 4.144743243673747743e-14 8.267907577121522604e-15 8.709448408879064785e-15 1.738646217228354418e-14 5.712535530245014387e-14 2.425957998119216208e-13 7.910032138612715033e-13 2.207964421786564419e-12 6.149576505875325490e-12
5.187364499718410503e-14 3.264248080217805675e-13 5.896108608684260680e-14 1.263541620106386770e-14 1.528745642520187895e-14 3.296580783682503160e-14 1.084935502567070437e-13 4.461423694855492152e-13 1.399445199107389437e-12 3.733811334076043965e-12 9.804845778372962389e-12
7.354265420759643079e-14 4.629324215338097189e-13 8.398484398421542129e-14 1.971219289958916914e-14 2.738211507937071324e-14 6.259006838162688848e-14 2.044587733349542094e-13 8.110697046815834953e-13 2.442503079730388137e-12 6.219825898824377047e-12 1.538294306854908946e-11
1.042684233336729980e-13 6.566143358178116455e-13 1.198405522921607819e-13 3.146864185069888083e-14 4.981967508569888057e-14 1.186507591902804450e-13 3.818919132538469869e-13 1.456604266165537905e-12 4.203311305885716541e-12 1.020262315373924229e-11 2.374469358545701002e-11
1.478403799683413447e-13 9.314869642545445564e-13 1.714098670827937703e-13 5.146943791925087953e-14 9.163856009809549278e-14 2.240354835148551657e-13 7.062784447307131959e-13 2.582574574210456697e-12 7.128892104159864573e-12 1.647466238615780996e-11 3.605552328229650617e-11
2.096367924603634474e-13 1.321709613248992262e-12 2.459422795287204635e-13 8.621976048160903933e-14 1.696514893269057689e-13 4.205209318820710939e-13 1.292201181230881306e-12 4.517983088558320509e-12 1.191088613679598260e-11 2.618044029009124145e-11 5.385560630326772092e-11
2.972936490537709369e-13 1.875910168303386010e-12 3.543377914399032304e-13 1.476413598752818456e-13 3.148631939596644956e-13 7.833843658617145506e-13 2.337019051902317428e-12 7.794556044689962123e-12 1.959726721640382333e-11 4.093547609305019545e-11 7.913132807699780348e-11
4.216573443558963934e-13 2.663386820288671055e-12 5.132168287151469138e-13 2.575895626056843552e-13 5.838676275879492100e-13 1.446397171815134277e-12 4.175096630152921143e-12 1.325528324142320889e-11 3.174202089509287239e-11 6.296730577203146506e-11 1.143828799481175956e-10
5.981434101854641961e-13 3.783021396024709492e-12 7.483095468859624758e-13 4.560092053553248411e-13 1.078774672297063483e-12 2.643784698731746890e-12 7.363215599008374515e-12 2.221027084583249254e-11 5.059878264477126060e-11 9.527466171626698218e-11 1.626827314323222317e-10
8.486776466717285730e-13 5.376125933702053645e-12 1.100070946723903645e-12 8.154841477137666397e-13 1.981469975941836835e-12 4.779285145127059980e-12 1.281199275772468006e-11 3.665409815852644814e-11 7.936189863002735591e-11 1.417974564419222981e-10 2.277212963082964327e-10
1.204475243991597540e-12 7.645015950369634378e-12 1.633060518928291357e-12 1.466840063751309064e-12 3.611471587825095174e-12 8.537445261076642117e-12 2.198315213804706578e-11 5.955961904101426963e-11 1.224539599517107591e-10 2.075868198144203011e-10 3.138399116014176190e-10
1.710030342490132570e-12 1.087995318093530051e-11 2.451680667892572458e-12 2.643522816149612584e-12 6.521792046309689797e-12 1.505904077498943776e-11 3.717799662026946776e-11 9.526191475907462799e-11 1.858525614620419276e-10 2.989623826007067933e-10 4.260576074961033253e-10
2.428862248336080051e-12 1.549836402300637811e-11 3.726604462347362201e-12 4.757269262795191157e-12 1.165459521481811803e-11 2.621113713731912219e-11 6.194765133985086190e-11 1.499419520764127902e-10 2.774414053972191907e-10 4.236447212740597503e-10 5.701068949104244375e-10
3.451825232249533991e-12 2.210211889974055782e-11 5.739030553580078431e-12 8.524876772346386902e-12 2.058859892969271671e-11 4.499260989487681367e-11 1.016593663021647708e-10 2.322116671530412909e-10 4.073632589141166579e-10 5.908559541749260486e-10 7.525041146973951691e-10
4.909183592251395657e-12 3.156144538327435586e-11 8.954353728989413575e-12 1.517660502269594682e-11 3.592350600189820985e-11 7.612715385552735960e-11 1.642536048359100962e-10 3.537904716697941926e-10 5.883469528597678977e-10 8.113921868914429148e-10 9.806902818646992528e-10
6.988256706458058410e-12 4.513816365900516967e-11 1.414374187307472253e-11 2.679196009924782073e-11 6.186323171798940249e-11 1.269063274902064731e-10 2.612216453327979636e-10 5.302483811360485346e-10 8.359806691652745992e-10 1.097688308275233380e-09 1.263286850019295556e-09
9.959367384277253349e-12 6.466696425342408685e-11 2.258255576559389403e-11 4.682929913234789374e-11 1.050785668644036625e-10 2.083523618885759181e-10 4.088207896182524707e-10 7.817754262914800399e-10 1.168912694891458353e-09 1.463917672761828482e-09 1.610515423947652477e-09
1.421426574306295536e-11 9.282219626108530133e-11 3.636993240645545248e-11 8.094243920067081088e-11 1.759492258316546861e-10 3.367705804948177520e-10 6.295224422757804802e-10 1.133924882923497380e-09 1.608981700233235448e-09 1.926193970149596491e-09 2.034829793813884327e-09
2.032343972667111641e-11 1.335101577327560519e-10 5.893583474952075225e-11 1.382099287939942465e-10 2.903014423367825157e-10 5.357497951755604539e-10 9.536573579909590508e-10 1.618275044671335781e-09 2.181312974642935396e-09 2.502966065884313810e-09 2.551802691782137476e-09
2.912221190821603530e-11 1.924445205850579018e-10 9.583222966468449120e-11 2.329388968532149412e-10 4.717650144572719507e-10 8.386414458602377862e-10 1.421185097485191460e-09 2.272967706518587667e-09 2.914463755241127866e-09 3.215713966634097819e-09 3.181300119383323910e-09
4.184094936039218808e-11 2.779868982250191252e-10 1.559453859692988562e-10 3.872410468384189936e-10 7.548659102946455382e-10 1.291501500925816730e-09 2.083477921825139036e-09 3.143117731194753433e-09 3.840755039656372745e-09 4.090060978670287789e-09 3.948966566080062302e-09
6.030311727218877991e-11 4.023674975790497693e-10 2.533174804156821975e-10 6.346058385438022167e-10 1.188939353600333427e-09 1.956413818412268925e-09 3.004984172545105150e-09 4.281150966079369271e-09 4.996980688041029326e-09 5.157411353010144882e-09 4.888039901400469692e-09
8.722782075624884166e-11 5.834441496201152180e-10 4.098272043308893411e-10 1.024704107898290292e-09 1.842886873567082127e-09 2.915036509486828171e-09 4.264637731446027815e-09 5.747216300805838103e-09 6.425726340170963064e-09 6.457205677784290091e-09 6.041520458298527138e-09
1.266931148447171827e-10 8.472133920234259692e-10 6.590479089322192337e-10 1.629630286776255609e-09 2.810706279514493039e-09 4.272138985396117792e-09 5.956925313444585230e-09 7.609923822524300642e-09 8.177549988655046832e-09 8.039863889328068932e-09 7.464739111192369662e-09
1.848458281133571501e-10 1.231355603893778632e-09 1.051671603106987825e-09 2.551718113078329500e-09 4.217600957062121778e-09 6.158851368704575798e-09 8.192626838224712056e-09 9.947769479593595027e-09 1.031426598301812860e-08 9.970468009881239434e-09 9.228406080428759862e-09
2.709871814174474566e-10 1.790177129187057389e-09 1.662947147617581131e-09 3.932931603757550730e-09 6.226341351110669723e-09 8.735362278997525068e-09 1.109941312069557419e-08 1.285169660122401135e-08 1.291353530244033977e-08 1.233323581801986433e-08 1.142227510889406398e-08
3.992266912572858023e-10 2.601403643406518581e-09 2.602616162140532194e-09 5.965637911396087814e-09 9.043439164394255070e-09 1.219291090361104053e-08 1.482271358574587262e-08 1.642929450387724102e-08 1.607490771661220740e-08 1.523686418961227160e-08 1.415962352717817856e-08
5.909868683055088915e-10 3.775376023579106594e-09 4.027822003824792236e-09 8.904326626249400233e-09 1.292465106691941731e-08 1.675515361348403939e-08 1.952753145740128614e-08 2.081112895857669244e-08 1.992740676194748590e-08 1.882088454179189242e-08 1.758282348952217366e-08
8.787668162293852266e-10 5.467295224472212921e-09 6.159396810667976164e-09 1.307759135940556235e-08 1.817941151911505275e-08 2.267935459841070943e-08 2.540214460062800994e-08 2.615963706229505870e-08 2.463872424257273742e-08 2.326327427442789104e-08 2.187036019473940821e-08
1.311744317995493297e-09 7.893246218186572282e-09 9.301785050130441073e-09 1.889950427391080915e-08 2.517406116703008356e-08 3.025833385432620100e-08 3.266483551308710291e-08 3.268091814137747541e-08 3.042612628085981768e-08 2.878970247012958942e-08 2.724573899268094789e-08
1.964024994836085504e-09 1.135079169500563729e-08 1.386663783526670120e-08 2.687949097629393309e-08 3.433422827141308793e-08 3.982464588247554234e-08 4.157489384383519508e-08 4.063965135777282347e-08 3.756929045762419771e-08 3.568494614851968432e-08 3.398881897230083085e-08
2.946646190090095002e-09 1.624495379332920464e-08 2.039983072303542297e-08 3.763006595162945033e-08 4.614743824489845734e-08 5.175896420049188026e-08 5.244909769743758146e-08 5.037732349037199878e-08 4.642550300796899715e-08 4.430718563265354420e-08 4.245022452849160758e-08
4.424825395446871682e-09 2.312039123148872463e-08 2.961136945686629630e-08 5.187242236257252427e-08 6.116791760882873929e-08 6.650499603373409066e-08 6.568471017882775551e-08 6.233401431123160769e-08 5.744794007835101750e-08 5.510606948930720619e-08 5.306963082822415641e-08
6.642421477434192320e-09 3.270053411832022565e-08 4.240743943859423727e-08 7.044094406347848601e-08 8.002650762879167002e-08 8.459334504232749632e-08 8.178977691099429891e-08 7.707420808550988776e-08 7.120811760182794594e-08 6.864563563809799451e-08 6.639890858537853563e-08
9.956165042569599133e-09 4.593437891993770264e-08 5.992384545440090425e-08 9.428919635679768790e-08 1.034494415003845551e-07 1.066765248627348768e-07 1.014212776253407918e-07 9.531749917732149300e-08 8.842399402992718574e-08 8.563340146588127185e-08 8.313136343376891903e-08
1.488292622866642352e-08 6.405161157845308194e-08 8.356041901589020544e-08 1.245017133448849525e-07 1.322902808238975247e-07 1.335768378182449939e-07 1.254316014024915174e-07 1.179756273809922108e-07 1.099956273043269451e-07 1.069572185275304713e-07 1.041386309105439920e-07
2.216414058977216414e-08 8.862678180417619341e-08 1.150167782554232407e-07 1.623176699597085274e-07 1.675794019731371412e-07 1.663482151802026736e-07 1.549240151562588841e-07 1.461979772256756160e-07 1.370507163175618928e-07 1.337318602991161239e-07 1.305172058037775745e-07
3.285252761295760370e-08 1.216534848880969917e-07 1.563312073415349954e-07 2.091739552239577741e-07 2.105950206753624312e-07 2.063526108429815453e-07 1.913183816999291840e-07 1.814284563869593405e-07 1.710028158296821159e-07 1.673578109547626816e-07 1.636471131730104458e-07
4.842743960795385309e-08 1.656300282061093514e-07 2.099263996086221187e-07 2.667758935514635416e-07 2.629589474684077495e-07 2.553514469193408921e-07 2.364293999057716883e-07 2.254774939659405868e-07 2.136255467353326784e-07 2.095953849276327728e-07 2.052658919429666364e-07
7.094660706457150242e-08 2.236589879098389682e-07 2.786682951635511060e-07 3.372036481570050478e-07 3.267593564663576950e-07 3.156132079991876908e-07 2.925610551385132160e-07 2.806137663014310991e-07 2.671467978611093987e-07 2.626581647128620362e-07 2.575618933843615512e-07
1.032437420901609911e-07 2.995645132739511840e-07 3.659470396366782676e-07 4.230611769544239753e-07 4.047022496098458514e-07 3.900397551588719632e-07 3.626226932483133486e-07 3.496812117613845134e-07 3.343678138808471941e-07 3.293308317518594734e-07 3.232919402912243018e-07
1.491834652921665311e-07 3.980333064060372073e-07 4.757919082297309394e-07 5.276728153237521987e-07 5.002934961643862429e-07 4.823163130797510236e-07 4.502740523100096672e-07 4.362480330533876566e-07 4.188132774329776780e-07 4.131178218578909763e-07 4.059297064103196224e-07
2.139873588961977809e-07 5.247879496179481759e-07 6.130345675061309065e-07 6.553307872585333832e-07 6.180547551352021773e-07 5.970932437006760498e-07 5.601086171030822851e-07 5.447958414472005826e-07 5.249201171023642152e-07 5.184309160938560200e-07 5.098528338727524501e-07
3.046476066635047464e-07 6.868046783412639211e-07 7.835370483653363471e-07 8.115960925448443081e-07 7.637795043920569038e-07 7.402114151152257365e-07 6.978867947738383701e-07 6.809590261588079225e-07 6.582749067014700572e-07 6.508259575642083386e-07 6.405789016108308945e-07
4.304475779052553897e-07 8.925917622606508976e-07 9.945022180524221979e-07 1.003656223931322399e-06 9.448398125244335027e-07 9.189869478054153484e-07 8.708327525380702685e-07 8.518269876427647060e-07 8.259124766470527536e-07 8.173014749382011610e-07 8.050630044325745135e-07
6.036116712214824032e-07 1.152549289365317630e-06 1.254885573211738455e-06 1.240746776510071906e-06 1.170560160457526507e-06 1.142575215853796993e-06 1.088011539103632189e-06 1.066325199869969218e-06 1.036691866986946584e-06 1.026675247718034431e-06 1.012073042231860505e-06
8.401094685056648515e-07 1.479436282765315739e-06 1.575928338922738750e-06 1.534650551179552331e-06 1.452681164768653967e-06 1.422438237727845070e-06 1.360806667398339796e-06 1.335695306930966390e-06 1.301770175444102222e-06 1.290058969169432495e-06 1.272663028811055052e-06
1.160641395891264876e-06 1.888976718347953165e-06 1.971833929844394500e-06 1.900297047197853368e-06 1.805943111155209833e-06 1.772944283852508186e-06 1.703523079316627952e-06 1.674099782045699802e-06 1.635200392579264204e-06 1.621456409193683413e-06 1.600770033901544408e-06
1.591834294532428651e-06 2.400642284254329274e-06 2.460613758654434102e-06 2.356496679717582737e-06 2.248826628279960057e-06 2.212134141386502017e-06 2.134146797875812861e-06 2.099383316043177724e-06 2.054686216575853624e-06 2.038517171081128578e-06 2.013967055706793658e-06
2.167675422020599850e-06 3.038656961314715794e-06 3.065135140820045719e-06 2.926856865615676063e-06 2.804495843819678291e-06 2.762695634925393951e-06 2.675301073536383199e-06 2.634031400645689489e-06 2.582535409253671397e-06 2.563486659870091399e-06 2.534412549654420120e-06
2.931212784056305445e-06 3.833277289805311800e-06 3.814414507124707455e-06 3.640940696412898043e-06 3.501998627558167489e-06 3.453197390705818460e-06 3.355449943438024558e-06 3.306377020536160719e-06 3.246863884321776864e-06 3.224403699115908378e-06 3.190047977148072187e-06
3.936549564230133910e-06 4.822413384092526532e-06 4.745213959186568568e-06 4.535743196970657441e-06 4.377790098394631921e-06 4.319645155001613292e-06 4.210414375664775712e-06 4.152119632910531283e-06 4.083115925033653451e-06 4.056610903792104237e-06 4.016108174760962304e-06
5.251163285001336112e-06 6.053670498481615817e-06 5.904018854353342046e-06 5.657575855562839021e-06 5.477660781290229080e-06 5.407439980102034297e-06 5.285284167596228911e-06 5.216237547002212520e-06 5.135982409989433234e-06 5.104660119456118222e-06 5.057026319599969002e-06
6.958590272597639379e-06 7.586910610595971001e-06 7.349498962161308895e-06 7.064468713498833146e-06 6.859171091428323985e-06 6.773838152902243150e-06 6.636831231165589042e-06 6.555396462037483783e-06 6.461819633429344140e-06 6.424716821770838532e-06 6.368836706147060029e-06
9.161538666819622694e-06 9.497459643038813962e-06 9.155586278495018383e-06 8.829222985907265401e-06 8.594720645748024418e-06 8.491039012397190008e-06 8.336557740462770052e-06 8.240984516224576079e-06 8.131697514423731287e-06 8.087594424098804244e-06 8.022205610083623173e-06
1.198553538619407737e-05 1.188012032172018754e-05 1.141533964402789197e-05 1.104327850704640710e-05 1.077541569661689025e-05 1.065006034652250397e-05 1.047454703393323388e-05 1.036293918703678101e-05 1.023523935875634082e-05 1.018258337769976005e-05 1.010625464327546106e-05
1.558328098063316262e-05 1.485419517175717077e-05 1.424581129486891153e-05 1.382160194006266158e-05 1.351594228823460243e-05 1.336560395714809719e-05 1.316432776287206110e-05 1.303457546569452545e-05 1.288545796089263518e-05 1.282228261011952085e-05 1.273338402140684039e-05
2.013998652799920265e-05 1.856978092266218294e-05 1.779418553727486407e-05 1.730885632597631586e-05 1.696070840839235169e-05 1.678216888124726343e-05 1.654901474691559623e-05 1.639867995701087361e-05 1.622484726612590997e-05 1.614869460961262113e-05 1.604535736621521950e-05
2.588010066858289850e-05 2.321566716130450084e-05 2.224552791332509274e-05 2.168718283344555156e-05 2.129158789066782481e-05 2.108173986068867195e-05 2.080905628644853146e-05 2.063520447838211410e-05 2.043305809772195500e-05 2.034091334331077400e-05 2.022097793564793714e-05
3.307599963338614244e-05 2.902926154229502971e-05 2.783256844227614355e-05 2.718601436780566848e-05 2.673768541024448933e-05 2.649346768644690432e-05 2.617200117419050164e-05 2.597097859351626636e-05 2.573657415842529425e-05 2.562481993477636622e-05 2.548577211973744402e-05
4.205940034351940155e-05 3.630907513043187879e-05 3.484804958353989953e-05 3.409445135357591579e-05 3.358764992854476833e-05 3.330587020478075242e-05 3.292480425071830111e-05 3.269196746610123915e-05 3.242091478146558864e-05 3.228530912871079527e-05 3.212420406476120921e-05
5.323645355860441434e-05 4.543043928624976801e-05 4.366030401103563685e-05 4.277686662484125744e-05 4.220519871198137878e-05 4.188222267992076383e-05 4.142932291792424500e-05 4.115873463109111561e-05 4.084602846590001501e-05 4.068170525525390127e-05 4.049508059663241337e-05
6.710766638871275877e-05 5.686529542393650591e-05 5.473289506383011800e-05 5.369257384551718622e-05 5.304868161327229155e-05 5.267997872218139224e-05 5.214182498542915405e-05 5.182593481428311049e-05 5.146571126316269550e-05 5.126719533686877311e-05 5.105097396033535646e-05
8.429397988950616642e-05 7.120710650488405204e-05 6.864935942844531251e-05 6.742059743708842293e-05 6.669572153923604462e-05 6.627527267087754718e-05 6.563753664230986265e-05 6.526686599949640553e-05 6.485209161743360538e-05 6.461331453599540695e-05 6.436269683476418524e-05
1.055704836266266550e-04 8.920218808315407658e-05 8.614434073458569546e-05 8.469082556065306007e-05 8.387421582940463147e-05 8.339380397833806612e-05 8.264151201961889340e-05 8.220435710102935766e-05 8.172647162974202499e-05 8.144076875297498041e-05 8.115011326829752651e-05
1.319093892214530416e-04 1.117890455709974386e-04 1.081426923322668292e-04 1.064231105381756797e-04 1.055012729808466591e-04 1.049496916224545258e-04 1.040674006605986297e-04 1.035495570358010243e-04 1.029981021788604304e-04 1.026581689394069299e-04 1.023208588672041322e-04
1.645340171012173137e-04 1.401476196865503903e-04 1.358084437028807636e-04 1.337761912176652654e-04 1.327319761135231809e-04 1.320941984940226502e-04 1.310660118331069448e-04 1.304505097931101508e-04 1.298127826979174749e-04 1.294105679935457747e-04 1.290188602029235709e-04
2.049856731792695200e-04 1.757606472036815279e-04 1.706058310503114636e-04 1.682086146916534936e-04 1.670201721731332640e-04 1.662765264681021914e-04 1.650858874124456739e-04 1.643527120175149224e-04 1.636134800164794529e-04 1.631399977797914316e-04 1.626848506948298627e-04
2.552053680526449953e-04 2.204895620594346755e-04 2.143748119347879081e-04 2.115540558331296245e-04 2.101937074941098043e-04 2.093190973338422049e-04 2.079483203783302921e-04 2.070740777738234767e-04 2.062153791625621771e-04 2.056604250184137258e-04 2.051313020729844899e-04
3.176322522234298427e-04 2.766673505053022716e-04 2.694234753395797891e-04 2.661134327020699803e-04 2.645465251853666017e-04 2.635097236583156042e-04 2.619392521930224201e-04 2.608967378913323366e-04 2.598977729273094315e-04 2.592495407621615280e-04 2.586341868846162798e-04
3.953201843592020611e-04 3.472102960494267043e-04 3.386392868488809736e-04 3.347657588534016094e-04 3.329495729278784521e-04 3.317126032850558747e-04 3.299200142751420890e-04 3.286776425097574588e-04 3.275147327327590117e-04 3.267593352270475979e-04 3.260435245374699188e-04
4.920726399519199891e-04 4.357492432524865994e-04 4.256198140151860052e-04 4.210983993041222235e-04 4.189811825249177253e-04 4.174987835289329578e-04 4.154575883855588523e-04 4.139786555998840726e-04 4.126252235279130446e-04 4.117461306033041025e-04 4.109133839319042817e-04
6.125936582934280502e-04 5.467783715690529124e-04 5.348209601131325309e-04 5.295548038631731893e-04 5.270749770190149425e-04 5.252941385045139990e-04 5.229724517142245307e-04 5.212142313460979733e-04 5.196407334377133730e-04 5.186181527507273100e-04 5.176494239330060127e-04
7.626480294051736020e-04 6.858148817261281761e-04 6.717161788142972899e-04 6.655932604151728466e-04 6.626788227083194255e-04 6.605383707184844582e-04 6.578975327238705028e-04 6.558102309067102538e-04 6.539839713003259931e-04 6.527942052752323029e-04 6.516675364794293282e-04
9.492167240381006472e-04 8.595558159513967461e-04 8.429530086617452759e-04 8.358430996560731749e-04 8.324112344364230972e-04 8.298414486651167765e-04 8.268346990293224145e-04 8.243603391589348793e-04 8.222451055908482249e-04 8.208599302221665029e-04 8.195500807430398027e-04
1.180623153122838413e-03 1.076008000177161280e-03 1.056483095461166087e-03 1.048234630546608518e-03 1.044191504686830608e-03 1.041113767663758493e-03 1.037685073294340428e-03 1.034756419137374721e-03 1.032311918360807705e-03 1.030698040562923927e-03 1.029176103108496486e-03
1.466592254287846925e-03 1.344553870949128857e-03 1.321628719111123118e-03 1.312065947384481691e-03 1.307306715044696029e-03 1.303633226628500260e-03 1.299716383472345046e-03 1.296256053640743727e-03 1.293437180703717326e-03 1.291555843895574518e-03 1.289788879840318486e-03
1.818188728126612051e-03 1.675900767288897916e-03 1.649033734265108186e-03 1.637954649068412141e-03 1.632363722561644154e-03 1.627997368256940301e-03 1.623515518090551434e-03 1.619435487674731992e-03 1.616191536574101452e-03 1.613998358873905805e-03 1.611949110549297471e-03
