1.881810380252112892e-17 1.508731569075676061e-21 2.608979051797422029e-21 4.822421528548059806e-21 9.039943550485674820e-21 1.949957525511235856e-20 6.321064614078047048e-20 3.327231122787231124e-19 1.713583616236294003e-18 4.049575289381245939e-17 1.846967714512634762e-15
2.667420032605694686e-17 2.148165738879004436e-21 3.868773489149353403e-21 7.628221594080139569e-21 1.543806576346262489e-20 3.559973552048870481e-20 1.218077750182333829e-19 6.529639083600459197e-19 3.310781647392307958e-18 6.268950011003860737e-17 2.713273792845113351e-15
3.781003342174103511e-17 3.064212858698553960e-21 5.826798944746759581e-21 1.240632315085521053e-20 2.716260064439506151e-20 6.649089765224622359e-20 2.376942346579323905e-19 1.294086788824306785e-18 6.503466251943694735e-18 9.981323397796544182e-17 4.022269904751522815e-15
5.359482356938175348e-17 4.382107681082312839e-21 8.948624101144403675e-21 2.079015910262373169e-20 4.912795848204351849e-20 1.265491347605634678e-19 4.684137137887303562e-19 2.585156187958713020e-18 1.294722323419176032e-17 1.641793015177487492e-16 6.025385662198206538e-15
7.596941742646557760e-17 6.289216273155854891e-21 1.407015957392459253e-20 3.591527383797278170e-20 9.103280846805934423e-20 2.445182371942953808e-19 9.302312810851335207e-19 5.198288318514609048e-18 2.605160247775203673e-17 2.796666142572871468e-16 9.130663116910418550e-15
1.076849364720980737e-16 9.070919861248102151e-21 2.273033689919001877e-20 6.387835292434079893e-20 1.721417319250063901e-19 4.780897578488186448e-19 1.858805290780887701e-18 1.051108337045375116e-17 5.285287043016711443e-17 4.930965161989436421e-16 1.400465753002274238e-14
1.526410627904587158e-16 1.317152625422091413e-20 3.782311711654235736e-20 1.166514824492792057e-19 3.309142945410443523e-19 9.434441622755416416e-19 3.733319300523812557e-18 2.135557847761653974e-17 1.078732568794023082e-16 8.966190667619006507e-16 2.173921740797061227e-14
2.163655638548034879e-16 1.930081235833668250e-20 6.488538879910342876e-20 2.179232329525938064e-19 6.444460842817984790e-19 1.875276413496681157e-18 7.531275960561737500e-18 4.356663058625041394e-17 2.210222341543476493e-16 1.671143247837066836e-15 3.412078901554461201e-14
3.066940305692102027e-16 2.862567589271648211e-20 1.146561805739287878e-19 4.148403234304745300e-19 1.267822702528359635e-18 3.749139649468769363e-18 1.525304763089236311e-17 8.917872523302721569e-17 4.536233120018564840e-16 3.169114743738826250e-15 5.405801142809607348e-14
4.347334314678060631e-16 4.312353455917689819e-20 2.081857772107809383e-19 8.016731609608950337e-19 2.514001167136631909e-18 7.531619283774114658e-18 3.100433926098725821e-17 1.830030006808493235e-16 9.305310823149659283e-16 6.069073318960975547e-15 8.624732899855449737e-14
6.162280031074885908e-16 6.624775124106308076e-20 3.870733618705661208e-19 1.567636868744834291e-18 5.016426636115469274e-18 1.519359879531602151e-17 6.323296168785220736e-17 3.760783801474973024e-16 1.903545942951877157e-15 1.165765285022597778e-14 1.381860733859434036e-13
8.734955027988200330e-16 1.042020245883021994e-19 7.340455724690955540e-19 3.093778358217804707e-18 1.006108998192421361e-17 3.076660118839535651e-17 1.293503061732641378e-16 7.729473820276390092e-16 3.874469712731027064e-15 2.233130005527824840e-14 2.216763941297795854e-13
1.238172044934549382e-15 1.684139013403242260e-19 1.414437642981032859e-18 6.149822298343963662e-18 2.026668685458324385e-17 6.252254184891567485e-17 2.652609505278556958e-16 1.586349768925451612e-15 7.829225121426680693e-15 4.246501267066939390e-14 3.549977289187710311e-13
1.755103280515501731e-15 2.803856183894794223e-19 2.760033902602998978e-18 1.229530029957610365e-17 4.098191853069369357e-17 1.274793171890502866e-16 5.449304009332720394e-16 3.245392296883616872e-15 1.567361272524827642e-14 7.987371523308947574e-14 5.659535099467706584e-13
2.487860841806678440e-15 4.812829591051381054e-19 5.438982809736447030e-18 2.469953140339411468e-17 8.316327089283398770e-17 2.607170618352900346e-16 1.120297348456930251e-15 6.606023817116837351e-15 3.102515187653843745e-14 1.481964163734336801e-13 8.960098365732792705e-13
3.526563192596651312e-15 8.510063265042614412e-19 1.080112078862226220e-17 4.982309959705459926e-17 1.693118789007751238e-16 5.346130185727016109e-16 2.301930627926619725e-15 1.335301273502443331e-14 6.061522488034803242e-14 2.706620408282736240e-13 1.405728200046175984e-12
4.998964053214188063e-15 1.546304033780720879e-18 2.158183043425630592e-17 1.008760786370910563e-16 3.457267831983070064e-16 1.098409233401339429e-15 4.720095795032368037e-15 2.675184433732973311e-14 1.167041108315816508e-13 4.858379811322814791e-13 2.181639716850183047e-12
7.086174576076159801e-15 2.877241623744693390e-18 4.334092455331602847e-17 2.049474623039623169e-16 7.077641927362206722e-16 2.259106814987679889e-15 9.641770558525532569e-15 5.302335773332263543e-14 2.211199064648696479e-13 8.560940944834125217e-13 3.344608000091762400e-12
1.004495742547503656e-14 5.461147462994501894e-18 8.741249512791149711e-17 4.177244638225251072e-16 1.451739163214443073e-15 4.645399522706332681e-15 1.958412613310715635e-14 1.037954306998683951e-13 4.118056850715131086e-13 1.479596229106018657e-12 5.059585273608511312e-12
1.423934298896499025e-14 1.053348660597687890e-17 1.769674340022156073e-16 8.538840107752680930e-16 2.980978635528053259e-15 9.536082454073454948e-15 3.947910442548865407e-14 2.003609924183932344e-13 7.530876325938538808e-13 2.506619408567060059e-12 7.546501211038413961e-12
2.018547140462029044e-14 2.057748375034444865e-17 3.594956897954563161e-16 1.749734933551862235e-15 6.120779077423806098e-15 1.950868282482966599e-14 7.883738327695895951e-14 3.808668876833453526e-13 1.351224963224220263e-12 4.160778950298267846e-12 1.109187603112657007e-11
2.861520335353863696e-14 4.060303604280301312e-17 7.325258708814032107e-16 3.591832389442312608e-15 1.254947068702758459e-14 3.969926283176557089e-14 1.556764662657728851e-13 7.120920156613175913e-13 2.377098663064166333e-12 6.765364583689582396e-12 1.606067810457691099e-11
4.056637390524772107e-14 8.075201339475410560e-17 1.496584572953024200e-15 7.379375254475810292e-15 2.565145189127387664e-14 8.020279240631859023e-14 3.034733321826962974e-13 1.308140874615455545e-12 4.098026932179476059e-12 1.077430986080709559e-11 2.290802354441658538e-11
5.751088229978143643e-14 1.616204976239647931e-16 3.063975578811983513e-15 1.515477872240875358e-14 5.217883757670701306e-14 1.605496987242960090e-13 5.831424778172567972e-13 2.359131340447175689e-12 6.920510657656097321e-12 1.680648572446047888e-11 3.219060965762974160e-11
8.153653993160177441e-14 3.251592790954310713e-16 6.281194169247514113e-15 3.106412423677086850e-14 1.054299968151686710e-13 3.178600265500427992e-13 1.103087061378721358e-12 4.173676838779070265e-12 1.144505164499213198e-11 2.568111762655826305e-11 4.457832957468085581e-11
1.156053486163267295e-13 6.570458429666373135e-16 1.288056502615040955e-14 6.344672422498961157e-14 2.112070496902916225e-13 6.213219290186165084e-13 2.051757299151169500e-12 7.239450421674365642e-12 1.853292922278006032e-11 3.845144206816461883e-11 6.086732801515272195e-11
1.639205326094340025e-13 1.332659771099740621e-15 2.638885351691808118e-14 1.288841067243588237e-13 4.187339172300391801e-13 1.197203842719515503e-12 3.748840793184752775e-12 1.230608171007227679e-11 2.938296221313187703e-11 5.643357982844591189e-11 8.199676076350195332e-11
2.324484807714441238e-13 2.711578622276756729e-15 5.393388868004867340e-14 2.598970938350198910e-13 8.201828444000389258e-13 2.270816752398218288e-12 6.723047073931405476e-12 2.049373323747254028e-11 4.561401935117689704e-11 8.122837235916420405e-11 1.090725827944364180e-10
3.296616405656113894e-13 5.531539345379506850e-15 1.097863731469249348e-13 5.192685454111979205e-13 1.584691874152445882e-12 4.234753816985327988e-12 1.182609903528902873e-11 3.342861541859166294e-11 6.934683754201184250e-11 1.147358876068563971e-10 1.434026417641510363e-10
4.675970980885410934e-13 1.130530226275555238e-14 2.221905954156638978e-13 1.026077374193155091e-12 3.015988952477119325e-12 7.756250595554624494e-12 2.039345862556964213e-11 5.340328160572564599e-11 1.032773086936121930e-10 1.591655292534271779e-10 1.865480295648497787e-10
6.633671703423338984e-13 2.312842482048698707e-14 4.462964228699514413e-13 2.001832229671138836e-12 5.647139659502282834e-12 1.394025412591665310e-11 3.446174620942197136e-11 8.355499538451325949e-11 1.507337374829019005e-10 2.170489431442543082e-10 2.403959434296084607e-10
9.413189675567821539e-13 4.731112676070008712e-14 8.881456675552658736e-13 3.850022057970805036e-12 1.039149295900206753e-11 2.456798603336488852e-11 5.704992574902168142e-11 1.280505017575077953e-10 2.157135692821032104e-10 2.912676161944155032e-10 3.072592472352872525e-10
1.336128869429384314e-12 9.664279477727490587e-14 1.748179765761985527e-12 7.289352429424508338e-12 1.877524724609779487e-11 4.243217881514864966e-11 9.250542895253246370e-11 1.922615001329595159e-10 3.029013194476748532e-10 3.851113303552142647e-10 3.900076709657748194e-10
1.897249495948653469e-12 1.968438400397461069e-13 3.398281659381823214e-12 1.357009735455003559e-11 3.328327791483891814e-11 7.178807306955212228e-11 1.469072941080554969e-10 2.829138920156326858e-10 4.176788003498940171e-10 5.023865000141622421e-10 4.922354509468393660e-10
2.695323237618550290e-12 3.991351426662629160e-13 6.514743629030512093e-12 2.481406318487154758e-11 5.785431685681582769e-11 1.189318477976851451e-10 2.285068535254947185e-10 4.081975674439447790e-10 5.661502026793958052e-10 6.475941178942182777e-10 6.184705928430409384e-10
3.831472573984865921e-12 8.043256994240830802e-13 1.230159987765445079e-11 4.453047622570581099e-11 9.856186224378488226e-11 1.929039854036475636e-10 3.481745941837358914e-10 5.778338569516124739e-10 7.552161502341787779e-10 8.261953047206439155e-10 7.744322336599458096e-10
5.450828403808713947e-12 1.608130343457765058e-12 2.285511304625430696e-11 7.837027986410494312e-11 1.645104294355201742e-10 3.062939810762357832e-10 5.198130762546064813e-10 8.031154658441892819e-10 9.927398944290175657e-10 1.044978776855431323e-09 9.673450999705249322e-10
7.762351303643327794e-12 3.184721276557441864e-12 4.174089253614194848e-11 1.351860117800149598e-10 2.689601925742022876e-10 4.760968958222216262e-10 7.606949027120182382e-10 1.096957572141355989e-09 1.287852788917241334e-09 1.312540154161278632e-09 1.206323967247776057e-09
1.106807742990618063e-11 6.237436573707864082e-12 7.487901535564189472e-11 2.284584814259546409e-10 4.306652539724185780e-10 7.245467332492598037e-10 1.091696595284453034e-09 1.474025475490110852e-09 1.651443502512343061e-09 1.639879724765481726e-09 1.502846318522679808e-09
1.580660482634873624e-11 1.206434038324901876e-11 1.318566461114297977e-10 3.781292754552561616e-10 6.753730159427017669e-10 1.079835005732066056e-09 1.537427496710956139e-09 1.951028479712548414e-09 2.096866349596684614e-09 2.041125002427538132e-09 1.871337972751332715e-09
2.261828319129233700e-11 2.301470814874701719e-11 2.278066212415743440e-10 6.128353406898782971e-10 1.037389946551914633e-09 1.576626014722050041e-09 2.126298125547240577e-09 2.547285465979784436e-09 2.640891229943453381e-09 2.534388735365377901e-09 2.329904198252282844e-09
3.244374081948412392e-11 4.325350764792753108e-11 3.859962869572075110e-10 9.724780450568610296e-10 1.561083029957215535e-09 2.256314115648015221e-09 2.890630920106118110e-09 3.285669663933296362e-09 3.304905708092624112e-09 3.142782769273205522e-09 2.901247766079045070e-09
4.667394575693415514e-11 8.000720470079076740e-11 6.412536365989570751e-10 1.510980596717663446e-09 2.302171519355333761e-09 3.167039592924284768e-09 3.866979238234734684e-09 4.194026219304228563e-09 4.116374652371051763e-09 3.895623248768450943e-09 3.613825790844428343e-09
6.738027928383850050e-11 1.455369230977819604e-10 1.044307548359460684e-09 2.299010292204466270e-09 3.328687428612691903e-09 4.363587715688248266e-09 5.096875231052919371e-09 5.307128710608859004e-09 5.110570168397108636e-09 4.829882297390797499e-09 4.503309609779432241e-09
9.766907412222687530e-11 2.601722808559076802e-10 1.667029174113556991e-09 3.426391483543310220e-09 4.721560059522543324e-09 5.907427716838757149e-09 6.628260296126251270e-09 6.669207459610465581e-09 6.332607823701035108e-09 5.991964633691864035e-09 5.614427226470689867e-09
1.422296049987216257e-10 4.568343298609338973e-10 2.608433922551691247e-09 5.003944180617323649e-09 6.574915742179770555e-09 7.867280581785686743e-09 8.517853115374409064e-09 8.337055250866909156e-09 7.839864575139762572e-09 7.439914156046520587e-09 7.003287123438027437e-09
2.081816506362936495e-10 7.875654548569813194e-10 4.001152895383822304e-09 7.164584471244194975e-09 8.996370719342924456e-09 1.032070419106967894e-08 1.083467742947536895e-08 1.038370855930012012e-08 9.704905964373994114e-09 9.246185989976083335e-09 8.740306878934630807e-09
3.063839496185793149e-10 1.332646742533680375e-09 6.017940891267345790e-09 1.006373787148897934e-08 1.210780777504524792e-08 1.335721914721378402e-08 1.366491302997239881e-08 1.290272636639619320e-08 1.201910892714510633e-08 1.150115564754511062e-08 1.091390156265483456e-08
4.534452705436151807e-10 2.212891510697054454e-09 8.877703970725626578e-09 1.387944304027512161e-08 1.604732653649994130e-08 1.708344766536943543e-08 1.711816804068769955e-08 1.601315064368727692e-08 1.489722520030594596e-08 1.431758145934129704e-08 1.363512712730929859e-08
6.747942239901471018e-10 3.605627056373585415e-09 1.285056296162447920e-08 1.881292546209914899e-08 2.097319860689158153e-08 2.163060324963753312e-08 2.133522472768003347e-08 1.986533179354706090e-08 1.848318404856114984e-08 1.783629213278161155e-08 1.704352509753031607e-08
1.009322631970537692e-09 5.764689870373790422e-09 1.826167831488098587e-08 2.509082846972088103e-08 2.707070544460139341e-08 2.716448242497808758e-08 2.649731199194962929e-08 2.464793086061148852e-08 2.295748169940960618e-08 2.223344045639634308e-08 2.131447943222481470e-08
1.516331340457229923e-09 9.044453125971439973e-09 2.549398409491244524e-08 3.297060826320651379e-08 3.456267636558718145e-08 3.389793205178739755e-08 3.283702608588096815e-08 3.059655587392141231e-08 2.854655461768604571e-08 2.772974830204644648e-08 2.666847786534861281e-08
2.285787654091512310e-09 1.392749827469937362e-08 3.499061149842590741e-08 4.275073643123854082e-08 4.372439765697760613e-08 4.210567454337478088e-08 4.065116569767839459e-08 3.800464015316510945e-08 3.553459735196717786e-08 3.460226845423371365e-08 3.338277262765933036e-08
3.453259174866670759e-09 2.105509370512891092e-08 4.725856605461910029e-08 5.478724677746117335e-08 5.490338801350184741e-08 5.214144431289172683e-08 5.031596372131072895e-08 4.723731909129536223e-08 4.427838120039409226e-08 4.319930802504589817e-08 4.180606473928666167e-08
5.221325390688918758e-09 3.125925571423405050e-08 6.287604062217943502e-08 6.951781667132060293e-08 6.854440975607625599e-08 6.445767314681410204e-08 6.230547141227911481e-08 5.874921179395766089e-08 5.522577780766564120e-08 5.395930242804230694e-08 5.237699905606627159e-08
7.889786695082240538e-09 4.559498231088587384e-08 8.250644135167128070e-08 8.749407408478858656e-08 8.522008911239089266e-08 7.962846867783968473e-08 7.721416489391519361e-08 7.310717999347092305e-08 6.893891095075079214e-08 6.743460985435388521e-08 6.564746281130503187e-08
1.189758607773240592e-08 6.537142998306109627e-08 1.069226171012696554e-07 1.094223363784009312e-07 1.056677057300188584e-07 9.837731857317659114e-08 9.578518988933113008e-08 9.101934551945162053e-08 8.612316374119164622e-08 8.432143239129144581e-08 8.231193966807123709e-08
1.788002262392432571e-08 9.218149644073253342e-08 1.370448064966917078e-07 1.362127288781660629e-07 1.308330901276479709e-07 1.216117431351721496e-07 1.189460429348186928e-07 1.133719348052641940e-07 1.076636628683983825e-07 1.054973857622158344e-07 1.032444983077588611e-07
2.674555790872817798e-08 1.279305754517961271e-07 1.739954464165020024e-07 1.690368061461858077e-07 1.619230999732711662e-07 1.504679129434121076e-07 1.478539273820367357e-07 1.412759240800784844e-07 1.346713443073246290e-07 1.320686627793175942e-07 1.295454069872455437e-07
3.977728919476149063e-08 1.748671709082964660e-07 2.191733532684030192e-07 2.093945452087529313e-07 2.004687673354507974e-07 1.863689617108109748e-07 1.839535549640910253e-07 1.761260202130622355e-07 1.685412709709391505e-07 1.654292929738983052e-07 1.625998855747242094e-07
5.876498776152054047e-08 2.356204917921057947e-07 2.743491594782637979e-07 2.591929244350862547e-07 2.484018656491253036e-07 2.311013178172959343e-07 2.290508307536727338e-07 2.196752611488327222e-07 2.110265230302036244e-07 2.073357155916438544e-07 2.041521624550250067e-07
8.617448790625424273e-08 3.132528841157264144e-07 3.417836135648662192e-07 3.208401473959213679e-07 3.081483364720425301e-07 2.869138780292602816e-07 2.854067045322879126e-07 2.741294782114611856e-07 2.643317359381373021e-07 2.600007740012434451e-07 2.563988309200695648e-07
1.253621811367932560e-07 4.113377019884335051e-07 4.243707863464636070e-07 3.973617279213986521e-07 3.827428253064314024e-07 3.566453564336151670e-07 3.558565371541189644e-07 3.422670430195875582e-07 3.312312721238899941e-07 3.262123253361806774e-07 3.221065431182093475e-07
1.808434372130449035e-07 5.340756792923154882e-07 5.258096265321265202e-07 4.925469034207350710e-07 4.759696747492428099e-07 4.438858329698397093e-07 4.439616595756630156e-07 4.275907347759715897e-07 4.152181750672259666e-07 4.094829681763638048e-07 4.047603959918513709e-07
2.586249351718571920e-07 6.864648102585319771e-07 6.508097637133670482e-07 6.111360252002879138e-07 5.925373478404652609e-07 5.531796223973172544e-07 5.542014453807662710e-07 5.345202304850945365e-07 5.206916082157980502e-07 5.142389746344794671e-07 5.087510243766551252e-07
3.666121001776865148e-07 8.745401112116566725e-07 8.053408603684607415e-07 7.590616493117557389e-07 7.382956574201865842e-07 6.902783333202650093e-07 6.922162414203014112e-07 6.686356915555687216e-07 6.531925984172943702e-07 6.460584602105519841e-07 6.396105117371007716e-07
5.151040159450122190e-07 1.105700563905641578e-06 9.969389187010566371e-07 9.437581451979662865e-07 9.205085768931496541e-07 8.624556293124649299e-07 8.651139971994691015e-07 8.369852945750962038e-07 8.197007674891536829e-07 8.119712731428112336e-07 8.043098725932724569e-07
7.173892042006979102e-07 1.389141420167733567e-06 1.235087476542307266e-06 1.174557035544303843e-06 1.148199952961666266e-06 1.078898948378634264e-06 1.081856528367615508e-06 1.048472496060617879e-06 1.029008511969725748e-06 1.020836227099578728e-06 1.011634195990988351e-06
9.904564723246867373e-07 1.736411478485849559e-06 1.531696422304735378e-06 1.463188375636846482e-06 1.432595206954920835e-06 1.351198439609176386e-06 1.353745218042773443e-06 1.314342567127112749e-06 1.292193904763200408e-06 1.283815381937455717e-06 1.272655747333440865e-06
1.355835766605111169e-06 2.162117666137387412e-06 1.901706317474534414e-06 1.824412719040378834e-06 1.787689128585852669e-06 1.693959739833698070e-06 1.695030845876932416e-06 1.648792789918358192e-06 1.623219522561031491e-06 1.614970387389829168e-06 1.601330634835714023e-06
1.840585176108488420e-06 2.684804049978434733e-06 2.363852055012457497e-06 2.276814034728460444e-06 2.230978169712064823e-06 2.125575008657546597e-06 2.123678480558095994e-06 2.069737038706553544e-06 2.039691510071471416e-06 2.032012772306366674e-06 2.015251344868636630e-06
2.478443091020083144e-06 3.328039952556435662e-06 2.941627128162686305e-06 2.843791742180422778e-06 2.784405331207927041e-06 2.669195955119923815e-06 2.662326447411663326e-06 2.599763692988492617e-06 2.563821582130929336e-06 2.557248852175799594e-06 2.536595901048231588e-06
3.311171014766295721e-06 4.121762706849850284e-06 3.664499668281989005e-06 3.554800211989875590e-06 3.475577004036030487e-06 3.353963607497325872e-06 3.339488910963904612e-06 3.267336424958334379e-06 3.223644586664641017e-06 3.218771052477425906e-06 3.193325063811486739e-06
4.390125449022260872e-06 5.103935108262045991e-06 4.569444727275502517e-06 4.446897112044544028e-06 4.339324318124772633e-06 4.216562681168536730e-06 4.191065368672403698e-06 4.108300933414791198e-06 4.054556212655080969e-06 4.051961393654073282e-06 4.020692439195863339e-06
5.778119916845034407e-06 6.322596087120961523e-06 5.702874957500470860e-06 5.566678539583892602e-06 5.419697194266027377e-06 5.303184273613092949e-06 5.262238242813332694e-06 5.167777861524866447e-06 5.101250302330401406e-06 5.101390268540932857e-06 5.063149337884642476e-06
7.551673747501751617e-06 7.838405882438402383e-06 7.123074679756958388e-06 6.972700002802224873e-06 6.772498160341226433e-06 6.672000338169121970e-06 6.609862779043921833e-06 6.502543842136181304e-06 6.420154331190486269e-06 6.423215269390933642e-06 6.376747639575541087e-06
9.803794875814250435e-06 9.727814735939224904e-06 8.903271051393800940e-06 8.738509543057763258e-06 8.468486220925398625e-06 8.396278472043703747e-06 8.305482667109199754e-06 8.184030045102172026e-06 8.082486725258201192e-06 8.088211765757876085e-06 8.032170935331434743e-06
1.264750977429782157e-05 1.208701813218637497e-05 1.113551146915266788e-05 1.095645476027423734e-05 1.059741030408524335e-05 1.056829792661007166e-05 1.043914131841982414e-05 1.030210229255137129e-05 1.017809296793939894e-05 1.018560063528024616e-05 1.011855830646901923e-05
1.622043226761715499e-05 1.503690397526481267e-05 1.393555965287750898e-05 1.374247195053696323e-05 1.327306935158284117e-05 1.330426966578721316e-05 1.312420385945133661e-05 1.296983072319552534e-05 1.282026137868591645e-05 1.282788090189027366e-05 1.274832809687191692e-05
2.069074939592149782e-05 1.872925077449025074e-05 1.744907595671369891e-05 1.724212615517589376e-05 1.663964501898939328e-05 1.675051722802508254e-05 1.650346027677035947e-05 1.632951259549264214e-05 1.615177665392531658e-05 1.615692848371014600e-05 1.606326326267101690e-05
2.626509044109442961e-05 2.335450465299858250e-05 2.185941330979567160e-05 2.163824895393366558e-05 2.087961700567660708e-05 2.109124367938780675e-05 2.075684805254256725e-05 2.056028218721959856e-05 2.035254244644722109e-05 2.035168987344129348e-05 2.024218823446856361e-05
3.319882954770007975e-05 2.915155111587288390e-05 2.739744311949145346e-05 2.716061932165563965e-05 2.622365466574192160e-05 2.655829582685461919e-05 2.611121626325800475e-05 2.588773061969632940e-05 2.564919619836794092e-05 2.563788514915918800e-05 2.551065328895371371e-05
4.180945205490836408e-05 3.642000969739591525e-05 3.435393127098026106e-05 3.409825411909042609e-05 3.296298662034282507e-05 3.344344322086771360e-05 3.285265687564442361e-05 3.259607026134847438e-05 3.232725314639663052e-05 3.230024276377768693e-05 3.215315056456450059e-05
5.249369566909009008e-05 4.553572072403917558e-05 4.309512009308833288e-05 4.281502018403941963e-05 4.146488768083547542e-05 4.211382022274791121e-05 4.134205855357597396e-05 4.104351819669562970e-05 4.074645541584536769e-05 4.069792429411098910e-05 4.052852121512733486e-05
6.574927416523987822e-05 5.697026841554751801e-05 5.408234545364879522e-05 5.376945007246288665e-05 5.219209456217955656e-05 5.303133961874299389e-05 5.203470044679522774e-05 5.168174632724387710e-05 5.136017069944881448e-05 5.128396637847605155e-05 5.108938147485119727e-05
8.220212439516319351e-05 7.131559800953746892e-05 6.789673569752131084e-05 6.753983834646888357e-05 6.572717321467211413e-05 6.677708209149557617e-05 6.550490514709920152e-05 6.508045651880323601e-05 6.473988804160630628e-05 6.462977477352522377e-05 6.440660213865406194e-05
1.026403096496068519e-04 8.931503954729773625e-05 8.527030415293256440e-05 8.485591470297872488e-05 8.280311410539134098e-05 8.408190327651412956e-05 8.247701651880595263e-05 8.195838980313130526e-05 8.160609988009912311e-05 8.145595520554829705e-05 8.120012480937134267e-05
1.280559792207766688e-04 1.119023456187573146e-04 1.071250549589070831e-04 1.066386325328142441e-04 1.043417259577438390e-04 1.058647813243530504e-04 1.038642590950778513e-04 1.032223650673450423e-04 1.028671398205447258e-04 1.026710555276306368e-04 1.023776875590136018e-04
1.596971208904596836e-04 1.402506716112847005e-04 1.346220543459509839e-04 1.340498692267181268e-04 1.315017213735585576e-04 1.332807440694599879e-04 1.308173583166833494e-04 1.300162491902205652e-04 1.296678538286243976e-04 1.294201099892328816e-04 1.290833489581746094e-04
1.991312101665743443e-04 1.758337388291042827e-04 1.692227331539912527e-04 1.685540842371169420e-04 1.657387059898353225e-04 1.677805340392514563e-04 1.647851182174052138e-04 1.637820496307199828e-04 1.634502851287193161e-04 1.631451829805892148e-04 1.627580065850226638e-04
2.483231635414764231e-04 2.205016463011258529e-04 2.127648983663893607e-04 2.119941645085761850e-04 2.088795234945317711e-04 2.111844177821427867e-04 2.075893869024099793e-04 2.063355166731404785e-04 2.060287757215373793e-04 2.056603305715471385e-04 2.052143281336630133e-04
3.097300732376888398e-04 2.765737931990046978e-04 2.675558970574236730e-04 2.666836833273414690e-04 2.632134338574445339e-04 2.657725825317271227e-04 2.615168463938308849e-04 2.599586095350501125e-04 2.596818897286070293e-04 2.592433937711012678e-04 2.587285100827019409e-04
3.864147683093380431e-04 3.469509012169962156e-04 3.364848610213897785e-04 3.355173872645503090e-04 3.316021762588186443e-04 3.343941503392746230e-04 3.294296034421856042e-04 3.275106913265368562e-04 3.272631092373275716e-04 3.267465740553189514e-04 3.261508166449026747e-04
4.821789197356891291e-04 4.352468201986906221e-04 4.231546117703740184e-04 4.221005494146198790e-04 4.176097274824597358e-04 4.205956144000979713e-04 4.148952702365650363e-04 4.125590240383076993e-04 4.123309804104680651e-04 4.117264621853643160e-04 4.110355730833410606e-04
6.017136620502927654e-04 5.459381562255674657e-04 5.320311360358134485e-04 5.308953703163668504e-04 5.256500018798065423e-04 5.287669620931547765e-04 5.223346108536208905e-04 5.195265484736895064e-04 5.192967958141723019e-04 5.185915994469108333e-04 5.177886963166296102e-04
7.507609131385966934e-04 6.845251593345679560e-04 6.686039485272018057e-04 6.673782187801047565e-04 6.611462192751202394e-04 6.642992764497607922e-04 6.571802809451371017e-04 6.538504466322835485e-04 6.535833730112405003e-04 6.527611332910169704e-04 6.518263294996749302e-04
9.362711004994980681e-04 8.576901080365771169e-04 8.395435130387960115e-04 8.381944940967709897e-04 8.306885359920279958e-04 8.337405624298660500e-04 8.260330767565475128e-04 8.221379559632146410e-04 8.217813946625972515e-04 8.208210509614040492e-04 8.197310705001254610e-04
1.166532405402585923e-03 1.073429172735678068e-03 1.052831739302443649e-03 1.051287747488368002e-03 1.042166317011486258e-03 1.044926463497784916e-03 1.036791988792619412e-03 1.032295865253896223e-03 1.031779658739600874e-03 1.030654377181139175e-03 1.029382189516994455e-03
1.451233009625287236e-03 1.341120490100075439e-03 1.317828461091101553e-03 1.315966443776933831e-03 1.304838172280128970e-03 1.307049460894942235e-03 1.298721289268556234e-03 1.293597103080459812e-03 1.292832509298883284e-03 1.291508658308542466e-03 1.290023171652683555e-03
1.801402263339960640e-03 1.671475965595968591e-03 1.645221741256705202e-03 1.642856396493398924e-03 1.629287617283874936e-03 1.630615080380915004e-03 1.622402890285250037e-03 1.616632823772536738e-03 1.615512699930204445e-03 1.613949039711829684e-03 1.612214909776472742e-03
