5.909684159620013891e-06 7.013856731182011863e-05 3.185167687229741897e-04 7.322353008566612241e-04 1.330712306038064419e-03 2.373540127519291939e-03 4.826255968727598787e-03 1.218343357754143007e-02 2.876691200880595808e-02 6.620848720154356992e-02 8.499554708570790373e-02
7.101965775343509957e-06 8.852723893518664661e-05 4.023935392748209466e-04 9.263431694252697570e-04 1.687514748533125658e-03 3.021033260346053101e-03 6.181783955410432782e-03 1.567799461224732294e-02 3.658825645955485206e-02 8.027218158124777014e-02 9.481928288761649892e-02
8.784885609840159431e-06 1.117448538288705410e-04 5.085281923672003556e-04 1.172774265919579234e-03 2.142845422613866638e-03 3.852893520082062515e-03 7.933454992996767652e-03 2.014260538328218816e-02 4.612871723016576109e-02 9.574022689223612992e-02 1.044151934831188538e-01
1.099730186849238802e-05 1.410641914748026642e-04 6.429346422471634995e-04 1.486160739135586328e-03 2.725401727553386586e-03 4.924667300032418808e-03 1.019640287996733015e-02 2.579044382381937353e-02 5.751903362131462194e-02 1.122449246472865952e-01 1.135845618723885786e-01
1.383326723931644011e-05 1.780965185334146489e-04 8.133175364663883808e-04 1.885512683108263960e-03 3.472788481303517097e-03 6.308889583900444305e-03 1.311324747178117464e-02 3.284202026762213233e-02 7.079232770134921693e-02 1.293208445715838539e-01 1.221774453528096244e-01
1.743387162433359254e-05 2.248834822270446134e-04 1.029583832500068812e-03 2.395640353622433081e-03 4.434274444015232769e-03 8.099373184199438677e-03 1.685522199212589542e-02 4.150363984627539193e-02 8.585538831361209933e-02 1.464520499231981576e-01 1.301019312406508643e-01
2.198830742441952935e-05 2.840151577879244742e-04 1.304523990427081852e-03 3.049040826063411942e-03 5.674175705196139383e-03 1.041557689547857254e-02 2.161956685544882267e-02 5.193873301289486655e-02 1.024747387394330661e-01 1.631265048407304352e-01 1.373252237617944849e-01
2.774086804177224610e-05 3.587823987810534617e-04 1.654719908509662491e-03 3.888355823689292144e-03 7.275772718466060746e-03 1.340621590899899324e-02 2.762129998371383108e-02 6.423534961975622959e-02 1.202837933075616150e-01 1.788863388351017991e-01 1.438683016807847659e-01
3.500259472261087445e-05 4.533745231957634464e-04 2.101750487398857271e-03 4.969480852217972484e-03 9.345448393819809352e-03 1.725076918312272445e-02 3.507776046701844425e-02 7.837568910546660605e-02 1.388123604092583452e-01 1.933648133856232243e-01 1.497967451750216450e-01
4.416737711020374718e-05 5.731373437031784786e-04 2.673776128825206683e-03 6.365326327092281355e-03 1.201640105936461339e-02 2.215703184515348256e-02 4.418538433696875267e-02 9.421509426133928278e-02 1.575335115064086522e-01 2.063054527814467964e-01 1.552102574151565106e-01
5.573297247790400509e-05 7.249119484849920027e-04 3.407583271824120991e-03 8.170068963346417343e-03 1.545084984851056824e-02 2.835257133157317866e-02 5.509011499832899145e-02 1.114773524639205288e-01 1.759179517906779566e-01 2.175638066171248775e-01 1.602327657725778620e-01
7.032788465144574599e-05 9.174817550507586173e-04 4.351147322606006666e-03 1.050345685807782016e-02 1.983918194943585026e-02 3.606819675534748970e-02 6.785539511008255309e-02 1.297699845116258577e-01 1.934845327137649784e-01 2.270959425949850008e-01 1.650041855573855798e-01
8.874546697716954391e-05 1.162164281231009436e-03 5.566710055385688111e-03 1.351433112335021815e-02 2.539415025789494573e-02 4.551268957198700144e-02 8.243403986880297463e-02 1.486182021666956621e-01 2.098378139161808376e-01 2.349392701533948580e-01 1.696742386462064822e-01
1.119870590651982046e-04 1.473594361330734593e-03 7.134245263186450928e-03 1.738202972829287415e-02 3.233827128743816531e-02 5.684024405995848767e-02 9.865131435718053898e-02 1.675111810554375802e-01 2.246882461210989446e-01 2.411909299783974170e-01 1.743982484637200958e-01
1.413164827558083920e-04 1.870755677920393637e-03 9.154985460099488923e-03 2.231385131671430669e-02 4.088329933609589906e-02 7.011504988132809257e-02 1.162052651475509596e-01 1.859512273983774944e-01 2.378554624401530426e-01 2.459875578432296483e-01 1.793345745585045725e-01
1.783288448506953751e-04 2.378324170415291056e-03 1.175439686491975069e-02 2.853649015337514361e-02 5.120227800009418545e-02 8.528028963429178100e-02 1.346866667980675669e-01 2.034964438212176485e-01 2.492586186197052467e-01 2.494885614579531175e-01 1.846432463333016749e-01
2.250373515763181686e-04 3.028384123312394000e-03 1.508364366209521794e-02 3.627962035331607632e-02 6.339710483166699495e-02 1.021400997120515686e-01 1.536159023876707275e-01 2.197903132884219402e-01 2.588990839371247965e-01 2.518636624990858719e-01 1.904853417617887457e-01
2.839827529927151702e-04 3.862556122018970077e-03 1.931824963130217288e-02 4.575093746428769009e-02 7.746720040751646497e-02 1.203614906724507078e-01 1.724895971532537098e-01 2.345757839463123717e-01 2.668404028320916499e-01 2.532845472527587849e-01 1.970226828602288371e-01
3.583711087969612555e-04 4.934522805719796651e-03 2.465248322051501878e-02 5.710411330205145131e-02 9.328667133169836478e-02 1.394986597810087547e-01 1.908276336631791748e-01 2.476952703850946180e-01 2.731891214721424710e-01 2.539200072155191612e-01 2.044174539917605893e-01
4.522467718562488441e-04 6.312839048247986112e-03 3.128815109688601326e-02 7.040400429727601550e-02 1.105971132136536889e-01 1.590359615041886665e-01 2.082119978257052639e-01 2.590803807293191041e-01 2.780785522098280227e-01 2.539338076828157598e-01 2.128313769135360134e-01
5.707087347565022346e-04 8.083756626596912478e-03 3.941717182674939896e-02 8.559618041715551240e-02 1.290203163010142651e-01 1.784405349648581218e-01 2.243120825608637681e-01 2.687358958703396916e-01 2.816562898685655014e-01 2.534845616553192404e-01 2.224240952608693977e-01
7.201795914926126382e-04 1.035358034656515790e-02 4.919859208417171059e-02 1.024890567029431709e-01 1.480902031455625378e-01 1.972134483172816033e-01 2.388951003720090616e-01 2.767219820936814845e-01 2.840754578958470944e-01 2.527270034730057513e-01 2.333504373071146054e-01
9.087369950634010835e-04 1.324982825366703351e-02 6.073244368478468436e-02 1.207554178859642224e-01 1.672981024023289520e-01 2.149298677387230239e-01 2.518236314964465428e-01 2.831374583038286930e-01 2.854892195060073634e-01 2.518141847561689017e-01 2.457562527546757192e-01
1.146517099196078110e-03 1.692025533698977846e-02 7.403456273172631663e-02 1.399557533141732035e-01 1.861420512161579277e-01 2.312630369085462989e-01 2.630442263124718738e-01 2.881057102425210181e-01 2.860479296465334165e-01 2.509002180037644969e-01 2.597725761618759344e-01
1.446197262659452325e-03 2.152872143213595615e-02 8.901753492531479239e-02 1.595798925621969289e-01 2.041705206405060868e-01 2.459916792513954231e-01 2.725713462992591651e-01 2.917638577957761270e-01 2.858983121762699309e-01 2.501432532590110447e-01 2.755079796523108859e-01
1.823560213841854709e-03 2.724706644248139562e-02 1.054826823990329954e-01 1.790983263493023669e-01 2.210135904453744415e-01 2.589940380448241264e-01 2.804702386505252831e-01 2.942551343340054082e-01 2.851841326624945938e-01 2.497083836984008709e-01 2.930391647226555651e-01
2.298132693592104363e-03 3.424269928000621410e-02 1.231262427287032474e-01 1.980124513018879095e-01 2.363987473174000986e-01 2.702334067882334323e-01 2.868411967508400218e-01 2.957240943455374249e-01 2.840479412255205172e-01 2.497701354791049266e-01 3.124001253319282356e-01
2.893877143055536161e-03 4.266250815688125281e-02 1.415599680654295311e-01 2.158944615880088180e-01 2.501524099785365496e-01 2.797399106102522737e-01 2.918065280228837599e-01 2.963141408409550315e-01 2.826335470685913953e-01 2.505141090679655624e-01 3.335705938475201915e-01
3.639894586940434044e-03 5.261478825449336649e-02 1.603431490547861937e-01 2.324116650476742707e-01 2.621908158836189773e-01 2.875921998000689483e-01 2.955006770093176471e-01 2.961668685024354541e-01 2.810889376481779944e-01 2.521372147520954399e-01 3.564649300716694058e-01
4.571070890497358138e-03 6.415182410491054865e-02 1.790205654851950712e-01 2.473346521886618798e-01 2.725047451599109105e-01 2.939013263172279289e-01 2.980633954541618835e-01 2.954227829758830359e-01 2.795693602681589285e-01 2.548458097075007034e-01 3.809230613918614394e-01
5.728569283151186721e-03 7.725617389936313695e-02 1.971598538773267073e-01 2.605322793018539085e-01 2.811420984686264779e-01 2.987978580157383823e-01 2.996355672548937088e-01 2.942230343376945889e-01 2.782402360660125584e-01 2.588509468465532426e-01 4.067054116385924734e-01
7.160044122078581576e-03 9.183333543264039778e-02 2.143824850644173441e-01 2.719580932339764057e-01 2.881912305321699397e-01 3.024224317118087146e-01 3.003572014723718819e-01 2.927118648547815671e-01 2.772794739488905758e-01 2.643599664783270464e-01 4.334938147109718698e-01
8.919431523540383155e-03 1.077123720423562719e-01 2.303845845776775758e-01 2.816328167731387278e-01 2.937667250325592394e-01 3.049194556520409272e-01 3.003671209110718721e-01 2.910395004080570946e-01 2.768786013287923842e-01 2.715639092015229017e-01 4.609000452685139138e-01
1.106617061225780713e-02 1.246545755101869796e-01 2.449464259938126387e-01 2.896265034873902189e-01 2.979983027777047822e-01 3.064334586750246947e-01 2.998039358214076855e-01 2.893652003074869694e-01 2.772419526387190358e-01 2.806208155933208048e-01 4.884827242956675808e-01
1.366373327702257411e-02 1.423688049180322768e-01 2.579317511271219665e-01 2.960426475713605066e-01 3.010228909248986451e-01 3.071075453943095113e-01 2.988079611293237292e-01 2.878601141996894319e-01 2.785830075229857039e-01 2.916359639780243818e-01 5.157720152660012491e-01
1.677739567225504380e-02 1.605311456517944935e-01 2.692795595819847398e-01 3.010053542759703604e-01 3.029795196344686747e-01 3.070834692582216641e-01 2.975237860575705162e-01 2.867094741531218127e-01 2.811169393391259597e-01 3.046413943307695882e-01 5.422999365369288727e-01
2.047126998792643537e-02 1.788061453774664744e-01 2.789915136918136862e-01 3.046498334927031371e-01 3.040065716201065249e-01 3.065029193281212927e-01 2.961032217660559684e-01 2.861134808699863918e-01 2.850486489858526373e-01 3.195783531622480855e-01 5.676326587930350387e-01
2.480472048073439212e-02 1.968670549990941820e-01 2.871178171908753129e-01 3.071159834694098811e-01 3.042409028701068552e-01 3.055096951639164615e-01 2.947083259051885284e-01 2.862860506528111526e-01 2.905561527600193927e-01 3.362870193648744843e-01 5.914002843703812795e-01
2.982839553158777440e-02 2.144130601210076925e-01 2.937437000642620366e-01 3.085446066402131593e-01 3.038184101879585763e-01 3.042524951984717507e-01 2.935141264983564535e-01 2.874504330516022832e-01 2.977702354180908895e-01 3.545074389166277262e-01 6.133196875897990452e-01
3.558019457128126090e-02 2.311822338578902181e-01 2.989778123900125872e-01 3.090757489892672072e-01 3.028756958030897617e-01 3.028880532949237980e-01 2.927105398456707475e-01 2.898306935104097426e-01 3.067526797927619953e-01 3.738937299260232661e-01 6.332071538315390269e-01
4.208153231054177768e-02 2.469597074157081906e-01 3.029431161927685912e-01 3.088486963115121275e-01 3.015525414619636968e-01 3.015843152044413444e-01 2.925028065376938935e-01 2.936383320523662244e-01 3.174768182055817123e-01 3.940406843850093876e-01 6.509795565493526892e-01
4.933424705226796547e-02 2.615812214778766021e-01 3.057703585926082046e-01 3.080032370073764736e-01 2.999949359351557487e-01 3.005232429746513834e-01 2.931095841616796482e-01 2.990540388000015870e-01 3.298150846301088901e-01 4.145188599401955498e-01 6.666450930595823055e-01
5.731842352690218190e-02 2.749327166869056094e-01 3.075939121271350496e-01 3.066818745423482429e-01 2.983583889559063840e-01 2.999026675994140301e-01 2.947576961793931805e-01 3.062058495625107346e-01 3.435380948031367399e-01 4.349122104692305091e-01 6.802864673119910499e-01
6.599128236729319419e-02 2.869469152714277937e-01 3.085496328869030136e-01 3.050327206823138515e-01 2.968112031630482650e-01 2.999363882250667412e-01 2.976725514093984115e-01 3.151466234302178204e-01 3.583281636538204196e-01 4.548518720186399689e-01 6.920403332969389254e-01
7.528716666912392552e-02 2.975979454764121623e-01 3.087743559586049180e-01 3.032128082696304849e-01 2.955372598657233230e-01 3.008514780895418794e-01 3.020635713145267687e-01 3.258353564795217205e-01 3.738071611781896841e-01 4.740408706581423770e-01 7.020766627770399504e-01
8.511857862037335021e-02 3.068950026505087858e-01 3.084066691607004196e-01 3.013915183184083246e-01 2.947377092456443526e-01 3.028815894029842082e-01 3.081047569388667973e-01 3.381276192626371246e-01 3.895748800936340017e-01 4.922667878661132757e-01 7.105807468427713935e-01
9.537822102477476471e-02 3.148758790478422553e-01 3.075886414467478014e-01 2.997537112274365478e-01 2.946307629227363778e-01 3.062551030700353949e-01 3.159118732906927018e-01 3.517796001837998343e-01 4.052508388222979541e-01 5.094021630021809965e-01 7.177392639842997690e-01
1.059420807555858379e-01 3.216009841872505270e-01 3.064682049102120942e-01 2.985019808666783958e-01 2.954486168836330529e-01 3.111774541651888826e-01 3.255194708226553657e-01 3.664675494852303594e-01 4.205110236629250875e-01 5.253949061428572209e-01 7.237306914858812057e-01
1.166737117959017744e-01 3.271482648312907249e-01 3.052018813258696728e-01 2.978572201165887168e-01 2.974304734223183200e-01 3.178080851533935935e-01 3.368625805437217569e-01 3.818203968094460166e-01 4.351123250605871684e-01 5.402525680214687043e-01 7.287195533579199358e-01
1.274299557421514628e-01 3.316092480904938022e-01 3.039574945027370689e-01 2.980564308304292087e-01 3.008108051689151186e-01 3.262342913087903917e-01 3.497685698614474981e-01 3.974593464873091286e-01 4.489010474626026759e-01 5.540246201939783566e-01 7.328536299356668282e-01
1.380682778716395831e-01 3.350862858799626420e-01 3.029164138559094499e-01 2.993465121819727792e-01 3.058025448239632405e-01 3.364464322226586313e-01 3.639635256347714676e-01 4.130360085616642252e-01 4.618064119874533136e-01 5.667860894948042461e-01 7.362632096300790741e-01
1.484556094678921301e-01 3.376909733860803953e-01 3.022747378781858174e-01 3.019727706756408780e-01 3.125758733927694877e-01 3.483208128277379689e-01 3.790944512201421812e-01 4.282611694882124120e-01 4.738235860378419151e-01 5.786244964204961816e-01 7.390616047344710227e-01
1.584780633231923919e-01 3.395436386855412714e-01 3.022426710018872309e-01 3.061613346822533166e-01 3.212346651532005382e-01 3.616168616260103108e-01 3.947643521893783869e-01 4.429194488723705581e-01 4.849922779218213686e-01 5.896306625128493462e-01 7.413463605973560355e-01
1.680502793536313155e-01 3.407737407202868218e-01 3.030412229432558613e-01 3.120957607974115811e-01 3.317941610763741611e-01 3.759931023956684104e-01 4.105735520664017812e-01 4.568694363283626325e-01 4.953762934415406605e-01 5.998929768857794720e-01 7.432007839007893635e-01
1.771227703476934978e-01 3.415209525410930480e-01 3.048953499912611109e-01 3.198899821468561000e-01 3.441645771685482580e-01 3.910417985724023993e-01 4.261588779859094567e-01 4.700326788922959964e-01 5.050475014633214466e-01 6.094942678289879678e-01 7.446955666161163556e-01
1.856857814057416012e-01 3.419366315391094147e-01 3.080228774129756264e-01 3.295620869251008611e-01 3.581454683345966505e-01 4.063364019651056758e-01 4.412233143223396326e-01 4.823768815434024138e-01 5.140754484486446119e-01 6.185104129843997933e-01 7.458903822675240214e-01
1.937689117828149954e-01 3.421852784166634076e-01 3.126191058904378983e-01 3.410153913634624279e-01 3.734342600938338474e-01 4.214814487640436425e-01 4.555517806156808569e-01 4.938986684176936981e-01 5.225221533921408090e-01 6.270100369051160305e-01 7.468353902043376458e-01
2.014367878068635542e-01 3.424454616832044440e-01 3.188379608175915259e-01 3.540336366239456578e-01 3.896494492129402021e-01 4.361535178914772160e-01 4.690125391261644183e-01 5.046097818541999125e-01 5.304406986830936255e-01 6.350548886117148850e-01 7.475726155693639408e-01
2.087819570429603477e-01 3.429095512040349347e-01 3.267717834466027371e-01 3.682948820393658340e-01 4.063653362050892448e-01 4.501249280212059056e-01 4.815470340215553535e-01 5.145285170122451124e-01 5.378760350607464380e-01 6.427006423958657733e-01 7.481371895450804610e-01
2.159165601045450467e-01 3.437815047165098670e-01 3.364330639986786164e-01 3.834039113080590089e-01 4.231521084418881640e-01 4.632675675433500229e-01 4.931528600416687502e-01 5.236762661048215417e-01 5.448666839273932361e-01 6.499979008632562616e-01 7.485584442203024880e-01
2.229641895770409221e-01 3.452719567317674154e-01 3.477420890623704186e-01 3.989373736846551499e-01 4.396138483598163726e-01 4.755400129539869014e-01 5.038648535801756312e-01 5.320777720432925406e-01 5.514464740984065250e-01 6.569931538090465484e-01 7.488608632028612710e-01
2.300528671405993875e-01 3.475900614930003685e-01 3.605241563482078915e-01 4.144919238762758140e-01 4.554180241330760825e-01 4.869646722671265304e-01 5.137383048052933665e-01 5.397632252520050411e-01 5.576458962980239686e-01 6.637294381191388704e-01 7.490648944656405073e-01
2.373095231500635116e-01 3.509320185775019474e-01 3.745185267239078963e-01 4.297250826014018532e-01 4.703127013387504718e-01 4.976023217383875874e-01 5.228365816100332131e-01 5.467705360172188112e-01 5.634930001207760775e-01 6.702465055134058103e-01 7.491876360864196949e-01
2.448559321044517512e-01 3.554669661293515803e-01 3.893989150380914310e-01 4.443814015987305743e-01 4.841309781778129206e-01 5.075297393217500508e-01 5.312236550736421092e-01 5.531466624774524776e-01 5.690139696886042930e-01 6.765804393783025894e-01 7.492434083548532575e-01
2.528058098306281698e-01 3.613218331498252445e-01 4.048027300536606310e-01 4.583011733061302384e-01 4.967848730283123682e-01 5.168234862394073259e-01 5.389606305567493649e-01 5.589474616884602121e-01 5.742336037399458082e-01 6.827628276354602566e-01 7.492442270829479112e-01
2.612626961757443800e-01 3.685675218252157936e-01 4.203642488083344508e-01 4.714133551158290469e-01 5.082523997627663714e-01 5.255504241603133897e-01 5.461047092054813756e-01 5.642359836293909803e-01 5.791759101413255229e-01 6.888197363209538349e-01 7.492001930069145388e-01
2.703182777627372579e-01 3.772090981449238711e-01 4.357460731700200651e-01 4.837172653409278489e-01 5.185617615250023293e-01 5.337639199228606524e-01 5.527090488598865869e-01 5.690794246276703605e-01 5.838649265972575275e-01 6.947707908870601745e-01 7.491198112284976895e-01
2.800508959330879066e-01 3.871822490929152649e-01 4.506638126479798334e-01 4.952586768106408410e-01 5.277758419831486414e-01 5.415039822247083023e-01 5.588225336565775248e-01 5.735451574968307709e-01 5.883257344997754323e-01 7.006286421943009879e-01 7.490102531016318288e-01
2.905240965316462920e-01 3.983571091403670383e-01 4.649007604013656314e-01 5.061055858807120833e-01 5.359790051610243689e-01 5.487995619532145541e-01 5.644891467821523401e-01 5.776964100121859680e-01 5.925854912840227140e-01 7.063989881788554914e-01 7.488775711805396584e-01
3.017851866828711316e-01 4.105489645637314111e-01 4.783117833465139745e-01 5.163277290784500373e-01 5.432670685111633535e-01 5.556716042135384503e-01 5.697471592452915123e-01 5.815882625758712621e-01 5.966742198934644748e-01 7.120811800617948828e-01 7.487268760702964210e-01
3.138638555809348252e-01 4.235338348376109230e-01 4.908179635921822159e-01 5.259823042353714007e-01 5.497404283958741145e-01 5.621359107150033507e-01 5.746285489935640811e-01 5.852646285704412588e-01 6.006250956636167704e-01 7.176693097759130335e-01 7.485624824153886969e-01
3.267709839332986754e-01 4.370660571615794243e-01 5.023950625036865958e-01 5.351066650946333381e-01 5.554997655066996609e-01 5.682053200530274850e-01 5.791589828202244883e-01 5.887567244531571875e-01 6.044740630064340259e-01 7.231535883983259971e-01 7.483880298905177808e-01
3.404978055391666980e-01 4.508950794016867158e-01 5.130593407507761938e-01 5.437172949741045924e-01 5.606435187382649010e-01 5.738910863403541285e-01 5.833584734903285440e-01 5.920832437725861430e-01 6.082587672166450687e-01 7.285217981370225582e-01 7.482065839247732386e-01
3.550155915626840852e-01 4.647795811118772824e-01 5.228537673169697531e-01 5.518133742145120424e-01 5.652663228679917218e-01 5.792036046971378305e-01 5.872426156374772610e-01 5.952520972334723881e-01 6.120169527378728214e-01 7.337606257561557488e-01 7.480207199683954755e-01
3.702760010972966920e-01 4.784982743993967946e-01 5.318365664619237876e-01 5.593828643430623915e-01 5.694577711252244434e-01 5.841527686987386669e-01 5.908241854206877086e-01 5.982632793071859245e-01 6.157846101193265032e-01 7.388567428545339544e-01 7.478325943643122642e-01
3.862121797777335885e-01 4.918576727728478648e-01 5.400728385386891484e-01 5.664091965424383757e-01 5.733011031385353284e-01 5.887482409931070748e-01 5.941148605514062764e-01 6.011122602467321441e-01 6.195942157172389386e-01 7.437975656351192288e-01 7.476440042807759312e-01
4.027405958548885834e-01 5.046974194997008167e-01 5.476290213400260010e-01 5.728771891684536488e-01 5.768716667869917547e-01 5.929998048108274800e-01 5.971268381144245740e-01 6.037933103033250593e-01 6.234733884969708706e-01 7.485716874640322427e-01 7.474564386700590646e-01
4.197634956279769902e-01 5.168935342483882422e-01 5.545694370311392563e-01 5.787774861507269941e-01 5.802352179315088954e-01 5.969178101676030357e-01 5.998741611223273873e-01 6.063023050662060820e-01 6.274441957530690894e-01 7.531690240781987455e-01 7.472711218213289319e-01
4.371717655259030333e-01 5.283595504087217343e-01 5.609541071976259508e-01 5.841093913379781233e-01 5.834462779138142041e-01 6.005136115701430466e-01 6.023736007070173981e-01 6.086387645590493056e-01 6.315231986735718728e-01 7.575807424757622366e-01 7.470890507582320650e-01
4.548479390153386537e-01 5.390453445456405701e-01 5.668372699932181513e-01 5.888823438018054857e-01 5.865468451377099379e-01 6.037998613537959303e-01 6.046449889128305832e-01 6.108070726193244315e-01 6.357221727059241267e-01 7.617990612237706127e-01 7.469110274809485084e-01
4.726691041086243383e-01 5.489336388540970724e-01 5.722663815466717541e-01 5.931164055845341565e-01 5.895657456484325598e-01 6.067905716258983340e-01 6.067109674963402366e-01 6.128169628286215254e-01 6.400493016791249934e-01 7.658170127341817901e-01 7.467376868576907079e-01
4.905095502316529910e-01 5.580345644895828849e-01 5.772816404298627413e-01 5.968420674976603335e-01 5.925188203405062914e-01 6.095009451996360461e-01 6.085962075865253285e-01 6.146834303633919028e-01 6.445105583074153266e-01 7.696282473559169501e-01 7.465695208222203894e-01
5.082431192768757100e-01 5.663790629949093658e-01 5.819161512325392582e-01 6.000995164151228245e-01 5.954100143303544534e-01 6.119470496423580208e-01 6.103262453001584431e-01 6.164262451700993628e-01 6.491109644300644410e-01 7.732269366723556470e-01 7.464068994236470189e-01
5.257453599150060386e-01 5.740120758092718267e-01 5.861967639276308706e-01 6.029373501188186601e-01 5.982332941266044202e-01 6.141454372770346337e-01 6.119261452764914733e-01 6.180692195940310496e-01 6.538554724105928306e-01 7.766078035585730621e-01 7.462500891955334836e-01
5.428956850515269661e-01 5.809863707183763326e-01 5.901454779320265409e-01 6.054106480972547555e-01 6.009751993720482410e-01 6.161127987580456988e-01 6.134192286880799649e-01 6.196393421246342292e-01 6.587493078140898017e-01 7.797662758506667124e-01 7.460992692572464557e-01
5.595797568858275062e-01 5.873575558349202197e-01 5.937811729637445524e-01 6.075783415689990363e-01 6.036177543382191812e-01 6.178657023117740676e-01 6.148260782446919315e-01 6.211658439058495018e-01 6.637977347477870271e-01 7.826987355373041799e-01 7.459545455259525282e-01
5.756922425002901633e-01 5.931804752303702077e-01 5.971213709625734500e-01 6.094999621535385215e-01 6.061414275148701014e-01 6.194204405316072748e-01 6.161639672600531803e-01 6.226792272783293614e-01 6.690053185996531759e-01 7.854028206430860859e-01 7.458159633961485291e-01
5.911398991059382269e-01 5.985068889601715680e-01 6.001837471147474234e-01 6.112320386601481914e-01 6.085278381475182075e-01 6.207929930681158615e-01 6.174467696937504524e-01 6.242102624652718923e-01 6.743748419969772812e-01 7.878777334190505410e-01 7.456835192261203060e-01
6.058447112695717340e-01 6.033841767482658325e-01 6.029871725332727195e-01 6.128245864229443507e-01 6.107619632561074319e-01 6.219991102595627819e-01 6.186853132152504431e-01 6.257889516100154648e-01 6.799060659699389664e-01 7.901245139004251516e-01 7.455571709443812312e-01
6.197465969155157017e-01 6.078547675990783050e-01 6.055521643435863854e-01 6.143182231045566377e-01 6.128336858762200023e-01 6.230545143591981194e-01 6.198880559798000123e-01 6.274434664894594782e-01 6.855945201651398868e-01 7.921462484128588555e-01 7.454368480369698569e-01
6.328051139199425412e-01 6.119560447675534975e-01 6.079007251873855822e-01 6.157424008815495231e-01 6.147386256438041041e-01 6.239751905896138151e-01 6.210619137871629114e-01 6.291990818494023197e-01 6.914304655004352984e-01 7.939481942510744350e-01 7.453224610794036975e-01
6.449996933219493966e-01 6.157205538930143884e-01 6.100556598444336620e-01 6.171150619009726501e-01 6.164782849188964464e-01 6.247777023614814462e-01 6.222130462437651666e-01 6.310771434396413859e-01 6.973981187886406641e-01 7.955378117439728669e-01 7.452139108196647044e-01
6.563281978857079535e-01 6.191764107502106818e-01 6.120395449837883195e-01 6.184437453364467485e-01 6.180596111449473407e-01 6.254794295197062537e-01 6.233474313280367163e-01 6.330941223177392052e-01 7.034751815109669959e-01 7.969247020812151305e-01 7.451110965984456547e-01
6.668039842362576408e-01 6.223478448232646620e-01 6.138735806461808053e-01 6.197278791971303491e-01 6.194941128221981286e-01 6.260986159570498533e-01 6.244711134845303269e-01 6.352608116367326474e-01 7.096326889200607058e-01 7.981204537860786541e-01 7.450139236325926673e-01
6.764520069486377185e-01 6.252558268741760239e-01 6.155765562316793948e-01 6.209617633287799476e-01 6.207966762797296756e-01 6.266541369784963678e-01 6.255900898373173424e-01 6.375817195876802845e-01 7.158351957523794162e-01 7.991384035551393206e-01 7.449223084440080855e-01
6.853047124102578103e-01 6.279187260045749897e-01 6.171641192174884827e-01 6.221376517973263853e-01 6.219842236394426127e-01 6.271649562532490840e-01 6.267098849693726326e-01 6.400547059941932293e-01 7.220413333957880209e-01 7.999933195799588947e-01 7.448361815788495655e-01
6.933984538071664705e-01 6.303529395004606739e-01 6.186484549722320869e-01 6.232483894898184218e-01 6.230743399218654499e-01 6.276493208061092455e-01 6.278349370359483927e-01 6.426709040438439713e-01 7.282047920770710059e-01 8.007010185149757708e-01 7.447554868333760014e-01
7.007709333306627597e-01 6.325734462644668765e-01 6.200383931677277971e-01 6.242892225401267536e-01 6.240839857439213212e-01 6.281238155604960127e-01 6.289679594387485029e-01 6.454149636181356620e-01 7.342757778527640999e-01 8.012779316278898500e-01 7.446801765578817678e-01
7.074598402073651870e-01 6.345942523398883095e-01 6.213398736000231848e-01 6.252586299755511501e-01 6.250284013448264009e-01 6.286024430731317336e-01 6.301094431861457013e-01 6.482656447884224127e-01 7.402029508233360922e-01 8.017406413247091246e-01 7.446102032439804175e-01
7.135025285453903132e-01 6.364287187092517728e-01 6.225566486788949305e-01 6.261582512127187305e-01 6.259202920658419877e-01 6.290958958014968294e-01 6.312574263732150248e-01 6.511967721806086740e-01 7.459357666307263601e-01 8.021054152020343775e-01 7.445455083927582374e-01
