2.706516754144700593e-06 1.100643606797054724e-02 9.875385361826641284e-02 2.726517497077606822e-01 4.717311698512656193e-01 6.783928644847652123e-01 8.369696343664468907e-01 9.015669302706291743e-01 8.480411290715152983e-01 4.833248111585555229e-01 3.892254535079805317e-02
3.836275016143432341e-06 1.548253674120745466e-02 1.331757571413404451e-01 3.463890794942647289e-01 5.569016185381029382e-01 7.490388542257697679e-01 8.789857819986579557e-01 9.287944963098170303e-01 8.885031600705877164e-01 5.514367728733231555e-01 5.367805912735919976e-02
5.437528999053048702e-06 2.171259645452996989e-02 1.767986918081544678e-01 4.282644698725469046e-01 6.389492659184790035e-01 8.086524826701101398e-01 9.114278235634323266e-01 9.489750557977925105e-01 9.194242372985621525e-01 6.159315773602392907e-01 7.285723391573199759e-02
7.706961294714267794e-06 3.032219749509030074e-02 2.303234629013936885e-01 5.142494431839431668e-01 7.137855659085787785e-01 8.569069611867982106e-01 9.358870526390820066e-01 9.637089634352160594e-01 9.424674189015198600e-01 6.754548381088797404e-01 9.690087105313409388e-02
1.092320507887833831e-05 4.210556957467479627e-02 2.935834975477542574e-01 5.994369146304960871e-01 7.786806820864415890e-01 8.946568135262191745e-01 9.539918281089910801e-01 9.743433617704703176e-01 9.592963737095769883e-01 7.291519222525936206e-01 1.257544971783979837e-01
1.548089318410263173e-05 5.802588427367486035e-02 3.652936523897515886e-01 6.790929285666399418e-01 8.324968773193447413e-01 9.234008795351519305e-01 9.672073395789727579e-01 9.819506499894832263e-01 9.713889341602244265e-01 7.764215993530226845e-01 1.586987780838527151e-01
2.193875545968353464e-05 7.917656337699316427e-02 4.430181304786325325e-01 7.496338412750743752e-01 8.754677325661135434e-01 9.448353597859874275e-01 9.767529331025669448e-01 9.873535245746437594e-01 9.799648149554778254e-01 8.168400039068645091e-01 1.943707133743581561e-01
3.108746053555972930e-05 1.066824699925466580e-01 5.234167710993320455e-01 8.091371154469090277e-01 9.087348229364189400e-01 9.605681364654148346e-01 9.835928216073906993e-01 9.911675414702884046e-01 9.859823797863427330e-01 8.502681783201678778e-01 2.310238760486406084e-01
4.404510607283898478e-05 1.415293415913441433e-01 6.027282518735754824e-01 8.572881772676245182e-01 9.338676146149595958e-01 9.719795950169934917e-01 9.884635561931425229e-01 9.938454621339530837e-01 9.901689274170042410e-01 8.769771145811479096e-01 2.669265084663174914e-01
6.239122151957817255e-05 1.843368649884283283e-01 6.773654158524353708e-01 8.949484649261582048e-01 9.525002828301109004e-01 9.801831950481353362e-01 9.919145747229598520e-01 9.957163693110352432e-01 9.930623207145418130e-01 8.976417895660160351e-01 3.007078478398944044e-01
8.835400623295595239e-05 2.351298787290088399e-01 7.444626736769093256e-01 9.236191922667624787e-01 9.661176562958746494e-01 9.860407283947791868e-01 9.943490754938455467e-01 9.970173985266881367e-01 9.950523550121253002e-01 9.131985391133363716e-01 3.315200301680715778e-01
1.250703321624677177e-04 2.931894875916205567e-01 8.022315208639710926e-01 9.449959703958860091e-01 9.759629862940789602e-01 9.902007363213969349e-01 9.960596192287176631e-01 9.979182703761210194e-01 9.964168747368928880e-01 9.246577949201156832e-01 3.590137374527349601e-01
1.769435587212153335e-04 3.570527181296785924e-01 8.500449914306001942e-01 9.606846080550583977e-01 9.830233382000597153e-01 9.931419644410183212e-01 9.972568420400430567e-01 9.985397212301125869e-01 9.973511879674163971e-01 9.329570838414389389e-01 3.832097681857253302e-01
2.501295394348796624e-04 4.246735661668530892e-01 8.882688638214637500e-01 9.720629583524472705e-01 9.880547485999332524e-01 9.952131709383179592e-01 9.980915675454354874e-01 9.989671221776237342e-01 9.979909874732878494e-01 9.388840126941800923e-01 4.043514264198484476e-01
3.531840641038382165e-04 4.936955370910753871e-01 9.179413586687117377e-01 9.802420605443775692e-01 9.916222068080862151e-01 9.966661322418741698e-01 9.986713432562723813e-01 9.992604523927468563e-01 9.984296466146981297e-01 9.430573828963819683e-01 4.227851376525598170e-01
4.979004595301091823e-04 5.617563652530597196e-01 9.404286669584417391e-01 9.860816454858715163e-01 9.941408138500462677e-01 9.976814913237933569e-01 9.990725777819116082e-01 9.994615670382693828e-01 9.987309369240467971e-01 9.459418310051042056e-01 4.388817012526214367e-01
7.003446998374357121e-04 6.267558541804038041e-01 9.571488038416482436e-01 9.902286113094662667e-01 9.959119934156343001e-01 9.983882910644243935e-01 9.993493496957280842e-01 9.995994734795803360e-01 9.989381755973487653e-01 9.478756672368089387e-01 4.529923684146370255e-01
9.820409085311582881e-04 6.870446828933250982e-01 9.693982288406466363e-01 9.931604444123003361e-01 9.971528654796176783e-01 9.988783977945073778e-01 9.995397646243201484e-01 9.996941428909280614e-01 9.990806816758784903e-01 9.491000133817129036e-01 4.654289008987834708e-01
1.371148896546632925e-03 7.415158912507560096e-01 9.782711673359434368e-01 9.952249590357838960e-01 9.980189500770675348e-01 9.992169967874210412e-01 9.996705343180921632e-01 9.997592443847378441e-01 9.991782604400084589e-01 9.497839944234535148e-01 4.764579623991190283e-01
1.903282793665014416e-03 7.896000071531907860e-01 9.846427815500530256e-01 9.966732298667636547e-01 9.986211850662145562e-01 9.994501671226051487e-01 9.997602746205320745e-01 9.998040881418247539e-01 9.992442778874729425e-01 9.500445770967258508e-01 4.863030677057759710e-01
2.621345713875538296e-03 8.311837169265813285e-01 9.891874756309986250e-01 9.976853766734702367e-01 9.990384313738341904e-01 9.996103313278666969e-01 9.998218797254874168e-01 9.998349916018853811e-01 9.992877473516119657e-01 9.499614108446621241e-01 4.951499182787284514e-01
3.573482363398476896e-03 8.664874358935935605e-01 9.924116255372211759e-01 9.983900481836657237e-01 9.993265505423827300e-01 9.997201765321689360e-01 9.998642273277666970e-01 9.998562292440027477e-01 9.993147352124525096e-01 9.495876223473956879e-01 5.031527902170317423e-01
4.808227821138001332e-03 8.959411668861503308e-01 9.946885920744465981e-01 9.988788102636712019e-01 9.995249514854744888e-01 9.997954791450930356e-01 9.998933969211484252e-01 9.998706856847480173e-01 9.993293031015230143e-01 9.489575686625691953e-01 5.104407810288579261e-01
6.366581427967510885e-03 9.200878715411893172e-01 9.962901791988094669e-01 9.992166176712919956e-01 9.996613011430071083e-01 9.998471394997312522e-01 9.999135335198222618e-01 9.998803002140177476e-01 9.993341373493870305e-01 9.480924063369495780e-01 5.171233689295724467e-01
8.272372052514045254e-03 9.395244653403218571e-01 9.974124967309776491e-01 9.994493733685670955e-01 9.997549140911377030e-01 9.998826430960243705e-01 9.999274541964120466e-01 9.998863664767060344e-01 9.993309685166809064e-01 9.470041424206149250e-01 5.232950766374657725e-01
1.052438358125168220e-02 9.548717904922657818e-01 9.981961373686418781e-01 9.996093675151985769e-01 9.998191922006937071e-01 9.999071034619327891e-01 9.999370696945718562e-01 9.998897324684006271e-01 9.993208503390089703e-01 9.456986591296674405e-01 5.290391913171963445e-01
1.309443712247170856e-02 9.667557409496224663e-01 9.987414066242178423e-01 9.997191904258716511e-01 9.998633780929654380e-01 9.999239997520695811e-01 9.999436746175066615e-01 9.998909322584129677e-01 9.993043444714638790e-01 9.441780628861595748e-01 5.344305571878372740e-01
1.593314480184761933e-02 9.757860200406729412e-01 9.991195772253028684e-01 9.997945501291796155e-01 9.998938101377766730e-01 9.999356929829884555e-01 9.999481453978348311e-01 9.998902708975894171e-01 9.992816419826596741e-01 9.424425982745848751e-01 5.395374789848321750e-01
1.898054471956519412e-02 9.825307752274810014e-01 9.993810955425785902e-01 9.998463004866149362e-01 9.999148143848333170e-01 9.999437834860106511e-01 9.999510743362995946e-01 9.998878769317236515e-01 9.992526423419358927e-01 9.404922800724533349e-01 5.444227845394380427e-01
2.217673248303795447e-02 9.874936852247461205e-01 9.995615189723981997e-01 9.998818965550611004e-01 9.999293326691679473e-01 9.999493559869300219e-01 9.999528597638654981e-01 9.998837320875672008e-01 9.992170040490049310e-01 9.383283238051852715e-01 5.491441122330902314e-01
2.547009608450808912e-02 9.911001304950244339e-01 9.996857942825565502e-01 9.999064324161065498e-01 9.999393604377347922e-01 9.999531462519639646e-01 9.999537662968017715e-01 9.998776844564833954e-01 9.991741769623759817e-01 9.359543914563788203e-01 5.537535237374890951e-01
2.882387158700770030e-02 9.936943619022966523e-01 9.997713344841832050e-01 9.999233747295860342e-01 9.999462488659676129e-01 9.999556536806722962e-01 9.999539647527676545e-01 9.998694494662462295e-01 9.991234240312589776e-01 9.333776117518116644e-01 5.582965952527833009e-01
3.222114647591180214e-02 9.955453706817400938e-01 9.998302283898371501e-01 9.999350759048594162e-01 9.999509114204617743e-01 9.999572170412874828e-01 9.999535581723641986e-01 9.998586018515431828e-01 9.990638389643424766e-01 9.306092855947178943e-01 5.628112032521660479e-01
3.566663835050724179e-02 9.968576116241639751e-01 9.998708235686945001e-01 9.999431293459321024e-01 9.999539639956641635e-01 9.999580652746272724e-01 9.999525982060699647e-01 9.998445615838215117e-01 9.989943658687876482e-01 9.276651528189525653e-01 5.673262770253311160e-01
3.918567305342536555e-02 9.977832185628880968e-01 9.998988556686129181e-01 9.999486129959443970e-01 9.999558193975589537e-01 9.999583515224479413e-01 9.999510946134742007e-01 9.998265772713856858e-01 9.989138264771335596e-01 9.245650871238838553e-01 5.718608187881735194e-01
4.282532384006709075e-02 9.984335745488231995e-01 9.999182491231735082e-01 9.999522549317144682e-01 9.999567507436536440e-01 9.999581758965018219e-01 9.999490195826017391e-01 9.998037119050507959e-01 9.988209595224508686e-01 9.213321174737638675e-01 5.764234730663569950e-01
4.666295918451412311e-02 9.988892212897849676e-01 9.999316804249095414e-01 9.999545452282087021e-01 9.999569338505978067e-01 9.999576006897791247e-01 9.999463078791510640e-01 9.997748379751478787e-01 9.987144743597498042e-01 9.179907646900774543e-01 5.810128496627035011e-01
5.082161079047500807e-02 9.992078372138391007e-01 9.999409709154934989e-01 9.999558111678306105e-01 9.999564754965246660e-01 9.999566605017836673e-01 9.999428534065102347e-01 9.997386517144790652e-01 9.985931166238892764e-01 9.145648414731158971e-01 5.856186728224307414e-01
5.548599995743622865e-02 9.994304076392370728e-01 9.999473582874847111e-01 9.999562676401646533e-01 9.999554322418320318e-01 9.999553689264427669e-01 9.999385025843247066e-01 9.996937189451035044e-01 9.984557380065061105e-01 9.110750708297423728e-01 5.902236650643813975e-01
6.091416414897132120e-02 9.995858695589191489e-01 9.999516827293085663e-01 9.999560508414613302e-01 9.999538230016915552e-01 9.999537229062611665e-01 9.999330450822000449e-01 9.996385665483874527e-01 9.983013568602737697e-01 9.075370550350141396e-01 5.948059159330084666e-01
6.744572956273887920e-02 9.996945431009577332e-01 9.999545136664873546e-01 9.999552407702392287e-01 9.999516375808297219e-01 9.999517055005373578e-01 9.999262029745668023e-01 9.995718320550064373e-01 9.981291939456933271e-01 9.039601557594449943e-01 5.993413802731986095e-01
7.551169301933292888e-02 9.997706322064295881e-01 9.999562355851180362e-01 9.999538762210460341e-01 9.999488427537216451e-01 9.999492875880869880e-01 9.999176204339691454e-01 9.994924769056051650e-01 9.979386703154897731e-01 9.003476379607213698e-01 6.038061352513998115e-01
8.564729291741636497e-02 9.998240277974683732e-01 9.999571059155080155e-01 9.999519647646378795e-01 9.999453870882002438e-01 9.999464288842933035e-01 9.999068577138117142e-01 9.994000546026242660e-01 9.977293617730426112e-01 8.966980228818405285e-01 6.081781087716152667e-01
9.850069063155716953e-02 9.998615965756904034e-01 9.999572939660728021e-01 9.999494893926893502e-01 9.999412054775684844e-01 9.999430785680023526e-01 9.998933952233517441e-01 9.992950033437082435e-01 9.975009132913160714e-01 8.930071697844903511e-01 6.124381441874447995e-01
1.148216103602388155e-01 9.998880950280814028e-01 9.999569070664563464e-01 9.999464129726881589e-01 9.999362241825429098e-01 9.999391757593337760e-01 9.998766553384821343e-01 9.991789078791758483e-01 9.972529229878674961e-01 8.892703800877477249e-01 6.165704308543324963e-01
1.354113504018240599e-01 9.999068130350536876e-01 9.999560081057029537e-01 9.999426813177941797e-01 9.999303669997876565e-01 9.999346500366361745e-01 9.998560499305022553e-01 9.990546562237890837e-01 9.969848068071655023e-01 8.854838958178209429e-01 6.205624518730070704e-01
1.610205372547668379e-01 9.999200241280803425e-01 9.999546272990329498e-01 9.999382254714525020e-01 9.999235628678952992e-01 9.999294220962294810e-01 9.998310586134990796e-01 9.989264152279805353e-01 9.966956540157005939e-01 8.816454747450166440e-01 6.244046502005546895e-01
1.921927027316421288e-01 9.999292986431270736e-01 9.999527701041212024e-01 9.999329637032605689e-01 9.999157547012159641e-01 9.999234045084156586e-01 9.998013349121908089e-01 9.987993736797011746e-01 9.963840837706288145e-01 8.777540887084829269e-01 6.280899963770594230e-01
2.290698892866013525e-01 9.999357204176995140e-01 9.999504226008650853e-01 9.999268036899507939e-01 9.999069084753264836e-01 9.999165022906502109e-01 9.997668253761275992e-01 9.986792513797183579e-01 9.960481156863755237e-01 8.738090481849642988e-01 6.316135824845953151e-01
2.712019380092188237e-01 9.999400361181000063e-01 9.999475552508897414e-01 9.999196453935249584e-01 9.998970206920348991e-01 9.999086127362106780e-01 9.997278739767455624e-01 9.985716332788000527e-01 9.956850696177854676e-01 8.698089391256372815e-01 6.349722997436250127e-01
3.174297062616520670e-01 9.999427578120830828e-01 9.999441256947820822e-01 9.999113852117159640e-01 9.998861216667054297e-01 9.998996237178990887e-01 9.996852777155962322e-01 9.984812371682003640e-01 9.952915076786958970e-01 8.657506958844359835e-01 6.381646046554637630e-01
3.659234295593140618e-01 9.999442332682760837e-01 9.999400810741507772e-01 9.999019219901206235e-01 9.998742721278587320e-01 9.998894097225689004e-01 9.996402653059522914e-01 9.984112431672549359e-01 9.948632237243474341e-01 8.616290016706698029e-01 6.411903501180562515e-01
4.144192710821369974e-01 9.999446940769214365e-01 9.999353602392259122e-01 9.998911653220182716e-01 9.998615518421808401e-01 9.998778253527315085e-01 9.995943893843466377e-01 9.983627987336280984e-01 9.943952750840553412e-01 8.574360762626135335e-01 6.440506510776033977e-01
4.606109697667339908e-01 9.999442885876089759e-01 9.999298960814688719e-01 9.998790460548349079e-01 9.998480413161173752e-01 9.998646969978732812e-01 9.995493467462375214e-01 9.983347742767471056e-01 9.938820425367563827e-01 8.531618185346399041e-01 6.467477606870224438e-01
5.025751292131884762e-01 9.999431044969816496e-01 9.999236180770438853e-01 9.998655279546273533e-01 9.998338002335427355e-01 9.998498146031642442e-01 9.995067599752616161e-01 9.983237982398945887e-01 9.933173000178826539e-01 8.487942241260739706e-01 6.492849438365414505e-01
5.390887937809274444e-01 9.999411844275681860e-01 9.999164549120201917e-01 9.998506181523051373e-01 9.998188478184086847e-01 9.998329264770328129e-01 9.994679605522281962e-01 9.983245591735823155e-01 9.926942755250264261e-01 8.443199837956110176e-01 6.516663443309785864e-01
5.697389709771986110e-01 9.999385368204922742e-01 9.999083367809774581e-01 9.998343727900383948e-01 9.998031497685884172e-01 9.998137403699244308e-01 9.994338083796624472e-01 9.983303293116752020e-01 9.920056879938677907e-01 8.397251721086431697e-01 6.538968475255128032e-01
5.948097811297378135e-01 9.999351437738699389e-01 9.998991966575474510e-01 9.998168940283091999e-01 9.997866139697424437e-01 9.997919333258717955e-01 9.994045710567666108e-01 9.983336370109568980e-01 9.912437503030235852e-01 8.349959519951412057e-01 6.559819421856158961e-01
6.150283267250369335e-01 9.999309669862391781e-01 9.998889696507605729e-01 9.997983160069640052e-01 9.997690941958509159e-01 9.997671711042942500e-01 9.993798738946505500e-01 9.983269927685763934e-01 9.904001350984166230e-01 8.301192449359339198e-01 6.579275851913605200e-01
6.312929213132542072e-01 9.999259526273582832e-01 9.998775896604008562e-01 9.997787804672048084e-01 9.997503989744250807e-01 9.997391356262254059e-01 9.993587214915627959e-01 9.983035599632509305e-01 9.894659068202977803e-01 8.250833435369813174e-01 6.597400719241519607e-01
6.444733392647815640e-01 9.999200356936834844e-01 9.998649830708735697e-01 9.997584064051148189e-01 9.997303024012096362e-01 9.997075563714438173e-01 9.993395838815138932e-01 9.982576659817929965e-01 9.884314288434169482e-01 8.198784643917953474e-01 6.614259145951507657e-01
6.553069487617375621e-01 9.999131441688245969e-01 9.998510601547041521e-01 9.997372605528537237e-01 9.997085543893415860e-01 9.996722394104141651e-01 9.993205339607655890e-01 9.981850783350446621e-01 9.872862576843353111e-01 8.144972475037336457e-01 6.629917305773384006e-01
6.643694114875176027e-01 9.999052030808441849e-01 9.998357059200881913e-01 9.997153353361497574e-01 9.996848885177291866e-01 9.996330863211136952e-01 9.992994175774501109e-01 9.980830200597750057e-01 9.860190363114216261e-01 8.089352041665993642e-01 6.644441427690961355e-01
6.720869294210419786e-01 9.998961383375828404e-01 9.998187728773245686e-01 9.996925382400222437e-01 9.996590256293611532e-01 9.995900952602750911e-01 9.992740336347240016e-01 9.979499542823000446e-01 9.846173966435856073e-01 8.031911049402948866e-01 6.657896938453702340e-01
6.787644421522117666e-01 9.998858800563321658e-01 9.998000782204722325e-01 9.996686925393181156e-01 9.996306709594683371e-01 9.995433385685399408e-01 9.992422996687350123e-01 9.977852103390176808e-01 9.830678793393704540e-01 7.972672915298975038e-01 6.670347757655016308e-01
6.846154627561207295e-01 9.998743650026312713e-01 9.997794071336324473e-01 9.996435459148355074e-01 9.995995028854919306e-01 9.994929157047170998e-01 9.992023796226727761e-01 9.975885407834378382e-01 9.813558788042260339e-01 7.911698952049587286e-01 6.681855751122750542e-01
6.897875772632183766e-01 9.998615376902697527e-01 9.997565225952018686e-01 9.996167819050381098e-01 9.995651531876045270e-01 9.994388863338175000e-01 9.991527556683564848e-01 9.973596898420900025e-01 9.794656233328630224e-01 7.849089487144361721e-01 6.692480338826886088e-01
6.943821814146240445e-01 9.998473496159653306e-01 9.997311805698467779e-01 9.995880297140226078e-01 9.995271817198759789e-01 9.993811943040292745e-01 9.990922348926054575e-01 9.970980293288814744e-01 9.773802028026192801e-01 7.784983847932271939e-01 6.702278244366461912e-01
6.984689742213840979e-01 9.998317560046313668e-01 9.997031481310875156e-01 9.995568698433635602e-01 9.994850512356348027e-01 9.993195967914888511e-01 9.990198932224513273e-01 9.968022900449178270e-01 9.750816564922405449e-01 7.719559197946183060e-01 6.711303366051882824e-01
7.020963029043609804e-01 9.998147094657077183e-01 9.996722209451260888e-01 9.995228350630931402e-01 9.994381091331862033e-01 9.992536123533756198e-01 9.989349705677376123e-01 9.964703935534515722e-01 9.725511290936214026e-01 7.653028257629206355e-01 6.719606745589573604e-01
7.052984407526372568e-01 9.997961503558873142e-01 9.996382357379313133e-01 9.994854073509650272e-01 9.993855812694703022e-01 9.991824968046222333e-01 9.988367396091248906e-01 9.960993733823511054e-01 9.697690935804481605e-01 7.585635998370716671e-01 6.727236609507251108e-01
7.081006756128077617e-01 9.997759945322428621e-01 9.996010730865618754e-01 9.994440113480002053e-01 9.993265792740722020e-01 9.991052482770403920e-01 9.987243733736105300e-01 9.956853650264261280e-01 9.667156276085651090e-01 7.517655469913580024e-01 6.734238460185165698e-01
7.105228616193742797e-01 9.997541203028514900e-01 9.995606464919495338e-01 9.993980041368587530e-01 9.992601185195846281e-01 9.990206351624855152e-01 9.985968330157692918e-01 9.952236389338942057e-01 9.633707195450642580e-01 7.449382994910950240e-01 6.740655196802599614e-01
7.125818977926116071e-01 9.997303571154513291e-01 9.995168754938806854e-01 9.993466606521060891e-01 9.991851406943030867e-01 9.989272353832597817e-01 9.984527886497083227e-01 9.947086493618614300e-01 9.597145751496533039e-01 7.381133010518118320e-01 6.746527250747491600e-01
7.142934539195038290e-01 9.997044782700960086e-01 9.994696435161185555e-01 9.992891544772256607e-01 9.991005337393775720e-01 9.988234739278764041e-01 9.982905757918696388e-01 9.941340747754184859e-01 9.557278990225697157e-01 7.313232824025117651e-01 6.751892724310041283e-01
7.156731597656154076e-01 9.996761985993213306e-01 9.994187446397529984e-01 9.992245352573262407e-01 9.990051428086546004e-01 9.987076477173338906e-01 9.981081812250983676e-01 9.934928322511568100e-01 9.513921364671227288e-01 7.246017465256424650e-01 6.756787525279822626e-01
7.167373982895413054e-01 9.996451761710869466e-01 9.993638266891304855e-01 9.991517058677111818e-01 9.988977682567560246e-01 9.985779313846069316e-01 9.979032469530852989e-01 9.927770579574040077e-01 9.466896790808900786e-01 7.179824682444100326e-01 6.761245493135544793e-01
7.175037895527349718e-01 9.996110155135934372e-01 9.993043398907085484e-01 9.990694038586643844e-01 9.987771495481541084e-01 9.984323627830188341e-01 9.976730797862484179e-01 9.919780560329883867e-01 9.416040567686292384e-01 7.114989989761235645e-01 6.765298514800303087e-01
7.179914150849887600e-01 9.995732693450044559e-01 9.992395001914274877e-01 9.989761916988700863e-01 9.986419365611642895e-01 9.982688115036665311e-01 9.974146560654180149e-01 9.910862266212304705e-01 9.361201545040207517e-01 7.051841593069985148e-01 6.768976629503682396e-01
7.182208103387600628e-01 9.995314365003417079e-01 9.991682738631939564e-01 9.988704586720175138e-01 9.984906514746714201e-01 9.980849364396459089e-01 9.971246146185616110e-01 9.900909886342791344e-01 9.302244990462698038e-01 6.990695037050332905e-01 6.772308123276417069e-01
7.182137436544111520e-01 9.994849553164194544e-01 9.990893856813644058e-01 9.987504343532550566e-01 9.983216450945298082e-01 9.978781391811599732e-01 9.967992349499980032e-01 9.889807134730239646e-01 9.239056559389757783e-01 6.931847532895932806e-01 6.775319614147748970e-01
7.179928013197877101e-01 9.994331934842602960e-01 9.990013477936395825e-01 9.986142103244194379e-01 9.981330512856412263e-01 9.976455190211920288e-01 9.964344010969530263e-01 9.877426831771199955e-01 9.171547605936358760e-01 6.875572099014404248e-01 6.778036129350727412e-01
7.175808070748370682e-01 9.993754366477433093e-01 9.989025018548128854e-01 9.984597642157077013e-01 9.979227425333737633e-01 9.973838332848141697e-01 9.960255543049825189e-01 9.863630820317289549e-01 9.099661824795535203e-01 6.822111810773398011e-01 6.780481175871896360e-01
7.170001188921546476e-01 9.993108784457624960e-01 9.987910645062240134e-01 9.982849790677201796e-01 9.976882890086407052e-01 9.970894645032518655e-01 9.955676397770961694e-01 9.848270265607778073e-01 9.023382942019522179e-01 6.771674548308581620e-01 6.782676805590495128e-01
7.162718650111389307e-01 9.992386142842497598e-01 9.986651666274953820e-01 9.980876517389026814e-01 9.974269232090383630e-01 9.967583946002055439e-01 9.950550545142428094e-01 9.831186369426935245e-01 8.942742941959404002e-01 6.724428624747156302e-01 6.784643676100854393e-01
7.154152027886073739e-01 9.991576402267036139e-01 9.985228798271030826e-01 9.978654865942436780e-01 9.971355125490273252e-01 9.963861864951156777e-01 9.944816050253056927e-01 9.812211545071742869e-01 8.857830186997305288e-01 6.680499582557368754e-01 6.786401108150764694e-01
7.144467021226114101e-01 9.990668574928331935e-01 9.983622283794835184e-01 9.976160747146601837e-01 9.968105433758610578e-01 9.959679757097505970e-01 9.938404858127758423e-01 9.791171157364577660e-01 8.768796791037579696e-01 6.639968304642444030e-01 6.787967140503244901e-01
7.133799607843027690e-01 9.989650825969920156e-01 9.981811899573604929e-01 9.973368639452396822e-01 9.964481219340394214e-01 9.954984785614623410e-01 9.931242923831519187e-01 9.767886029433063833e-01 8.675864748202306576e-01 6.602870448693974881e-01 6.789358582977848000e-01
7.122255432957402821e-01 9.988510634104362795e-01 9.979776929891956971e-01 9.970251306919896139e-01 9.960440007596391698e-01 9.949720287412437969e-01 9.923250862438997011e-01 9.742176043708734579e-01 8.579330555772688438e-01 6.569197114648099856e-01 6.790591068479141512e-01
7.109912949783442349e-01 9.987235024178032772e-01 9.977496217209856910e-01 9.966779696646509423e-01 9.955936424837835697e-01 9.943826594868087065e-01 9.914345335839573892e-01 9.713865292839233279e-01 8.479568327105848624e-01 6.538896608499942253e-01 6.791679104978265435e-01
7.096830232388224857e-01 9.985810898976946737e-01 9.974948418407478812e-01 9.962923215864188942e-01 9.950923361756086605e-01 9.937242527330787389e-01 9.904441428732631003e-01 9.682789322463338788e-01 8.377031561820247330e-01 6.511877161685852844e-01 6.792636128640759940e-01
7.083054702238936740e-01 9.984225511350079962e-01 9.972112595718328754e-01 9.958650597919213032e-01 9.945353826728410285e-01 9.929907776760903415e-01 9.893456271287489612e-01 9.648804987571654168e-01 8.272253723499297662e-01 6.488010482292742021e-01 6.793474559494655507e-01
7.068634397329277563e-01 9.982467122708107432e-01 9.968969249148408318e-01 9.953931530997747190e-01 9.939183628423305938e-01 9.921766368781786971e-01 9.881314107862914087e-01 9.611803240916700908e-01 8.165847505679517671e-01 6.467136031568757604e-01 6.794205861049750217e-01
7.053629030275048173e-01 9.980525881356185902e-01 9.965501844562595357e-01 9.948739132288580977e-01 9.932374943086603736e-01 9.912771261699157010e-01 9.867952855248305344e-01 9.571724719418224225e-01 8.058502163032676968e-01 6.449065924694197260e-01 6.794840604920421301e-01
7.038119054528211294e-01 9.978394917421897770e-01 9.961698803302473371e-01 9.943053200976820216e-01 9.924900665784259779e-01 9.902889939311189105e-01 9.853331919329572086e-01 9.528577274812434217e-01 7.950977676489816570e-01 6.433590347220413674e-01 6.795388540608829908e-01
7.022211306135983655e-01 9.976071590258878130e-01 9.957555799071606817e-01 9.936863989020192633e-01 9.916749223413509062e-01 9.892110569770812267e-01 9.837440659997441772e-01 9.482453683739152650e-01 7.844094048375722661e-01 6.420483362763796942e-01 6.795858669142638142e-01
7.006040402006684653e-01 9.973558749286912661e-01 9.953078075335305419e-01 9.930176022429896276e-01 9.907929278334103307e-01 9.880447990482948972e-01 9.820306477876232787e-01 9.433546871273370549e-01 7.738713982651412859e-01 6.409508967736411433e-01 6.796259317434188985e-01
6.989765772606909566e-01 9.970865801531750838e-01 9.948282387851714592e-01 9.923011341782858041e-01 9.898473546575655702e-01 9.867948526185061908e-01 9.802001166008419419e-01 9.382159403846954682e-01 7.635717840261170286e-01 6.400427225190624680e-01 6.796598208513535688e-01
6.973564834433511050e-01 9.968009346530977144e-01 9.943198137272314385e-01 9.915411473879349735e-01 9.888440884117186691e-01 9.854692564508923391e-01 9.782644076396220800e-01 9.328704093967722377e-01 7.535971124821423395e-01 6.393000279998402036e-01 6.796882521850232672e-01
6.957623296195627471e-01 9.965013165918208404e-01 9.937867322656963598e-01 9.907437550295764561e-01 9.877915933495715617e-01 9.840793992045676619e-01 9.762400916585088906e-01 9.273693531583439009e-01 7.440286610300426151e-01 6.386998023053627183e-01 6.797118938433220903e-01
