2.464679167449678796e-17 2.205036060281445448e-18 5.101283013757650007e-18 8.254378471568051153e-18 1.137573554202592134e-17 1.547430932953464192e-17 2.193443030530740672e-17 3.369710491351192334e-17 4.864254178134752263e-17 8.786115961588379282e-17 1.163308017341889916e-15
3.493620139062771327e-17 3.125593971408861999e-18 7.231087121763173816e-18 1.170096273507384617e-17 1.612653584167095615e-17 2.193915684880868974e-17 3.110837443741276895e-17 4.784848150637071570e-17 6.931531213866630890e-17 1.263480811418551299e-16 1.672044103696211223e-15
4.952118248921679959e-17 4.430471546702064431e-18 1.025016215208990466e-17 1.658694179871410990e-17 2.286225069167606608e-17 3.110729709453974484e-17 4.412818631032002885e-17 6.798856828486223876e-17 9.897729238125125423e-17 1.826828319930773662e-16 2.413724552577993565e-15
7.019503188284180141e-17 6.280121419656970922e-18 1.452987480446399960e-17 2.351371444339059704e-17 3.241299598473808414e-17 4.411141406839445023e-17 6.261473152834989768e-17 9.669639987451394170e-17 1.417353298741799292e-16 2.660695335160729499e-16 3.503662266987108875e-15
9.949970701471145039e-17 8.901989045956509582e-18 2.059673621986525186e-17 3.333420083579023987e-17 4.595681892802689817e-17 6.256099514151022590e-17 8.888038214654005593e-17 1.377052506629873163e-16 2.037607412438872858e-16 3.912669495062658163e-16 5.120712887915570554e-15
1.410383765528162557e-16 1.261848760168383812e-17 2.919727099998839334e-17 4.725827185583471632e-17 6.516626535953111193e-17 8.874518155952619630e-17 1.262322117108910504e-16 1.964610799831595396e-16 2.944957111773733591e-16 5.825495819556961773e-16 7.546280076876236255e-15
1.999184562923717992e-16 1.788665812875082441e-17 4.139006129250501564e-17 6.700259756535125127e-17 9.241740321780914542e-17 1.259240040711469775e-16 1.794160581023453538e-16 2.809897267842743953e-16 4.286985482629750358e-16 8.808492072343020329e-16 1.122894232930814154e-14
2.833796071312151723e-16 2.535439914205701196e-17 5.867639999351373298e-17 9.500384873398577876e-17 1.310886114448739904e-16 1.787485389917887146e-16 2.552744002826819464e-16 4.032759312269388943e-16 6.299969454345673399e-16 1.356757392384630136e-15 1.689158645937428447e-14
4.016839167700783304e-16 3.594019446783300983e-17 8.318584618013800766e-17 1.347224692673684809e-16 1.859890587988100908e-16 2.538710399599539510e-16 3.637354290464506787e-16 5.815137147597448957e-16 9.371903953985148565e-16 2.134304735762346034e-15 2.570833689589833481e-14
5.693777286018365485e-16 5.094617139945185545e-17 1.179399466108048959e-16 1.910763522591466960e-16 2.639758804533669454e-16 3.608387570594693435e-16 5.193274067963335810e-16 8.438768047264845707e-16 1.415607852959585959e-15 3.434429159924815078e-15 3.959449063535659834e-14
8.070802861705923141e-16 7.221844682770684128e-17 1.672274325376868698e-16 2.710616661859268009e-16 3.748485061301375551e-16 5.134185505139391655e-16 7.435481503776066730e-16 1.234995697675682614e-15 2.177793747322543323e-15 5.654057969589676945e-15 6.167626399916570006e-14
1.144019152461584204e-15 1.023745868787767332e-16 2.371387666786632876e-16 3.846449467223826514e-16 5.326551074861621519e-16 7.315892043679715126e-16 1.068664589175099251e-15 1.827330223317583739e-15 3.421387905397806135e-15 9.508768458368698335e-15 9.704087184217319496e-14
1.621624212255043445e-15 1.451263624377949578e-16 3.363292104067249766e-16 5.460515997478031172e-16 7.576215737765729623e-16 1.044593554232638346e-15 1.543966809857366556e-15 2.741488743500765641e-15 5.498533025174025949e-15 1.628716492949883043e-14 1.539136350036539084e-13
2.298622276483920580e-15 2.057379059351182058e-16 4.771110579986186484e-16 7.756399918433830654e-16 1.079039257430254651e-15 1.495717514202617848e-15 2.246333386585252415e-15 4.182982296658448672e-15 9.042591974814784646e-15 2.829799906766924940e-14 2.454689757298618614e-13
3.258258908621706580e-15 2.916764281163087651e-16 6.770228754029200549e-16 1.102652771996076812e-15 1.539663524359940953e-15 2.149960326716693339e-15 3.298513740115193953e-15 6.509182247847784895e-15 1.519782654048353162e-14 4.964307528732632055e-14 3.925559188146030504e-13
4.618535815591394297e-15 4.135371285293394183e-16 9.610956027606279883e-16 1.569305617580331337e-15 2.202554811948854624e-15 3.106673517464261653e-15 4.901415753449827434e-15 1.035157525055330087e-14 2.603141339318507647e-14 8.752850245144319600e-14 6.277022749955700013e-13
6.546723229542393839e-15 5.863592255516431025e-16 1.365147698133661719e-15 2.236958794762268273e-15 3.161976613646342273e-15 4.520940001339468123e-15 7.392028756418492368e-15 1.683851002544724622e-14 4.526300464815777750e-14 1.544438781561736760e-13 1.000846202786344109e-12
9.279932886326450263e-15 8.315012478171044078e-16 1.940621088660518687e-15 3.195612754761923919e-15 4.561213419924109996e-15 6.640622618200146534e-15 1.134843435672663557e-14 2.799865244412903075e-14 7.953694557892262309e-14 2.717038897298039443e-13 1.587314055180361307e-12
1.315428337132362165e-14 1.179318694151551145e-15 2.761764794474015611e-15 4.578852040958000840e-15 6.622481873551331830e-15 9.871898998873789355e-15 1.778121907027126798e-14 4.748511647577422697e-14 1.406026422994208965e-13 4.750676779306487925e-13 2.498597213230683898e-12
1.864624784539101391e-14 1.672998146051230232e-15 3.936471783545994772e-15 6.587965739848558051e-15 9.698410129882265398e-15 1.489703225623395535e-14 2.848263069696880374e-14 8.185980921142919408e-14 2.489803467218753215e-13 8.234294718416978562e-13 3.896450564792545551e-12
2.643127522320087402e-14 2.374068622656528336e-15 5.622940291100228014e-15 9.531928735629320579e-15 1.436258236182579366e-14 2.288827003323126722e-14 4.666129941456706727e-14 1.428391706038484466e-13 4.399969235755471085e-13 1.411897608808536786e-12 6.010713076471395276e-12
3.746690543683475446e-14 3.370366008590541734e-15 8.055869766874283548e-15 1.389542614285023902e-14 2.157156216909176336e-14 3.589846869141922386e-14 7.808804236950178924e-14 2.511573909946310592e-13 7.735025914049335412e-13 2.390915189133834103e-12 9.161015284834016860e-12
5.311062133311071890e-14 4.787625244508918432e-15 1.158869102402616461e-14 2.045737153504463007e-14 3.295836181447566452e-14 5.757498895641730831e-14 1.331436338550398699e-13 4.430923869470485398e-13 1.349140942532336000e-12 3.993362693039871907e-12 1.378218675472543606e-11
7.528696919998324150e-14 6.806514681894551407e-15 1.676345880108992638e-14 3.050153615995657846e-14 5.136770944521798863e-14 9.445993579245671117e-14 2.304326024338146624e-13 7.812729349604106634e-13 2.329736783861749766e-12 6.571726368390029852e-12 2.045273777748442634e-11
1.067245707960917268e-13 9.687981421789316235e-15 2.442954947437483053e-14 4.619651676608402081e-14 8.183440905237959245e-14 1.583417569520695337e-13 4.030663979708886575e-13 1.372195288974501398e-12 3.976149368017461305e-12 1.064729222070107938e-11 2.992533715445374577e-11
1.512923026142291956e-13 1.381156330287174966e-14 3.595002743010424068e-14 7.128788832295183540e-14 1.333676627507376387e-13 2.704655914514597949e-13 7.094048141901246068e-13 2.393968700324923051e-12 6.697716865377263010e-12 1.697279767127069257e-11 4.315786584865749574e-11
2.144762177086980002e-13 1.973443169956108920e-14 5.356752837906954097e-14 1.123649257980232189e-13 2.221860666464041866e-13 4.689761595389938993e-13 1.251079283215150859e-12 4.139196802340907142e-12 1.112302321605473379e-11 2.660892715879149705e-11 6.134356450589433815e-11
3.040562813406885027e-13 2.828446251009127756e-14 8.106262206546399953e-14 1.811789425188767239e-13 3.775294710751703748e-13 8.218787335728512987e-13 2.202625835863444056e-12 7.079541555504881351e-12 1.819590282560576284e-11 4.101343536355002291e-11 8.593920641496497364e-11
4.310669016749942697e-13 4.071066489372894181e-14 1.249499354069502740e-13 2.988692784180253545e-13 6.519774236396226648e-13 1.449227419687910935e-12 3.859150086046184251e-12 1.196026587108191436e-11 2.930104928158883994e-11 6.213962573544196717e-11 1.186912981301890444e-10
6.111607419426536978e-13 5.893272853560812628e-14 1.966614496775140366e-13 5.036091025803640687e-13 1.139510486376524077e-12 2.560398713126913178e-12 6.711219632129567381e-12 1.993462916501975913e-11 4.642198433957517497e-11 9.253871374613077882e-11 1.616621533497570202e-10
8.665459762313453585e-13 8.596558357620833242e-14 3.165322643397289054e-13 8.642943217253907916e-13 2.006614827756000635e-12 4.515429018856711868e-12 1.155963069608006872e-11 3.274896937660372912e-11 7.233122712636227005e-11 1.354588227878540892e-10 2.172602944377883988e-10
1.228739598770092132e-12 1.266582740799132584e-13 5.210492440556826707e-13 1.504734648661345352e-12 3.544888252182256798e-12 7.923731284962025037e-12 1.968665929161355428e-11 5.298903659554037429e-11 1.108082577449803261e-10 1.949327870209095803e-10 2.882828358393927713e-10
1.742483175481954762e-12 1.890040741885716468e-13 8.759393389960563273e-13 2.645756733376797029e-12 6.258265689017819560e-12 1.379922493631913572e-11 3.310445631970937904e-11 8.439594291676096164e-11 1.668756631790400192e-10 2.758484926567922805e-10 3.779809420380907987e-10
2.471316436198159866e-12 2.864958653357869591e-13 1.499566038097510135e-12 4.677229877896110162e-12 1.100458235685460793e-11 2.379798455121059432e-11 5.490460525671342363e-11 1.322553121793762861e-10 2.470386032239273646e-10 3.840000336807277471e-10 4.901626390971312911e-10
3.505518649199858075e-12 4.423980464080880446e-13 2.604233908560624972e-12 8.278956890520195063e-12 1.922010567132334344e-11 4.057254016873920445e-11 8.973435940928705340e-11 2.038555108849388224e-10 3.595089803264511589e-10 5.261260001525166870e-10 6.293496645514756436e-10
4.973437600099438266e-12 6.975249332563453163e-13 4.568053406545241133e-12 1.461942240480076210e-11 3.326703018150164685e-11 6.828498466102613901e-11 1.444231970304136292e-10 3.090005196366676454e-10 5.143955197473626016e-10 7.099526164019868487e-10 8.010062498130599234e-10
7.057675192133615701e-12 1.124397735122812209e-12 8.057941359126109080e-12 2.567532860575639533e-11 5.695739389373132253e-11 1.133273513939232345e-10 2.287764280979643086e-10 4.605513678282639568e-10 7.238466729361080771e-10 9.442731785599440949e-10 1.011857612592120336e-09
1.001825243076075381e-11 1.852902482560680534e-12 1.423637480761564046e-11 4.473318984500853517e-11 9.632127834294537032e-11 1.852997764406246584e-10 3.565393024686294195e-10 6.749596846517357208e-10 1.002146819517180464e-09 1.239109356048447286e-09 1.270314797766605946e-09
1.422583211667923128e-11 3.116448427085893448e-12 2.510219079531406762e-11 7.715687901305724926e-11 1.607001841807149250e-10 2.982915182044707454e-10 5.465150039276844861e-10 9.727517063706368501e-10 1.365788548754317540e-09 1.606011795143228549e-09 1.587021148442162398e-09
2.020948063328550993e-11 5.334170539616522529e-12 4.404066449313272358e-11 1.315306183476473823e-10 2.642544131502640532e-10 4.724935434815111127e-10 8.237944407410346472e-10 1.378925845070554900e-09 1.833573889650419480e-09 2.058564377162350336e-09 1.975535365750367706e-09
2.872551979672583743e-11 9.255518037428701115e-12 7.669172662768259810e-11 2.213123751515293460e-10 4.279710450166133786e-10 7.361414516875349422e-10 1.221028815851016717e-09 1.923246527704006770e-09 2.426831923546531351e-09 2.613156472027043616e-09 2.453168334351611835e-09
4.085708589045830644e-11 1.621095312737104042e-11 1.322881404496147475e-10 3.671524639490677439e-10 6.822407365474544176e-10 1.127743588738988326e-09 1.779654614617469637e-09 2.640454963944896395e-09 3.169873678789505328e-09 3.290080279533342627e-09 3.041997124964532102e-09
5.815857340009538405e-11 2.853971872943293922e-11 2.256667525069288175e-10 6.000382438034213780e-10 1.070031563241384361e-09 1.698494916789951916e-09 2.550974806206512544e-09 3.570474295189802569e-09 4.090830624025241494e-09 4.114997891244643227e-09 3.770090961586660516e-09
8.286594479836192930e-11 5.030706343626245084e-11 3.802118255574432557e-10 9.654078378136110661e-10 1.650623474343251169e-09 2.514721888969252844e-09 3.597021271194020454e-09 4.758758239514096564e-09 5.223033864830777517e-09 5.120809545525617610e-09 4.673001003529194416e-09
1.182040581246144680e-10 8.848432337870704856e-11 6.320423057528770996e-10 1.528322943254345477e-09 2.503780025804650921e-09 3.660163181020238368e-09 4.991182440798304809e-09 6.257009789781569085e-09 6.607083405368526404e-09 6.349947103976576789e-09 5.795588448297389912e-09
1.688373727671863049e-10 1.548519351859259543e-10 1.035792206248966001e-09 2.379694758362434043e-09 3.734135783596608094e-09 5.237887486212563500e-09 6.818683166333771049e-09 8.124566353691740028e-09 8.293731594511847046e-09 7.857122093913538571e-09 7.194293158855257713e-09
2.415331036147016750e-10 2.690037000508587267e-10 1.672337777462232703e-09 3.643416747371579026e-09 5.475489957518514315e-09 7.371707242745292597e-09 9.177148967561986120e-09 1.043079487669385375e-08 1.034766948722943806e-08 9.712581723789530473e-09 8.939977139562531941e-09
3.461396839456728500e-10 4.629845836226486800e-10 2.658776116956274246e-09 5.484085166684555903e-09 7.894652519063732758e-09 1.020708753054242794e-08 1.217766083263187414e-08 1.325885247478787484e-08 1.285227275376616487e-08 1.200597243495600541e-08 1.112151356104170631e-08
4.970333822424749061e-10 7.882839601564611634e-10 4.160837209885162573e-09 8.114812872565413595e-09 1.119452948326189531e-08 1.391178265625128692e-08 1.594688468346792702e-08 1.671114003793009386e-08 1.591535226988557862e-08 1.485097862888777898e-08 1.385033345135982325e-08
7.152592554815382921e-10 1.326123959323675033e-09 6.407702128152897303e-09 1.180451467477709225e-08 1.561630081299474829e-08 1.867674978921865568e-08 2.063100798653580298e-08 2.091671513709675237e-08 1.967598092897726430e-08 1.839099073997462250e-08 1.726619072432206152e-08
1.031699088177947700e-09 2.202209729522487890e-09 9.708907725955276382e-09 1.688403250874744452e-08 2.144086743518017737e-08 2.471825472802734764e-08 2.640230034268152886e-08 2.604085704853997954e-08 2.431254534119751836e-08 2.280615649894841633e-08 2.154446543560252888e-08
1.491751540597942372e-09 3.607311764841229640e-09 1.447267304385902516e-08 2.375065332768629664e-08 2.899022673998484672e-08 3.228243975047080924e-08 3.346911081322709681e-08 3.229692313673597932e-08 3.005230362215437921e-08 2.832227720588764275e-08 2.690539991244332607e-08
2.162225074806215953e-09 5.825180710311718462e-09 2.122465106705445111e-08 3.287101879334441516e-08 3.863004300942302941e-08 4.165389200378520060e-08 4.209001959219839774e-08 3.996064015231864671e-08 3.718291373439745555e-08 3.522212524518079321e-08 3.362575867479365638e-08
3.141442920615897219e-09 9.269289220599467085e-09 3.062589707539703241e-08 4.478316481652988534e-08 5.077532990667718784e-08 5.316986043706695006e-08 5.259270322238236705e-08 4.938707086356736119e-08 4.606661864976321777e-08 4.385988302230283684e-08 4.205352774686124141e-08
4.573965637184610643e-09 1.452968472563170385e-08 4.348888965820292042e-08 6.009943023986927422e-08 6.590173823497382763e-08 6.724167560483431814e-08 6.539791066822311960e-08 6.103070818418686300e-08 5.715802010696827154e-08 5.467954589412960154e-08 5.262642981859096259e-08
6.671877704949881058e-09 2.243076244608286176e-08 6.079089232840500697e-08 7.951312754246764254e-08 8.456531134673596088e-08 8.438463920509146380e-08 8.104886581540997802e-08 7.546947965323803214e-08 7.102663087944421218e-08 6.823830685478825213e-08 6.589523765269745841e-08
9.745287896540655935e-09 3.410000416180194972e-08 8.368492851423283024e-08 1.038129867831501658e-07 1.074336246602653127e-07 1.052572481824288347e-07 1.002465003567263478e-07 9.343388043934295622e-08 8.838566504230553425e-08 8.523616726543081702e-08 8.255312972573927467e-08
1.424558470913036727e-08 5.104671225803475157e-08 1.135102166995236332e-07 1.339102315207752089e-07 1.353309254164874520e-07 1.307102487786078623e-07 1.238912533286086805e-07 1.158429669000425285e-07 1.101288192982250524e-07 1.065533170264004815e-07 1.034726624496358142e-07
2.082608766105665821e-08 7.524863035136969676e-08 1.518060161895675698e-07 1.708834978767341164e-07 1.692993012937935294e-07 1.618458698300470846e-07 1.531327867758635616e-07 1.438495092444121510e-07 1.373771430327987196e-07 1.332972222788100965e-07 1.297523491404982862e-07
3.042605182426734562e-08 1.092433258534553581e-07 2.003352627763518042e-07 2.160465315873622074e-07 2.106772202486741347e-07 2.000878526950109717e-07 1.894298507459631840e-07 1.788972090641899113e-07 1.715385297297222428e-07 1.668618737853404058e-07 1.627753586991751953e-07
4.438551009836551978e-08 1.562206781840996759e-07 2.611267823881107971e-07 2.710427279854461408e-07 2.611962886199690543e-07 2.472637168696821701e-07 2.346236323968411154e-07 2.227935485200434528e-07 2.143829354782658747e-07 2.090023123859673719e-07 2.042835044534868870e-07
6.460014922641423013e-08 2.201132214492165002e-07 3.365468270278381716e-07 3.379693685037638310e-07 3.230971044926735420e-07 3.057021217645307823e-07 2.910291702427411001e-07 2.778025960438633428e-07 2.681371943393304544e-07 2.619283923656167495e-07 2.564705212673937996e-07
9.372726284167914342e-08 3.056829113223369518e-07 4.294117642007101990e-07 4.195333150024504728e-07 3.992659368524828923e-07 3.783501438859133335e-07 3.615507448342128427e-07 3.467630198763331493e-07 3.356043114920953665e-07 3.284228102730065551e-07 3.220996719658961047e-07
1.354557365598975006e-07 4.186065293483035177e-07 5.431537063530537482e-07 5.192395404165334364e-07 4.933958198059999035e-07 4.689176354245152744e-07 4.498285581085158349e-07 4.332377476267315495e-07 4.203134340454242056e-07 4.119897680856297146e-07 4.046520394137959750e-07
1.948549041101959186e-07 5.655676178874093000e-07 6.820497227579495858e-07 6.416147841600555333e-07 6.101785291961558232e-07 5.820583846503430294e-07 5.604255443402927125e-07 5.417032613415263419e-07 5.267083950163193974e-07 5.170423230276786931e-07 5.085135201331638520e-07
2.788188608140452476e-07 7.543704612274067761e-07 8.515234543654769028e-07 7.924712408719754204e-07 7.555376550178461551e-07 7.236004247040464773e-07 6.990649552770087206e-07 6.777885439029253081e-07 6.603848808546573640e-07 6.491385885371772452e-07 6.392106296518650912e-07
3.966243117996464650e-07 9.941007164571608252e-07 1.058526268780398035e-06 9.792196474867994628e-07 9.369173421688392836e-07 9.008405157634244697e-07 8.729316386217822513e-07 8.485763123223065794e-07 8.283889902325687351e-07 8.152796031554429018e-07 8.037078727402667719e-07
5.606211464638165292e-07 1.295366997681210522e-06 1.312004649647789330e-06 1.211247221387343959e-06 1.163645992008716538e-06 1.122920698514653397e-06 1.091052934684779308e-06 1.062982521471472349e-06 1.039593363313097606e-06 1.024285018935653719e-06 1.010782766752323736e-06
7.870755644046556238e-07 1.670666910703511240e-06 1.623462486069875849e-06 1.500383161993383800e-06 1.447399167285683407e-06 1.401308195555768396e-06 1.364779120570257633e-06 1.332234363852087150e-06 1.305171335814449607e-06 1.287266960058341031e-06 1.271498814246349536e-06
1.097185684208631210e-06 2.134928567019491561e-06 2.007632292116078124e-06 1.861482327340558742e-06 1.802791208233634768e-06 1.750404271712872390e-06 1.708388606036810767e-06 1.670472341471907119e-06 1.639194929382142344e-06 1.618227696586295148e-06 1.599802030009891727e-06
1.518289232952836089e-06 2.706283602178589539e-06 2.483278690811162795e-06 2.313165868272581555e-06 2.248130990935809722e-06 2.188313491193275339e-06 2.139849906389980974e-06 2.095508725208962905e-06 2.059389210551974697e-06 2.034813459799588298e-06 2.013273325432958316e-06
2.085282504823587313e-06 3.407129946786263792e-06 3.074170736947928416e-06 2.878766059776531523e-06 2.806384425990687695e-06 2.737812702051815954e-06 2.681781092067326322e-06 2.629783208432433478e-06 2.588083996449691288e-06 2.559265162505323173e-06 2.534077503271894015e-06
2.842270150453944664e-06 4.265542756227335759e-06 3.810276334724450008e-06 3.587531833873047575e-06 3.506395479449377464e-06 3.427569616130285860e-06 3.362658322610589858e-06 3.301567268121119497e-06 3.253414518353062382e-06 3.219617443019461339e-06 3.190160276943762702e-06
3.844468156488180129e-06 5.317091824598461256e-06 4.729251394984545623e-06 4.476162619686604535e-06 4.384429597509513618e-06 4.293674625496887984e-06 4.218338722497993945e-06 4.146482251423503043e-06 4.090836061340586145e-06 4.051210906624305450e-06 4.016758179513757076e-06
5.160390326902007529e-06 6.607126400597156396e-06 5.878317877554021864e-06 5.590752450013727861e-06 5.486119417232522723e-06 5.381567144565778724e-06 5.293979937370287240e-06 5.209413239448963781e-06 5.145034521148508642e-06 5.098599423921586146e-06 5.058303198954457350e-06
6.874365704123632810e-06 8.193597305505545328e-06 7.316648426247952459e-06 6.989245526370323768e-06 6.868913625093759960e-06 6.748460050021022070e-06 6.646460142085985132e-06 6.546922220137824624e-06 6.472336191415817314e-06 6.417955781047953718e-06 6.370825389533653350e-06
9.089465911780986903e-06 1.015050565574423314e-05 9.118401734827405878e-06 8.744530226582168330e-06 8.605157000373532297e-06 8.466393678244244590e-06 8.347429253263190111e-06 8.230291183081623157e-06 8.143747087868577101e-06 8.080106020591551046e-06 8.024983726393687230e-06
1.193097329896088615e-05 1.257210104714040457e-05 1.137658388362543021e-05 1.094833256073842746e-05 1.078596448469905890e-05 1.062608561792943106e-05 1.048715614686047292e-05 1.034935988938111066e-05 1.024878620191408180e-05 1.017435692475463729e-05 1.010988955621104693e-05
1.555059854120186355e-05 1.557800263300321988e-05 1.420794939922458073e-05 1.371611405695428766e-05 1.352609629415620249e-05 1.334178592132011743e-05 1.317937969224965703e-05 1.301736611111814974e-05 1.290032010106838514e-05 1.281332411442244393e-05 1.273792999530307274e-05
2.013176348298224692e-05 1.931948578972324276e-05 1.775920519792769108e-05 1.719323494887487589e-05 1.697009678621345520e-05 1.675740162119946494e-05 1.656742573749700299e-05 1.637705039823219051e-05 1.624066057265712807e-05 1.613902248369240402e-05 1.605085285379757374e-05
2.589640109676853469e-05 2.398726553001292739e-05 2.221484487776027682e-05 2.156271379359399603e-05 2.130002968099988542e-05 2.105422252460463405e-05 2.083192071635679119e-05 2.060835582051089317e-05 2.044925543207559360e-05 2.033054905478584229e-05 2.022744301576619673e-05
3.311388383563429786e-05 2.982121537842161120e-05 2.780702437970240242e-05 2.705500246893088011e-05 2.674522963718607959e-05 2.646066587457633420e-05 2.620051885954574505e-05 2.593813924706603772e-05 2.575238876889055439e-05 2.561377441166395262e-05 2.549320626665787249e-05
4.211286333781882326e-05 3.712258721165221580e-05 3.482799751922596308e-05 3.396030500766039091e-05 3.359459920195269453e-05 3.326456517422836606e-05 3.296016840700026197e-05 3.265241894077624028e-05 3.243541514347451877e-05 3.227356702145528207e-05 3.213258469658290183e-05
5.329697384274948227e-05 4.626944501970258025e-05 4.364576631078177728e-05 4.264410499752859592e-05 4.221211574686522595e-05 4.182866357803391146e-05 4.147257783623496826e-05 4.111181871092281390e-05 4.085818771336751509e-05 4.066921013022564479e-05 4.050436316634416228e-05
6.716550476578235214e-05 5.773619710770881431e-05 5.472377164579463613e-05 5.356673506591615717e-05 5.305638081407014619e-05 5.261014059530904214e-05 5.219371161024455292e-05 5.177103728025992990e-05 5.147450865500110331e-05 5.125383922534589937e-05 5.106109460139781237e-05
8.434027666439982709e-05 7.211831224363405494e-05 6.864565972644681637e-05 6.730802891894364221e-05 6.670524999088570496e-05 6.618520797534231496e-05 6.569835182203346809e-05 6.520337840475655020e-05 6.485663707744116586e-05 6.459893482255670591e-05 6.437357860833336685e-05
1.056000623870803704e-04 9.016354113099713213e-05 8.614641183998263379e-05 8.459834527072743313e-05 8.388682896849493874e-05 8.328006012799070987e-05 8.271101103774426060e-05 8.213162628438584625e-05 8.172613855854528970e-05 8.142515422525741626e-05 8.116167675512572560e-05
1.319239970599238993e-04 1.128112368726505644e-04 1.081514174470947021e-04 1.063575421191983533e-04 1.055184095334498243e-04 1.048097544199959487e-04 1.041447709501347978e-04 1.034668402262221371e-04 1.029926497900248935e-04 1.026410752408576612e-04 1.023330371519270537e-04
1.645455387230030742e-04 1.412416668658754394e-04 1.358253892700654088e-04 1.337437956575988310e-04 1.327552347706115329e-04 1.319269134851456637e-04 1.311499376916119939e-04 1.303569588862305191e-04 1.298024481391259481e-04 1.293917411744189530e-04 1.290316172777104104e-04
2.050186874971230138e-04 1.769375003074093015e-04 1.706333273954801697e-04 1.682144642424177278e-04 1.670512896409806708e-04 1.660824488420755806e-04 1.651747115785479579e-04 1.642474114862320660e-04 1.635990230209012966e-04 1.631192035696576396e-04 1.626982011603359402e-04
2.552983169630284634e-04 2.217598649911745555e-04 2.144159605451821302e-04 2.116014178170582229e-04 2.102345350076899853e-04 2.091007262864470132e-04 2.080402904737031354e-04 2.069561550444965576e-04 2.061980677541594810e-04 2.056374810945162178e-04 2.051453290369414397e-04
3.178365082682269287e-04 2.780413528037346620e-04 2.694820853436442941e-04 2.662032462454086792e-04 2.645989992339596846e-04 2.632715882437751224e-04 2.620328214791310716e-04 2.607655526289301266e-04 2.598793069014439521e-04 2.592243495939176813e-04 2.586490544841111346e-04
3.956964699607656301e-04 3.486978775084257037e-04 3.387197528205125466e-04 3.348962910343550900e-04 3.330156762982508902e-04 3.314611819489301689e-04 3.300141507996787356e-04 3.285330436727210320e-04 3.274971108530801860e-04 3.267319156494032225e-04 3.260594818062150587e-04
4.926845728599988728e-04 4.373599879950956868e-04 4.257269555704468493e-04 4.212651548326671810e-04 4.190628936402876850e-04 4.172422566340238878e-04 4.155520381652777636e-04 4.138212756546290946e-04 4.126105689977306004e-04 4.117166465465949216e-04 4.109307579007264962e-04
6.134986468173799033e-04 5.485216119889822252e-04 5.349598494240346896e-04 5.297507333643101989e-04 5.271742081301732975e-04 5.250419903292110691e-04 5.230679029086801124e-04 5.210457701345338729e-04 5.196310987078237064e-04 5.185869370517173869e-04 5.176686017616495073e-04
7.638862494701646570e-04 6.876996292129136006e-04 6.718919838303109284e-04 6.658092697490249371e-04 6.627973496287426413e-04 6.603008731990925176e-04 6.579956398508497988e-04 6.556336719393240356e-04 6.539811465717589468e-04 6.527617750950903989e-04 6.516889387037275811e-04
9.507993801441558474e-04 8.615905070914696949e-04 8.431708767025071060e-04 8.360688134881607636e-04 8.325506211976476181e-04 8.296290725625813994e-04 8.269379479900276515e-04 8.241800420864215737e-04 8.222504549818903351e-04 8.208269887219760141e-04 8.195741298442872289e-04
1.182521547463425467e-03 1.078200015556916727e-03 1.056748093892013888e-03 1.048459317363542413e-03 1.044353025338915896e-03 1.040936576888668898e-03 1.037796495867495403e-03 1.034578045200412614e-03 1.032326263823801207e-03 1.030665458059897141e-03 1.029203192989733805e-03
1.468729268888488947e-03 1.346908827586771207e-03 1.321945837892469968e-03 1.312279480725249935e-03 1.307491272366133805e-03 1.303500316776000150e-03 1.299839158725804101e-03 1.296086304592742634e-03 1.293460747166575754e-03 1.291524611896149258e-03 1.289819351966021857e-03
1.820434114916533218e-03 1.678421639879427258e-03 1.649407940939535142e-03 1.638148369229054527e-03 1.632571761046792188e-03 1.627916409034911279e-03 1.623652521704208214e-03 1.619281668895475226e-03 1.616223963585396118e-03 1.613969513082589039e-03 1.611983241278438193e-03
