4.463899622116125095e-06 4.756394776407008398e-05 2.058934968021932852e-04 4.680509039967795256e-04 8.407091861587402551e-04 1.478046809923455997e-03 2.900821789454357830e-03 6.775135159974998364e-03 1.452817090268095600e-02 3.066366514157564671e-02 6.953992775330133935e-02
4.984330597809328758e-06 6.002108356727416734e-05 2.598584509192324726e-04 5.908388488348549411e-04 1.061520197352910748e-03 1.866734928691219514e-03 3.663802046215714273e-03 8.541654528010221570e-03 1.820720231065274530e-02 3.789719761735506343e-02 8.260684786964153647e-02
5.966746127035826227e-06 7.574192042136689582e-05 3.279832597644885724e-04 7.459019452785853191e-04 1.340471610754762066e-03 2.357826999884058295e-03 4.626465022081477883e-03 1.075377834438574244e-02 2.273637211348011195e-02 4.651726200757398677e-02 9.714390118511743999e-02
7.368508814577163005e-06 9.558187202075202652e-05 4.139915056251600688e-04 9.417515534129538126e-04 1.692904380521462714e-03 2.978200118767357352e-03 5.839563447675300348e-03 1.351232785105016022e-02 2.826595035523517263e-02 5.665624315966029390e-02 1.130723486824305318e-01
9.217990715627408287e-06 1.206209092811371270e-04 5.225896624066586659e-04 1.189150563161800326e-03 2.138181851943854721e-03 3.761573718011639120e-03 7.365413422469884938e-03 1.693398990047233557e-02 3.495211432903976012e-02 6.841564652110088129e-02 1.302662067935310974e-01
1.159188857936828156e-05 1.522226219320524420e-04 6.597275862614469756e-04 1.501704857937450005e-03 2.700697513466048492e-03 4.750041364946963260e-03 9.279621997594038676e-03 2.115041432180594580e-02 4.294913616174216714e-02 8.185463743817598947e-02 1.485585396397004765e-01
1.460733075162627345e-05 1.921089041062671178e-04 8.329276211226260048e-04 1.896601488710185747e-03 3.411089362807007488e-03 5.995788530083188440e-03 1.167255675609490430e-02 2.630565315257903103e-02 5.239961818165506102e-02 9.698075318851288873e-02 1.677507907022036948e-01
1.842223470314628575e-05 2.424544101601616057e-04 1.051699328701947078e-03 2.395521002940605507e-03 4.307668431912846374e-03 7.562916853316657174e-03 1.465025054872244777e-02 3.255161357280045992e-02 6.342349196312481452e-02 1.137441490348252982e-01 1.876240085134617541e-01
2.324089158922135130e-05 3.060060263956774704e-04 1.328059908684210699e-03 3.025749234600793106e-03 5.438043919674385301e-03 9.529227067145432800e-03 1.833435923801798872e-02 4.004139349727402902e-02 7.610686190333765255e-02 1.320362892780145014e-01 2.079506834126419734e-01
2.932356553779848668e-05 3.862339729323798301e-04 1.677182982847837340e-03 3.821505510045861229e-03 6.860886570156107291e-03 1.198772723769860916e-02 2.286075222626206965e-02 4.892066571279513748e-02 9.049199495486198730e-02 1.516933549671048431e-01 2.285060011376522926e-01
3.699987309337264042e-05 4.875228303587745226e-04 2.118199658496138556e-03 4.825486057251576234e-03 8.647712741159102948e-03 1.504754010671250676e-02 2.837634511609295196e-02 5.931763365232644442e-02 1.065697566433193577e-01 1.725039588195270701e-01 2.490775804404579130e-01
4.668629081696820383e-05 6.154128030734363868e-04 2.675174191253246962e-03 6.090589265836871165e-03 1.088449468134436091e-02 1.883380237977633556e-02 3.503390737937684546e-02 7.133242887739071891e-02 1.242755453332328730e-01 1.942201861959330922e-01 2.694731135047795378e-01
5.890854961545393032e-05 7.769038678591707161e-04 3.378269999132086678e-03 7.681739537275065512e-03 1.367281447066585540e-02 2.348610860933874125e-02 4.298480572128225013e-02 8.502707101637210774e-02 1.434893242479618747e-01 2.165706273605708387e-01 2.895256862138795850e-01
7.433003004205231633e-05 9.808380101530159503e-04 4.265107450949574310e-03 9.677657062328483620e-03 1.713019485434404132e-02 2.915508677251174227e-02 5.236995892770101441e-02 1.004171893944765803e-01 1.640397916413026402e-01 2.392739712540371266e-01 3.090968571194581682e-01
9.378763896032930988e-05 1.238377271225917517e-03 5.382289596052892110e-03 1.217233481357336312e-02 2.138918400278624898e-02 3.599683103092073816e-02 6.330963297795089151e-02 1.174665730635080646e-01 1.857121850759758663e-01 2.620518681971316655e-01 3.280777859025551524e-01
1.183370651354117285e-04 1.563597329878948497e-03 6.787032965350731778e-03 1.527589163990116482e-02 2.659477392460576559e-02 4.416517036701048116e-02 7.589302065179483192e-02 1.360852869160842082e-01 2.082587933416772119e-01 2.846400668410393187e-01 3.463888186773738664e-01
1.493098080676862538e-04 1.974216990865521135e-03 8.548786445725967478e-03 1.911439149013743552e-02 3.289982414698718743e-02 5.380209906215178278e-02 9.016874516206127566e-02 1.561316317021826106e-01 2.314110142650865898e-01 3.067972021632533464e-01 3.639779724453109377e-01
1.883849723752003690e-04 2.492481967366314173e-03 1.075065398339790715e-02 2.382818264623084992e-02 4.045836146416898621e-02 6.502707831615310574e-02 1.061374389762112652e-01 1.774177315792870024e-01 2.548917615157198502e-01 3.283109787209363417e-01 3.808187372205686927e-01
2.376795343602872460e-04 3.146214935097387151e-03 1.349036368411038814e-02 2.956835116871600611e-02 4.941692603486061430e-02 7.792625082362654443e-02 1.237473558529058049e-01 1.997181021254809119e-01 2.784271573326477789e-01 3.490018028729336974e-01 3.969075554667957362e-01
2.998616228950946698e-04 3.970030763403692084e-03 1.688046051239001921e-02 3.649102788258370283e-02 5.990449329612025642e-02 9.254279943638023254e-02 1.428936074987057214e-01 2.227802568595921850e-01 3.017566940397254371e-01 3.687241425654713689e-01 4.122612639155362468e-01
3.782923003099784528e-04 5.006693700508776414e-03 2.104736236498916738e-02 4.474954725034250430e-02 7.202184816487094965e-02 1.088696606275747908e-01 1.634211513443935837e-01 2.463362834985643457e-01 3.246413426310550410e-01 3.873660296439770390e-01 4.269147057737948114e-01
4.772023374735287525e-04 6.308560180958914035e-03 2.612893334996397102e-02 5.448480638221114836e-02 8.583153576279031749e-02 1.268455588054009653e-01 1.851311884106184857e-01 2.701143547834025105e-01 3.468693780001713689e-01 4.048471787054770954e-01 4.409186488306364726e-01
6.019114609738922001e-04 7.939006387936081016e-03 3.227031455154061312e-02 6.581455332704473637e-02 1.013495858456029963e-01 1.463549043252625470e-01 2.077902478299753219e-01 2.938492963726436202e-01 3.682599405288600192e-01 4.211161968203919193e-01 4.543380791009563047e-01
7.590983526387602492e-04 9.973686084402707749e-03 3.961792136372628559e-02 7.882265822888252782e-02 1.185400693749140283e-01 1.672315880774080388e-01 2.311409950339053110e-01 3.172915665491483628e-01 3.886645433811671824e-01 4.361473200252642957e-01 4.672508789030493381e-01
9.571300577769160023e-04 1.250140793596963250e-02 4.831175863733044168e-02 9.354959792999130441e-02 1.373132127338824449e-01 1.892662163671631481e-01 2.549137224912266242e-01 3.402142605651956586e-01 4.079668593496050821e-01 4.499370530159028658e-01 4.797468390219029044e-01
1.206459058861569702e-03 1.562437371945844464e-02 5.847648837695184482e-02 1.099853507704093847e-01 1.575273361007481498e-01 2.122159523413951199e-01 2.788375487843303135e-01 3.624179973215957973e-01 4.260811860658335060e-01 4.625010215706550909e-01 4.919268924549083377e-01
1.520094638214185539e-03 1.945749458035169951e-02 7.021195752736864026e-02 1.280656429615748548e-01 1.789943944743204451e-01 2.358159167293549796e-01 3.026505247452948577e-01 3.837337520560119564e-01 4.429500051074908296e-01 4.738712819959071676e-01 5.039023885115513357e-01
1.914151742800607268e-03 2.412651831578562986e-02 8.358409452567558406e-02 1.476720597064719309e-01 2.014884785770002518e-01 2.597910594444530763e-01 3.261080772021263674e-01 4.040238531357137064e-01 4.585410323537186250e-01 4.840942731553341538e-01 5.157941498395227642e-01
2.408474805888919691e-03 2.976476964506570219e-02 9.861715930320981427e-02 1.686360259711082998e-01 2.247563470171971278e-01 2.838675176771719433e-01 3.489894678738962863e-01 4.231814617076512519e-01 4.728441167333244932e-01 4.932295455593189715e-01 5.277309759043916637e-01
3.027325380640603653e-03 3.650843185864195012e-02 1.152882528316122174e-01 1.907461798865658087e-01 2.485289393865942886e-01 3.077826790299567628e-01 3.711021735171673996e-01 4.411289048334559593e-01 4.858682931342728772e-01 5.013493564650761680e-01 5.398471882001381061e-01
3.800110728963025999e-03 4.449047304883523013e-02 1.335247639872998993e-01 2.137582944127408291e-01 2.725328529079646955e-01 3.312934194966614121e-01 3.922842823163056880e-01 4.578152448794552964e-01 4.976392407972197729e-01 5.085391749238172832e-01 5.522787809482863075e-01
4.762115804121694503e-03 5.383351974245050020e-02 1.532050927227394943e-01 2.374066994774877981e-01 2.965009169654956867e-01 3.541822420041846331e-01 4.124051409069386387e-01 4.732134509394285149e-01 5.081973460633644191e-01 5.148990882341951680e-01 5.651577852140541314e-01
5.955184030630234111e-03 6.464217055458588990e-02 1.741626025118437615e-01 2.614161234174686155e-01 3.201812231275795728e-01 3.762612702750924853e-01 4.313645754715192404e-01 4.873175022496922804e-01 5.175965198988558003e-01 5.205460304009992267e-01 5.786046204357074840e-01
7.428274230825863099e-03 7.699538452584007986e-02 1.961923918634885522e-01 2.855129812509769605e-01 3.433442172714297747e-01 3.973742363948183365e-01 4.490910542813508766e-01 5.001397077271350078e-01 5.259038751477639329e-01 5.256166504685855223e-01 5.927185322077223040e-01
9.237803967714928316e-03 9.093964153555587904e-02 2.190601936246643344e-01 3.094353417599909339e-01 3.657876985030183992e-01 4.173967313837134707e-01 4.655391665397640710e-01 5.117084765327833962e-01 5.332003218251996080e-01 5.302704895824051912e-01 6.075666982653705750e-01
1.144767611963330538e-02 1.064835388720540149e-01 2.425125477426508525e-01 3.329410558288278810e-01 3.873397723000772674e-01 4.362350674250244364e-01 4.806867733258629038e-01 5.220667259690622286e-01 5.395820834700660873e-01 5.346929292271914713e-01 6.231731573265085755e-01
1.412887892506892520e-02 1.235943612073972936e-01 2.662873564857589637e-01 3.558137822926990546e-01 4.078599600443801876e-01 4.538241348288978849e-01 4.945321504160199444e-01 5.312710663033798353e-01 5.451630626310312033e-01 5.390971100808876759e-01 6.395092287671378939e-01
1.735855376898602642e-02 1.421969618175260019e-01 2.901240053351258341e-01 3.778668740016690730e-01 4.272387707892667530e-01 4.701246358837150585e-01 5.070913978867318539e-01 5.393918555459736863e-01 5.500778747313801453e-01 5.437237281374491804e-01 6.564873471369395697e-01
2.121844351433721174e-02 1.621750547953718091e-01 3.137723871397040676e-01 3.989452679378546751e-01 4.453960974620830293e-01 4.851200518841367049e-01 5.183963436463064900e-01 5.465141658474786945e-01 5.544852110969952230e-01 5.488373635881579338e-01 6.739600677038696253e-01
2.579267044576921339e-02 1.833747798058294742e-01 3.370003655438449375e-01 4.189256520517984916e-01 4.622788165818929040e-01 4.988136586052798194e-01 5.284931208079357567e-01 5.527396385826540692e-01 5.585709712020932027e-01 5.547179200960792311e-01 6.917253651183447039e-01
3.116484793945796181e-02 2.056101973703937102e-01 3.595994226104118341e-01 4.377152592585387691e-01 4.778579577004491985e-01 5.112258574307538828e-01 5.374415526576665769e-01 5.581891153944978923e-01 5.625503212439491030e-01 5.616460357607000464e-01 7.095383681954046118e-01
3.741460065697507775e-02 2.286702280851470315e-01 3.813884288547237378e-01 4.552496723886711449e-01 4.921257759988788560e-01 5.223920400911732376e-01 5.453154313222868810e-01 5.630058028624882471e-01 5.666675198100135091e-01 5.698821688025017540e-01 7.271285820329400629e-01
4.461364548059240653e-02 2.523264743450017722e-01 4.022156346310048480e-01 4.714900223200546026e-01 5.050930175397085886e-01 5.323611577823856855e-01 5.522037211137874602e-01 5.673585446224236328e-01 5.711920805224571795e-01 5.796405538929452206e-01 7.442206797121485584e-01
5.282165535851732208e-02 2.763413558148885563e-01 4.219591017323547355e-01 4.864199353555053729e-01 5.167866184235717641e-01 5.411951207456157098e-01 5.582126452721636323e-01 5.714445291495874324e-01 5.764097633619970074e-01 5.910612006591341450e-01 7.605562638357982186e-01
6.208217483934760916e-02 3.004760381475471975e-01 4.405258719710911652e-01 5.000425448385419358e-01 5.272480309829868927e-01 5.489691095854632996e-01 5.634685123724469946e-01 5.754904655247513601e-01 5.826072120244193409e-01 6.041850156057914090e-01 7.759137040575591060e-01
7.241886810623324178e-02 3.244977214228756401e-01 4.578502091511436056e-01 5.123778340296576417e-01 5.365323239222186125e-01 5.557728286611710589e-01 5.681209910085111003e-01 5.797509620875234138e-01 5.900500022043446702e-01 6.189381067024465333e-01 7.901233335288346815e-01
8.383235733560756575e-02 3.481859630422570739e-01 4.738912589336455317e-01 5.234605281488936557e-01 5.447081577925493301e-01 5.617126650220395367e-01 5.723463357406181062e-01 5.845026500293286631e-01 5.989555278387654891e-01 6.351305365463607577e-01 8.030759932559478065e-01
9.629786362309150638e-02 3.713378244281927976e-01 4.886304555753268608e-01 5.333387063699827069e-01 5.518586879194521400e-01 5.669146199054274637e-01 5.763498016810326696e-01 5.900326781273156351e-01 6.094643119302242118e-01 6.524719430523406860e-01 8.147240967906590470e-01
1.097638151357128167e-01 3.937717408422403143e-01 5.020689732137496586e-01 5.420732597444360978e-01 5.580833857787160790e-01 5.715277371727628397e-01 5.803661824926961144e-01 5.966207788146697943e-01 6.216153298232560687e-01 6.706022120442793888e-01 8.250758033552947346e-01
1.241515560361001469e-01 4.153301118764502475e-01 5.142254789789788560e-01 5.497382757938729103e-01 5.635006849117152328e-01 5.757275480396588652e-01 5.846571337904560295e-01 6.045153349830297840e-01 6.353317817454484651e-01 6.891312637438200550e-01 8.341841347570374543e-01
1.393562805342545841e-01 4.358806928285696158e-01 5.251344005575815377e-01 5.564223786963552465e-01 5.682512335028273576e-01 5.797187761343981505e-01 5.895038277297891538e-01 6.139057256867374024e-01 6.504225524034334960e-01 7.076796537682134014e-01 8.421335718090747768e-01
1.552493161430050783e-01 4.553169326102701198e-01 5.348448743470771705e-01 5.622309857268260602e-01 5.725013564603481653e-01 5.837362161957994067e-01 5.951937088695981037e-01 6.248953005347608336e-01 6.666011780540707088e-01 7.259120136385966982e-01 8.490266588460188002e-01
1.716818604649729130e-01 4.735574518547029377e-01 5.434204916065351609e-01 5.672893422332334623e-01 5.764460839513297907e-01 5.880423732201562892e-01 6.020008817559552305e-01 6.374808389084672955e-01 6.835194504925429237e-01 7.435580833275003965e-01 8.549725509074420637e-01
1.884902034544105598e-01 4.905448861590857024e-01 5.509399054131544071e-01 5.717460525368772695e-01 5.803107961660798342e-01 5.929202552247253566e-01 6.101610589255019867e-01 6.515443559858674627e-01 7.008086173277378039e-01 7.604199509092950393e-01 8.600785579094784028e-01
2.055023193122720027e-01 5.062443351512090350e-01 5.574982936949277601e-01 5.757766170824688556e-01 5.843502062116249229e-01 5.986598602923317580e-01 6.198438948739215526e-01 6.668610533850511946e-01 7.181192318867406499e-01 7.763675935977689679e-01 8.644448859181935729e-01
2.225454933215001430e-01 5.206416598595832168e-01 5.632095827207169725e-01 5.795862099723004812e-01 5.888431533160179976e-01 6.055376417103998099e-01 6.311274352376115004e-01 6.831233826396612141e-01 7.351517832578200462e-01 7.913268752511013471e-01 8.681621516587981757e-01
2.394544025028761958e-01 5.337418602914717480e-01 5.682092086049894686e-01 5.834106019614591077e-01 5.940816802669215413e-01 6.137897618017579271e-01 6.439805247923147125e-01 6.999768595566089324e-01 7.516736337351797026e-01 8.052645601668280140e-01 8.713109203223755594e-01
2.560788739515798551e-01 5.455677434082585320e-01 5.726570200694913737e-01 5.875138130297861139e-01 6.003533552210200686e-01 6.235821787869955113e-01 6.582585335204241828e-01 7.170601250083323830e-01 7.675219383799075645e-01 8.181740560570220921e-01 8.739624546884202649e-01
2.722904877001778856e-01 5.561590591289538033e-01 5.767397000707344956e-01 5.921808947448945482e-01 6.079169831188627748e-01 6.349830047601391358e-01 6.737153193298925924e-01 7.340410236511253350e-01 7.825955548600863620e-01 8.300641637603055623e-01 8.761799820567047759e-01
2.879873218813438496e-01 5.655722373008789106e-01 5.806718221894764387e-01 5.977044018648186574e-01 6.169737720477469489e-01 6.479440836243816060e-01 6.900304243757408029e-01 7.506423032875310097e-01 7.968406146876000351e-01 8.409516742666875988e-01 8.780199923895515290e-01
3.030964360388493928e-01 5.738807982946578790e-01 5.846944094722615892e-01 6.043638634541067534e-01 6.276383342141946819e-01 6.622981860791975484e-01 7.068463944559464363e-01 7.666539853462623899e-01 8.102344200691115050e-01 8.508575666145998806e-01 8.795332998441119932e-01
3.175740649701632168e-01 5.811764281911478980e-01 5.890697265810342920e-01 6.123990847853352237e-01 6.399157932506063240e-01 6.777750219894024264e-01 7.238084068625800782e-01 7.819330966350570566e-01 8.227712099376244259e-01 8.598059377550801852e-01 8.807657801985829815e-01
3.314038355698220029e-01 5.875705990008471824e-01 5.940711567778262925e-01 6.219803173432041365e-01 6.536916398658507710e-01 6.940341305034410935e-01 7.405981746635510454e-01 7.963940920886837249e-01 8.344517937618304293e-01 8.678245901170511534e-01 8.817588158759838146e-01
3.445935352406383489e-01 5.931964684626618300e-01 5.999675550449061756e-01 6.331806793150090984e-01 6.687390010079375946e-01 7.107076026556430337e-01 7.569563600788715707e-01 8.099944065331974308e-01 8.452776162249188152e-01 8.749462902457775249e-01 8.825495382827325264e-01
3.571710245449458143e-01 5.982106123116228691e-01 6.070025246202426228e-01 6.459576690061616944e-01 6.847437919325124467e-01 7.274427979887501117e-01 7.726914160178313118e-01 8.227192860614273018e-01 8.552487738700268460e-01 8.812099560758562822e-01 8.831709678936704444e-01
3.691798272942174441e-01 6.027939386599582283e-01 6.153705544698911956e-01 6.601500459388272013e-01 7.013431652420981655e-01 7.439359449808941038e-01 7.876763844199557996e-01 8.345688925877353670e-01 8.643649267668852554e-01 8.866613193283912064e-01 8.836521347394147297e-01
3.806748056786515844e-01 6.071509484439485682e-01 6.251935298757899107e-01 6.754932133006731343e-01 7.181688238083322462e-01 7.599511905882718743e-01 8.018375416146290569e-01 8.455492399683243177e-01 8.726278720995449545e-01 8.913528702086779276e-01 8.840182326751692132e-01
3.917181924080057054e-01 6.115064093532024403e-01 6.365022014199660516e-01 6.916512267113185120e-01 7.348857770937102796e-01 7.753244162160711772e-01 8.151394848595580056e-01 8.556672489096953660e-01 8.800446523939965404e-01 8.953430885968343134e-01 8.842908318378971400e-01
4.023761422370763507e-01 6.160986024343363399e-01 6.492271589064922965e-01 7.082586030999774573e-01 7.512192731274068835e-01 7.899550093456136901e-01 8.275705955778370759e-01 8.649293253668119963e-01 8.866303327245365073e-01 8.986950918589112769e-01 8.844881512144572300e-01
4.127158935695913744e-01 6.211686785179673098e-01 6.632023985004464883e-01 7.249623972076214562e-01 7.669667586329902420e-01 8.037907038380942559e-01 8.391314349127907413e-01 8.733424129975548844e-01 8.924098951810801594e-01 9.014748931114974217e-01 8.846253790622068403e-01
4.228035901429542109e-01 6.269463654844108502e-01 6.781819364859887900e-01 7.414556934769809260e-01 7.819959767840679588e-01 8.168105926771368486e-01 8.498271482378348951e-01 8.809163710881103837e-01 8.974189954211700959e-01 9.037494804353760625e-01 8.847150222382360596e-01
4.327027860392783642e-01 6.336332114140019733e-01 6.938668844822133419e-01 7.574971659752026687e-01 7.962332357705599328e-01 8.290101562693282800e-01 8.596637797726607300e-01 8.876666672654984769e-01 9.017035677641556113e-01 9.055849123663131106e-01 8.847672643668613723e-01
4.424736254700959992e-01 6.413854892236806604e-01 7.099379534454326457e-01 7.729159042354036835e-01 8.096469256777842904e-01 8.403904433041243793e-01 8.686476806961468400e-01 8.936166342738282031e-01 9.053184383679122593e-01 9.070445904630789480e-01 8.847903151165038560e-01
4.521726375826146671e-01 6.502994788032162576e-01 7.260872914988591997e-01 7.876044290727274300e-01 8.222308247956656713e-01 8.509519830551521835e-01 8.767869074408894958e-01 8.987988338470859206e-01 9.083252111470311307e-01 9.081878252378896565e-01 8.847907369146628120e-01
4.618530111800154270e-01 6.604017849450140032e-01 7.420441644304807127e-01 8.015047081724406830e-01 8.339903224632243539e-01 8.606928946060757868e-01 8.840935337834842089e-01 9.032553419464320887e-01 9.107897358622041306e-01 9.090687642290203874e-01 8.847737399503401434e-01
4.715651230401716187e-01 6.716465696881068759e-01 7.575909505590251447e-01 8.145920273168006931e-01 8.449330773697911745e-01 8.696100510385896820e-01 8.905860053978834623e-01 9.070369885232235641e-01 9.127794630927138497e-01 9.097357058877679759e-01 8.847434405187487583e-01
4.813570088224929933e-01 6.839202992500840184e-01 7.725685130559664104e-01 8.268604168049479286e-01 8.550642764075383484e-01 8.777019789304579822e-01 8.962909378221730616e-01 9.102017395732627802e-01 9.143609492249979986e-01 9.102307843689232403e-01 8.847030812500401575e-01
4.912744205635347639e-01 6.970532433591821730e-01 7.868723925515626050e-01 8.383117390709743377e-01 8.643857521298223823e-01 8.849722933207299080e-01 9.012440269605203058e-01 9.128124984775382034e-01 9.155977097434279122e-01 9.105899810611394196e-01 8.846552143889274689e-01
5.013601442760745597e-01 7.108359044079504141e-01 8.004428029414794032e-01 8.489490822672599579e-01 8.728977660369964253e-01 8.914327505885072389e-01 9.054899693648880143e-01 9.149346332627410483e-01 9.165485444382474034e-01 9.108434000703953259e-01 8.846018510735408347e-01
5.116523765734041218e-01 7.250379794604331352e-01 8.132518858255617378e-01 8.587740616027440543e-01 8.806021821875122946e-01 8.971053376227186016e-01 9.090814645554975426e-01 9.166335171868993381e-01 9.172663854691768259e-01 9.110157366429503245e-01 8.845445806054113014e-01
5.221821720765789099e-01 7.394273435938756300e-01 8.252912433715909879e-01 8.677870617396182817e-01 8.875059189336514942e-01 9.020231326521360726e-01 9.120774914547400414e-01 9.179723161707612489e-01 9.177976573936699189e-01 9.111268681744796316e-01 8.844846641518985253e-01
5.329702266380736964e-01 7.537867744832630335e-01 8.365618071001786893e-01 8.759892807865700126e-01 8.936238583141185021e-01 9.062299318708032514e-01 9.145411177839651851e-01 9.190101837954756103e-01 9.181820924508854453e-01 9.111925046951405704e-01 8.844231073290789169e-01
5.440234789284068562e-01 7.679266316089633504e-01 8.470670147043672937e-01 8.833855278773091735e-01 8.989807194338936824e-01 9.097788212963884291e-01 9.165371197347951249e-01 9.198009477489865748e-01 9.184529161438407252e-01 9.112248469930476213e-01 8.843607158185068373e-01
5.553321188488308247e-01 7.816924188652930594e-01 8.568093488606312036e-01 8.899869531988237048e-01 9.036117015072240299e-01 9.127299844756547875e-01 9.181296672788664681e-01 9.203923025642380962e-01 9.186373061656011307e-01 9.112332134967244812e-01 8.842981376973155783e-01
5.668675471767826712e-01 7.949670300818459934e-01 8.657896776462419286e-01 8.958131551360836164e-01 9.075619401885843818e-01 9.151480811321310860e-01 9.193802793860892386e-01 9.208254697585018800e-01 9.187570288325870305e-01 9.112246098287946072e-01 8.842358956059986896e-01
5.785816580893117234e-01 8.076683530302701808e-01 8.740085362928252666e-01 9.008933576000813792e-01 9.108849850212783483e-01 9.170995217543920219e-01 9.203461864902890976e-01 9.211352510884786016e-01 9.188291675085733523e-01 9.112042263132529296e-01 8.841744113146169370e-01
5.904075877832092312e-01 8.197435839384052958e-01 8.814684423062445484e-01 9.052665579192648027e-01 9.136405977916225440e-01 9.186499134196165484e-01 9.210791677841705383e-01 9.213503829423462799e-01 9.188668731672076095e-01 9.111758579762119226e-01 8.841140247243104433e-01
6.022618780748576484e-01 8.311619179297142779e-01 8.881764530834953542e-01 9.089807066993157436e-01 9.158922005921268372e-01 9.198618790023137537e-01 9.216248687987396160e-01 9.214940968754764539e-01 9.188800849592726472e-01 9.111422484905349339e-01 8.840550088826487629e-01
6.140479033060198821e-01 8.419071933029805832e-01 8.941463753274372372e-01 9.120910967408734082e-01 9.177042818168974492e-01 9.207933707533078049e-01 9.220225568058395549e-01 9.215847988616381325e-01 9.188761859413003830e-01 9.111053641671784664e-01 8.839975822052735799e-01
6.256603939309953732e-01 8.519716758726084693e-01 8.994002569240916456e-01 9.146582095399828916e-01 9.191400133225200442e-01 9.214965228170264311e-01 9.223052404362866996e-01 9.216367938238455570e-01 9.188605743421310867e-01 9.110666067775696764e-01 8.839419187746466733e-01
6.369908823588866786e-01 8.613516431557587394e-01 9.039689951364501264e-01 9.167452961833791880e-01 9.202592580091870644e-01 9.220170243792277232e-01 9.225000648264064518e-01 9.216609988566868417e-01 9.188371429999158124e-01 9.110269750862338700e-01 8.838881573123743562e-01
6.479337995489635738e-01 8.700449284669868888e-01 9.078920594969775992e-01 9.184159581276659656e-01 9.211170682482000549e-01 9.223939502337962226e-01 9.226288917983783699e-01 9.216656055459755414e-01 9.188086686010282778e-01 9.109871848893261737e-01 8.838364091748730500e-01
6.583927357424547155e-01 8.780502130747257494e-01 9.112164462556652245e-01 9.197319501342503534e-01 9.217627033481110566e-01 9.226599592098428948e-01 9.227089823212907271e-01 9.216566671211219308e-01 9.187771182405786163e-01 9.109477564787118453e-01 8.837867654888366120e-01
6.682861348308608562e-01 8.853676410546661435e-01 9.139950541144499230e-01 9.207513640230425844e-01 9.222391363669645292e-01 9.228417609370298536e-01 9.227537120342611532e-01 9.216385988274229391e-01 9.187438840357161629e-01 9.109090771223117278e-01 8.837393033226726979e-01
6.775515850709145083e-01 8.920002551879787633e-01 9.162847030825425065e-01 9.215272810009432769e-01 9.225829807911379854e-01 9.229607541718038988e-01 9.227732667096955055e-01 9.216145895067300309e-01 9.187099576497755882e-01 9.108714446544379228e-01 8.836940906026308218e-01
6.861480289117452003e-01 8.979557685920450671e-01 9.181440170529029388e-01 9.221069140176466616e-01 9.228247460686271886e-01 9.230337512593181915e-01 9.227752807464960627e-01 9.215869290247180601e-01 9.186760562713538469e-01 9.108350968337065590e-01 8.836511893680435437e-01
6.940556360778121769e-01 9.032482519437692314e-01 9.196313651865937189e-01 9.225312084122339051e-01 9.229893252199035114e-01 9.230737194810397783e-01 9.227653964864400704e-01 9.215572602886300535e-01 9.186427104474590433e-01 9.108002299218671549e-01 8.836106569693177315e-01
7.012736150712125527e-01 9.078994015359671543e-01 9.208030170099764655e-01 9.228348331841620400e-01 9.230966237922212381e-01 9.230904879590383638e-01 9.227477344456139763e-01 9.215267667219623204e-01 9.186103227008621808e-01 9.107670090687018938e-01 8.835725449833004008e-01
7.078166660469540350e-01 9.119391487268359020e-01 9.217116199972528179e-01 9.230464766190031867e-01 9.231622529225494977e-01 9.230913861976182133e-01 9.227252741055782526e-01 9.214963067765772342e-01 9.185792044216238850e-01 9.107355725795848178e-01 8.835368959508643760e-01
7.137109481371447517e-01 9.154054782283239655e-01 9.224050627960237447e-01 9.231893558922434906e-01 9.231982262920835902e-01 9.230817957456171063e-01 9.227001517369214367e-01 9.214665068462101205e-01 9.185495972853239266e-01 9.107060319283656336e-01 8.835037384667919769e-01
