1.035164677198288995e-07 2.332783311179222062e-06 1.920512648119710453e-05 6.030506602247532807e-05 1.417403310903953700e-04 3.202221468413355841e-04 8.774314562759378449e-04 3.148339713908566810e-03 1.038952929490844987e-02 2.822056813385008175e-02 2.288464802892044292e-02
1.467317863107219512e-07 3.306701583257181181e-06 2.722405244427652388e-05 8.548817896102330635e-05 2.009411028599138367e-04 4.539956162513706858e-04 1.244009009803939475e-03 4.461246046731094997e-03 1.468059052268739367e-02 3.957589279805090454e-02 3.193724323600225651e-02
2.079884785335195137e-07 4.687237152898207159e-06 3.859161351866163868e-05 1.211897582987628334e-04 2.848748806394189826e-04 6.436662357856613812e-04 1.763652730866978368e-03 6.318542637029785601e-03 2.070148479400429203e-02 5.518566564291264853e-02 4.422136557263865037e-02
2.948183629755339098e-07 6.644165958707075389e-06 5.470644671934430362e-05 1.718044347434095496e-04 4.038773619553784528e-04 9.125873887011233402e-04 2.500088393614782831e-03 8.941997124192477622e-03 2.910396740530138762e-02 7.634803364000104786e-02 6.060232385440903619e-02
4.178976204982975175e-07 9.418158497315802256e-06 7.755153317507668359e-05 2.435635174521205931e-04 5.726028341643274195e-04 1.293852196189813593e-03 3.543300022161336230e-03 1.263921902608527471e-02 4.074053186601089838e-02 1.045090854994089602e-01 8.196832561598851874e-02
5.923594930404436582e-07 1.335038900101503687e-05 1.099384176306291794e-04 3.453026218050001439e-04 8.118251709663024899e-04 1.834326567946451209e-03 5.020012518614563532e-03 1.783218013864668397e-02 5.668539036694982686e-02 1.410845316112671333e-01 1.090845646675273062e-01
8.396550047976789032e-07 1.892451424618115413e-05 1.558535065119958252e-04 4.895496301963883851e-04 1.150984002341747317e-03 2.600313510527127014e-03 7.107979714716672510e-03 2.509056383173492374e-02 7.822025447347097371e-02 1.871525360059547172e-01 1.423888229349398737e-01
1.190190490122182461e-06 2.682619135498008964e-05 2.209490580993526553e-04 6.940657294714555744e-04 1.631776422832799302e-03 3.685462284015705945e-03 1.005505706600993802e-02 3.516609324886135757e-02 1.067534443976477787e-01 2.430441765126030162e-01 1.817720814716467792e-01
1.687066219464553606e-06 3.802746476624838904e-05 3.132391592857325944e-04 9.840259641211159761e-04 2.313206092948616194e-03 5.221715216040197054e-03 1.420386423073675269e-02 4.901877969459442902e-02 1.436380870956873723e-01 3.079441810899273824e-01 2.264269655358862321e-01
2.391375785599691094e-06 5.390641599414547076e-05 4.440858434863301403e-04 1.395099528538874247e-03 3.278643600500457441e-03 7.394259472257389693e-03 2.002211923131826804e-02 6.781813871535087579e-02 1.898727219633183916e-01 3.796920977776979678e-01 2.748541695845123090e-01
3.389717779086638062e-06 7.641681135556074823e-05 6.295952599063073512e-04 1.977789506708501309e-03 4.645620450086219641e-03 1.046154535054456824e-02 2.813694223956936247e-02 9.289316128794827820e-02 2.457178487848281634e-01 4.549608951644629751e-01 3.250648745080335633e-01
4.804843207188307987e-06 1.083286317946327749e-04 8.925919645049705531e-04 2.803521898350964155e-03 6.579252517616847665e-03 1.478128274702094659e-02 3.936785734636325668e-02 1.255992813999790847e-01 3.103382238006771043e-01 5.298378950303367363e-01 3.749239651621499303e-01
6.810747467258081827e-06 1.535690680626284970e-04 1.265405221335846398e-03 3.973135571859736682e-03 9.310308214008373301e-03 2.084261590771881167e-02 5.474713037573755714e-02 1.670789812793788132e-01 3.816398033534282863e-01 6.006138180238465019e-01 4.225089848671796933e-01
9.654061722408930021e-06 2.177058491674653789e-04 1.793789226092431079e-03 5.628608155875679774e-03 1.315886995972345708e-02 2.930285368888036965e-02 7.550745328985601634e-02 2.179270343368774898e-01 4.564465286369563390e-01 6.644645303113864143e-01 4.663645838105203167e-01
1.368437209783114908e-05 3.086320697281166544e-04 2.542412856367773106e-03 7.969021986833347421e-03 1.856402397619144953e-02 4.102337769364321901e-02 1.030080954975296365e-01 2.778330295425833207e-01 5.310283570393812269e-01 7.197867652325964372e-01 5.055991918884866765e-01
1.939719073215438554e-05 4.375359274053758200e-04 3.602492999317834753e-03 1.127184009218491940e-02 2.611859131958069874e-02 5.709273645894999416e-02 1.385681896392332579e-01 3.453367841071483535e-01 6.018133854416473083e-01 7.661519085112523664e-01 5.398441838576347740e-01
2.749485382171106812e-05 6.202725253763264820e-04 5.102296380505377295e-03 1.592033571974801193e-02 3.660487207082300382e-02 7.881514086857251133e-02 1.831914080150327251e-01 4.178444159378257305e-01 6.660182261363132294e-01 8.040108407837441851e-01 5.691341057082189847e-01
3.897281644218226533e-05 8.793013457895216666e-04 7.221360645933155506e-03 2.243714061523831294e-02 5.102185486912277218e-02 1.076316427842831103e-01 2.372104976695034451e-01 4.919741510782112415e-01 7.219857612317718276e-01 8.343276695045563907e-01 5.937660346174584713e-01
5.524191641624433751e-05 1.246415865709034690e-03 1.020929900313969664e-02 3.152173762022134063e-02 7.058586114157000546e-02 1.449364230427115374e-01 2.999473374974865880e-01 5.641542079058157189e-01 7.691807275587274617e-01 8.582675410040823127e-01 6.141756518490036898e-01
7.830155976012992533e-05 1.766574619735648138e-03 1.440977763293180974e-02 4.408544330263938077e-02 9.667640200677506124e-02 1.917660469050690430e-01 3.695380632621512174e-01 6.312683219674238844e-01 8.079424608189671453e-01 8.769866435453492759e-01 6.308455512983520697e-01
1.109849530281659666e-04 2.503247486421778401e-03 2.028937399571672032e-02 6.127009383698487494e-02 1.306924600731593500e-01 2.483911784757523167e-01 4.430581128771749477e-01 6.911247298659635163e-01 8.391490948340726286e-01 8.915188306617176650e-01 6.442464061079147264e-01
1.573061830698167264e-04 3.545813011022452572e-03 2.846903924730075433e-02 8.442620251962394684e-02 1.737928128404052919e-01 3.139263218005836076e-01 5.169730409458953568e-01 7.426233331322411590e-01 8.639145474596463536e-01 9.027315584518188496e-01 6.548046453049215510e-01
2.229510883342212179e-04 5.019664474802051912e-03 3.975217393746593303e-02 1.150156168002383489e-01 2.265317432196428671e-01 3.861484627091852917e-01 5.877856866831335791e-01 7.856406615434695651e-01 8.833740043081008686e-01 9.113228786265951120e-01 6.628887064514121796e-01
3.159707657076058808e-04 7.099758162085104303e-03 5.513745356538983511e-02 1.544013289100381880e-01 2.884720225063953647e-01 4.616973262201044537e-01 6.526495149193115575e-01 8.207511955646707991e-01 8.985611275095054529e-01 9.178384765311070614e-01 6.688069798250831921e-01
4.477598744021174374e-04 1.002826765848012502e-02 7.579712875598365596e-02 2.035087220525832186e-01 3.579316301876167006e-01 5.366719306004489320e-01 7.097429592765193140e-01 8.489175819990569805e-01 9.103550806741311785e-01 9.226957845406484893e-01 6.728124125777442677e-01
6.344336613887851042e-04 1.413660441539075184e-02 1.029956952388504238e-01 2.624030572952217866e-01 4.320350652414972070e-01 6.074181896136557901e-01 7.583288963394355653e-01 8.712369433270161778e-01 9.194710993420511791e-01 9.262082855414124349e-01 6.751104892942114688e-01
8.987600685101376340e-04 1.987101079580605098e-02 1.379263854708046022e-01 3.299189796703458355e-01 5.071406349146764247e-01 6.711902873665697156e-01 7.985641029510706090e-01 8.887737005256840517e-01 9.264736477325138386e-01 9.286069488542189054e-01 6.758686336523084259e-01
1.272858282712388848e-03 2.781878128522630514e-02 1.814626351151206185e-01 4.035431706159349763e-01 5.795314095978254532e-01 7.264584027269992417e-01 8.311938640858985705e-01 9.024710889527266522e-01 9.317985457884252476e-01 9.300578565691003385e-01 6.752259605043189339e-01
1.801942909357065296e-03 3.872847887712626419e-02 2.338615874470444389e-01 4.797053428175200307e-01 6.461115207910371749e-01 7.728423880397051748e-01 8.572537084120468442e-01 9.131185094252550760e-01 9.357764793565183092e-01 9.306761123379493350e-01 6.733028293917781015e-01
2.549469358365982676e-03 5.351229635638394405e-02 2.945033297059095334e-01 5.544475760422399313e-01 7.048542750871542584e-01 8.108117836860389005e-01 8.778446825222910865e-01 9.213518394999958838e-01 9.386542994925852756e-01 9.305365528564015776e-01 6.702099059143503679e-01
3.604106656447472485e-03 7.321333923934830734e-02 3.617722545288590275e-01 6.242247520145939310e-01 7.548960768929915410e-01 8.413265854436101643e-01 8.939959261326954065e-01 9.276697569391058051e-01 9.406128182932653736e-01 9.296819057181033852e-01 6.660565083413216847e-01
5.088993660451856388e-03 9.891891133514332801e-02 4.331591301004388828e-01 6.865141357244514131e-01 7.963424345690772732e-01 8.655361258059331986e-01 9.065987525237880762e-01 9.324555691800388013e-01 9.417809829953518452e-01 9.281290274249454075e-01 6.609579680596299189e-01
7.173649831667407509e-03 1.316090189013979228e-01 5.055889866427156765e-01 7.400415232246184694e-01 8.299399057121266132e-01 8.845783504056190516e-01 9.163880265192582142e-01 9.359989351644126820e-01 9.422468263409508049e-01 9.258738012807418150e-01 6.550416200270371414e-01
1.008857337072707923e-02 1.719519084716387702e-01 5.758967357882917026e-01 7.846467155688229278e-01 8.567533085331616727e-01 8.994718984126484074e-01 9.239497065936355114e-01 9.385149712887613793e-01 9.420657623887722654e-01 9.228952177474043506e-01 6.484509207761109950e-01
1.414173393593635107e-02 2.200907876189169832e-01 6.413181487411963033e-01 8.209505980275645376e-01 8.779229936636567810e-01 9.110741720087024431e-01 9.297399899582665661e-01 9.401599672395160034e-01 9.412668083213215908e-01 9.191591128321607851e-01 6.413471300705512190e-01
1.973452131592749043e-02 2.754893145597148152e-01 6.998594277293359589e-01 8.499949277038960638e-01 8.945170875157517631e-01 9.200784256107121806e-01 9.341075121724243813e-01 9.410437936456446106e-01 9.398572649709383553e-01 9.146219990107290476e-01 6.339080520447859524e-01
2.737190968832181256e-02 3.368960407037024374e-01 7.504564666771670334e-01 8.729573243090956725e-01 9.074609442927411562e-01 9.270299871984724049e-01 9.373142845650840327e-01 9.412394412106425134e-01 9.378263319884145854e-01 9.092353711171563546e-01 6.263235601726874213e-01
3.765765220435276367e-02 4.024473062059744644e-01 7.929161057301084004e-01 8.909703593995188520e-01 9.175172483438363003e-01 9.323493341743392948e-01 9.395536091679780322e-01 9.407902346922807357e-01 9.351480894982818759e-01 9.029507795973547024e-01 6.187880346237105700e-01
5.126137627178863065e-02 4.698794773713386719e-01 8.277063227962826453e-01 9.050300108252447018e-01 9.252939105486512883e-01 9.363554647117120489e-01 9.409645792015727261e-01 9.397152564873475500e-01 9.317842517663635915e-01 8.957258035060920998e-01 6.114903667970681411e-01
6.884387500519800751e-02 5.367951006137926528e-01 8.556934494295974636e-01 9.159647184265301556e-01 9.312641848265040823e-01 9.392866078387086537e-01 9.416434161450719653e-01 9.380134693443551441e-01 9.276870833188822774e-01 8.875307996149943701e-01 6.046027193162075708e-01
9.093550960600961519e-02 6.009301067349345216e-01 8.779071522316025389e-01 9.244387594735137270e-01 9.357899472926136664e-01 9.413173186231115208e-01 9.416521408373017543e-01 9.356669826489675268e-01 9.228028470463964794e-01 8.783559515268095641e-01 5.982696219771881374e-01
1.177853831345276048e-01 6.603838366095955426e-01 8.953730326113160665e-01 9.309714994014267608e-01 9.391436044732803801e-01 9.425719936623684347e-01 9.410251286834441231e-01 9.326438761318992521e-01 9.170760992954125612e-01 8.682177434777658132e-01 5.925991008710322916e-01
1.492311830019929508e-01 7.137838989690444835e-01 9.090163560161075296e-01 9.359615492291100125e-01 9.415268013583278917e-01 9.431352575968912078e-01 9.397740717741083216e-01 9.289009789349229607e-01 9.104550223026645073e-01 8.571636540880607225e-01 5.876573074292130716e-01
1.846595792646652523e-01 7.603638164229505891e-01 9.196210919331454514e-01 9.397101942434781252e-01 9.430855337971197905e-01 9.430597945298688778e-01 9.378918223658445630e-01 9.243869897599796825e-01 9.028977534496895885e-01 8.452737756771565580e-01 5.834675545652852069e-01
2.231060511557945991e-01 7.999436875906450473e-01 9.278240851213094276e-01 9.424417036007840531e-01 9.439219356964492214e-01 9.423721909361736371e-01 9.353555494555543248e-01 9.190462933775893628e-01 8.943793184082474701e-01 8.326583766909166906e-01 5.800138856240103502e-01
2.634768100627675746e-01 8.328265894294937244e-01 9.341276617016661676e-01 9.443198799286394163e-01 9.441032609348933846e-01 9.410773052949128470e-01 9.321296109515585515e-01 9.128237477187121085e-01 8.848983379021886364e-01 8.194511904632614252e-01 5.772484721406941910e-01
3.048030627676161508e-01 8.596458087770944001e-01 9.389195438057583720e-01 9.454610395522949906e-01 9.436686272024269462e-01 9.391616268899315445e-01 9.281685234179259947e-01 9.056705463527549016e-01 8.744822727950757324e-01 8.057992854826313556e-01 5.751014596329671047e-01
3.464115713628306836e-01 8.812060442191554932e-01 9.424937605195869983e-01 9.459439403366407539e-01 9.426340536605954945e-01 9.365960500558182522e-01 9.234203842943436991e-01 8.975509744601691819e-01 8.631897954709900622e-01 7.918514005670458378e-01 5.734915307900617654e-01
3.879337447173391573e-01 8.983520251078155328e-01 9.450695298440188186e-01 9.458172501462636106e-01 9.409962681586551136e-01 9.333384741178076816e-01 9.178310430713690904e-01 8.884494782676121138e-01 8.511091372134440558e-01 7.777471878312136599e-01 5.723355173932637152e-01
4.291553912556932415e-01 9.118794152983202839e-01 9.468070201647220685e-01 9.451051178843954403e-01 9.387357116005756730e-01 9.293366360887852506e-01 9.113491968246530961e-01 8.783770302313462786e-01 8.383520577559999687e-01 7.636096102071091574e-01 5.715558219890307656e-01
4.697918067760250005e-01 9.224866019834178088e-01 9.478199014134149891e-01 9.438113456875197871e-01 9.358191372320686652e-01 9.245315747038004295e-01 9.039323729955477393e-01 8.673754493554146627e-01 8.250442667857795787e-01 7.495418136115724606e-01 5.710850489719477840e-01
5.093189649309508571e-01 9.307573985187986843e-01 9.481850421931753425e-01 9.419226008662561211e-01 9.322021896478402958e-01 9.188620803049936114e-01 8.955534498510165919e-01 8.555183348050472425e-01 8.113142856896349286e-01 7.356284850580547818e-01 5.708678878301788329e-01
5.469681366567589187e-01 9.371630672674234885e-01 9.479498599750316723e-01 9.394110639511228378e-01 9.278323409691233703e-01 9.122703640277931569e-01 8.862069887905754673e-01 8.429077558567287243e-01 7.972833557171741248e-01 7.219405168413542961e-01 5.708607724191104849e-01
5.818948400473744620e-01 9.420742009174603027e-01 9.471378444521818540e-01 9.362368867061524602e-01 9.226525383323019858e-01 9.047089376890465884e-01 8.759143126029994564e-01 8.296668025824005532e-01 7.830587399509448820e-01 7.085411254365775457e-01 5.710300821134125515e-01
6.134202558620643897e-01 9.457761456742247441e-01 9.457527357979307325e-01 9.323508242497119403e-01 9.166058452785255106e-01 8.961483077791633223e-01 8.647261168156002986e-01 8.159292751433361301e-01 7.687316923658084056e-01 6.954915561155615711e-01 5.713496663590681424e-01
6.412045033345790124e-01 9.484843754708756070e-01 9.437817930500630448e-01 9.276973926704386031e-01 9.096412006197406308e-01 8.865845828693584840e-01 8.527216086308783138e-01 8.018287210049497293e-01 7.543799211337296473e-01 6.828550026396611461e-01 5.717983323201311086e-01
6.652766014261747296e-01 9.503581148087019148e-01 9.411985508662965572e-01 9.222188620696352146e-01 9.017201386234054983e-01 8.760455962686903852e-01 8.400038015560563620e-01 7.874892917681767246e-01 7.400731339369287509e-01 6.706981034143529863e-01 5.723577201017967520e-01
6.859458001393996529e-01 9.515116379099104460e-01 9.379654376298552920e-01 9.158602899848443668e-01 8.928239121869192552e-01 8.645938793550596024e-01 8.266915467105523385e-01 7.730203295641104866e-01 7.258796330855554757e-01 6.590900684729328329e-01 5.730107720859733966e-01
7.036689657072038306e-01 9.520232678942168736e-01 9.340366052998757551e-01 9.085755944613250756e-01 8.829600000684505456e-01 8.523250499026094884e-01 8.129098524153871574e-01 7.585154243408848140e-01 7.118720142220337221e-01 6.480999773876170433e-01 5.737408269706478769e-01
7.189355412008011648e-01 9.519423714354746657e-01 9.293612829205362136e-01 9.003343375473606969e-01 8.721666136970394057e-01 8.393610596236449339e-01 7.987806392450931270e-01 7.440553795997888464e-01 6.981306190097603670e-01 6.377930185683050590e-01 5.745312537119486862e-01
7.321946391130486065e-01 9.512947415136706608e-01 9.238878851767254874e-01 8.911284612918376480e-01 8.605137710202808154e-01 8.258391476097718398e-01 7.844160049291551973e-01 7.297135616065019148e-01 6.847441866785215492e-01 6.282264524290696039e-01 5.753654842991502427e-01
7.438215525722987609e-01 9.500867757969043703e-01 9.175689568774305638e-01 8.809777894647824459e-01 8.480999723217907960e-01 8.118987941406895503e-01 7.699153092823174394e-01 7.155617512962710869e-01 6.718078683952232177e-01 6.194459495037534236e-01 5.762272940338041272e-01
7.541107966757213399e-01 9.483088412492448604e-01 9.103667967256676707e-01 8.699328671617142517e-01 8.350445211396801959e-01 7.976698056539802684e-01 7.553662162657215351e-01 7.016748552772662517e-01 6.594192563051411993e-01 6.114827563004133770e-01 5.771011965960833878e-01
7.632832412312977599e-01 9.459381893177778444e-01 9.022592926241536082e-01 8.580738850061170320e-01 8.214768207827698454e-01 7.832644148840802734e-01 7.408487012309056263e-01 6.881334464414858854e-01 6.476732984688482464e-01 6.043519353700197438e-01 5.779728530159876643e-01
7.714988331829538692e-01 9.429417548251616266e-01 8.932451792493436571e-01 8.455051684692947989e-01 8.075250371043805053e-01 7.687749844849821601e-01 7.264403445576494978e-01 6.750238179892379398e-01 6.366569649909459283e-01 5.980517475198322552e-01 5.788294274303756870e-01
7.788701598350706856e-01 9.392791276024271552e-01 8.833477127270380480e-01 8.323459105871400254e-01 7.933068377581500297e-01 7.542771125036368263e-01 7.122211562905966797e-01 6.624358263885764542e-01 6.264443788530096313e-01 5.925641089331687983e-01 5.796598518103858177e-01
7.854746495496083281e-01 9.349059138345744424e-01 8.726157849027478264e-01 8.187190869658930170e-01 7.789242849981354855e-01 7.398364058391222464e-01 6.982766158537673240e-01 6.504591593993441778e-01 6.170929087038149463e-01 5.878559659736715126e-01 5.804549842840122098e-01
7.913646551117503591e-01 9.297775883873046210e-01 8.611218633547862433e-01 8.047412446841972766e-01 7.644636167695115780e-01 7.255164466311142535e-01 6.846983098630604614e-01 6.391787903520060876e-01 6.086405028296307806e-01 5.838813801157529682e-01 5.812076613552801252e-01
7.965753847850507441e-01 9.238537738172355462e-01 8.489568147463981695e-01 7.905156773737909148e-01 7.499991688474558771e-01 7.113856237685185491e-01 6.715822353905754882e-01 6.286703303157593625e-01 6.011043600268215492e-01 5.805840965187768488e-01 5.819126544636111786e-01
8.011309489040698839e-01 9.171026815308692681e-01 8.362224692029185391e-01 7.761303989619260379e-01 7.355996422940923596e-01 6.975212692110651647e-01 6.590253202108037334e-01 6.189958463615737871e-01 5.944808964213897928e-01 5.779003738328460926e-01 5.825665473509246128e-01
8.050488768085614089e-01 9.095052599923445502e-01 8.230234345888280956e-01 7.616607795684599003e-01 7.213346003214635704e-01 6.840105201997035422e-01 6.471209326416148544e-01 6.102005439879700788e-01 5.887468739846393184e-01 5.757618723536523930e-01 5.831675537504618090e-01
8.083434452995050812e-01 9.010584815807221037e-01 8.094599159345742256e-01 7.471753628273897219e-01 7.072794298965722204e-01 6.709481832285312253e-01 6.359541478921130198e-01 6.023105540345682352e-01 5.838614967223108021e-01 5.740984264548958382e-01 5.837152957473611403e-01
8.110281074159015891e-01 8.917772291479560964e-01 7.956230241310199292e-01 7.327427164114910241e-01 6.935177412803996688e-01 6.584324217558976677e-01 6.255973921381569047e-01 5.953319321506914674e-01 5.797692447443404395e-01 5.728405607889743845e-01 5.842105622820867872e-01
8.131172500595120756e-01 8.816944412808218612e-01 7.815933540836175197e-01 7.184372725692548256e-01 6.801409787407093344e-01 6.465592974486858990e-01 6.161068901168172962e-01 5.892508700870873195e-01 5.764031984549382592e-01 5.719216452104011195e-01 5.846550650530898396e-01
8.146274538511157903e-01 8.708595003557410008e-01 7.674427191125559045e-01 7.043427691464624329e-01 6.672456465648306523e-01 6.354171345408973215e-01 6.075201604072325567e-01 5.840350270390441967e-01 5.736886021054196094e-01 5.712796191853097838e-01 5.850512059026576894e-01
8.155783812746126848e-01 8.593351985446520125e-01 7.532381415026357940e-01 6.905527549039586210e-01 6.549289178201851414e-01 6.250814597692402330e-01 5.998546623693760127e-01 5.796358134234623760e-01 5.715464271036565513e-01 5.708582516171464283e-01 5.854018660576567612e-01
8.159933770135404663e-01 8.471938788868015324e-01 7.390467485482338228e-01 6.771683785041698878e-01 6.432834984575667159e-01 6.156110023083387617e-01 5.931075991599027430e-01 5.759914006765348704e-01 5.698967204015628063e-01 5.706079354100535017e-01 5.857102237783698984e-01
8.158998236988433961e-01 8.345134493677438536e-01 7.249401943163059636e-01 6.642941743215567962e-01 6.323925356725137448e-01 6.070449934298832728e-01 5.872568084007050437e-01 5.730301930175681902e-01 5.686615608530738442e-01 5.704860460825997848e-01 5.859796034364674888e-01
8.153292563251895997e-01 8.213739069833085882e-01 7.109975517849667082e-01 6.520327578454273576e-01 6.223251729932122167e-01 5.994018196326087455e-01 5.822626126861707441e-01 5.706744840528670260e-01 5.677674940744255050e-01 5.704569183728460668e-01 5.862133560934300602e-01
8.143172045788803493e-01 8.078548384586756725e-01 6.973061325284229950e-01 6.404793055293163118e-01 6.131331394031930282e-01 5.926789596580054331e-01 5.780704506380012209e-01 5.688440333308165675e-01 5.671473699237570276e-01 5.704915122448485088e-01 5.864147694506065545e-01
8.129027155640984326e-01 7.940341461238521470e-01 6.839602107677016374e-01 6.297165141817052669e-01 6.048485645356641571e-01 5.868540616274192656e-01 5.746140677623798876e-01 5.674593329708674805e-01 5.667415610328225828e-01 5.705668489400961274e-01 5.865870036281023436e-01
8.111275229960364097e-01 7.799880206136928784e-01 6.710580248627574518e-01 6.198105068230058690e-01 5.974830587627042444e-01 5.818869736651393065e-01 5.718190206463302783e-01 5.664443869170203705e-01 5.664985904259391969e-01 5.706652986989225740e-01 5.867330485316645250e-01
8.090348796465470782e-01 7.657919651294876617e-01 6.586976480431906422e-01 6.108079408514970332e-01 5.910279884392889427e-01 5.777225156497972636e-01 5.696062429686581385e-01 5.657288880297501876e-01 5.663752364715847198e-01 5.707737955656217999e-01 5.868556984456999581e-01
8.066681504078160314e-01 7.515224885943432298e-01 6.469723727698607485e-01 6.027344101793699060e-01 5.854558050254458079e-01 5.742937635200550117e-01 5.678954389322261598e-01 5.652497433156751239e-01 5.663362111270395793e-01 5.708830431524926086e-01 5.869575397790253168e-01
8.040693503339764181e-01 7.372589608691338947e-01 6.359661875793283237e-01 5.955941171597119999e-01 5.807222421251363453e-01 5.715256091587247456e-01 5.666081067187364040e-01 5.649519578158185285e-01 5.663535215356660935e-01 5.709867606250761396e-01 5.870409484250639354e-01
8.012778720731948967e-01 7.230850987828428833e-01 6.257497975600426754e-01 5.893707102357401695e-01 5.767691681918329927e-01 5.693383604083065430e-01 5.656700461098815857e-01 5.647889372387711049e-01 5.664056263293772986e-01 5.710810026951326224e-01 5.871080938432636787e-01
7.983296492229738917e-01 7.090896411090605866e-01 6.163774952533587204e-01 5.840291260957032327e-01 5.735278694159462454e-01 5.676511605396300508e-01 5.650132635813820414e-01 5.647223046709984873e-01 5.664764887919427894e-01 5.711635729072996881e-01 5.871609476225924107e-01
7.952569308470830434e-01 6.953659499603387362e-01 6.078850557784319930e-01 5.795182331730638348e-01 5.709225347495365810e-01 5.663850365949941734e-01 5.645772477447240645e-01 5.647213463099244324e-01 5.665546125494448360e-01 5.712335372537852285e-01 5.872012948852329828e-01
7.920887073212284912e-01 6.820104919459019088e-01 6.002887200543705060e-01 5.757740449132372484e-01 5.688737229575037135e-01 5.654654306983994960e-01 5.643096415620212358e-01 5.647622059967571939e-01 5.666321250981931623e-01 5.712908358118393704e-01 5.872307473917594001e-01
7.888516657152816469e-01 6.691203465459369948e-01 5.935852438715689683e-01 5.727232576464419411e-01 5.673016109328417045e-01 5.648241236245671315e-01 5.641663804316352504e-01 5.648269408847241824e-01 5.667039533652493688e-01 5.713359837884970371e-01 5.872507575996931406e-01
7.855714182019934988e-01 6.567900214755701960e-01 5.877529241794929860e-01 5.702868706282989697e-01 5.661288539636741834e-01 5.644005191103861341e-01 5.641113941777605723e-01 5.649025343555993395e-01 5.667671160461540403e-01 5.713698497826682487e-01 5.872626331976992242e-01
7.822736881014693555e-01 6.451079130542888285e-01 5.827534632100344059e-01 5.683836649415616726e-01 5.652829313547748091e-01 5.641423131481281272e-01 5.641159854145788577e-01 5.649799410701989988e-01 5.668201412525841754e-01 5.713934976933652266e-01 5.872675517855271421e-01
7.789851728723276025e-01 6.341527450851833780e-01 5.785344940869192598e-01 5.669333518151273843e-01 5.646979016675881535e-01 5.640056182439786570e-01 5.641579978055963895e-01 5.650532162838578509e-01 5.668626057659804651e-01 5.714080788778433950e-01 5.872665753990998772e-01
7.757339082004343078e-01 6.239902766495895037e-01 5.750325685965224087e-01 5.658592461153927333e-01 5.643155455983351887e-01 5.639546439619943508e-01 5.642208779210335923e-01 5.651187600558412738e-01 5.668947839736557803e-01 5.714147622908868351e-01 5.872606645067006692e-01
7.725490822687871573e-01 6.146705133846127600e-01 5.721763994644658569e-01 5.650903724947623497e-01 5.640859248270095883e-01 5.639610503928554897e-01 5.642927170535136927e-01 5.651746886331451281e-01 5.669173899253237003e-01 5.714146919334919250e-01 5.872506909625127003e-01
7.694603484829233286e-01 6.062256071022805726e-01 5.698901551822885825e-01 5.645629643520775343e-01 5.639674261623656149e-01 5.640030915555162006e-01 5.643653380607316361e-01 5.652203311234903493e-01 5.669313942070753898e-01 5.714089626881915240e-01 5.872374492610245023e-01
7.664967418137447197e-01 5.986685916703895494e-01 5.680966226504230443e-01 5.642213639757599486e-01 5.639263879929744538e-01 5.640646542618071857e-01 5.644334703682368781e-01 5.652558398840786813e-01 5.669378977503796158e-01 5.713986073660751730e-01 5.872216653752583282e-01
7.636853327943607939e-01 5.919930722660945444e-01 5.667200780394766602e-01 5.640183718871498719e-01 5.639364191432695295e-01 5.641342788727659041e-01 5.644940363495686286e-01 5.652818975924530642e-01 5.669380466081278547e-01 5.713845895056779423e-01 5.872040025693373577e-01
7.610497780595475437e-01 5.861739445572810014e-01 5.656887362723090895e-01 5.639151223583690475e-01 5.639775200763409435e-01 5.642042260331069370e-01 5.645455562018182327e-01 5.652995021194784364e-01 5.669329745765276929e-01 5.713677981617454327e-01 5.871850639010590678e-01
7.586089553251484929e-01 5.811691538510680433e-01 5.649366832301458974e-01 5.638805802071679141e-01 5.640351061636772467e-01 5.642696316110442645e-01 5.645876669968478145e-01 5.653098112484736815e-01 5.669237638385075106e-01 5.713490425840006548e-01 5.871653916474739443e-01
