5.802887907865112134e-19 6.928303047902177574e-18 2.707340389620509090e-17 5.505837913979874562e-17 8.396870654259936688e-17 9.126919173558935729e-17 8.020191088192544214e-17 1.351417383478245312e-16 2.490740502782279704e-16 1.310098438676007819e-15 5.721395515544160454e-15
8.225611185420685528e-19 9.821984271558658915e-18 3.839747690317844159e-17 7.814354547720640531e-17 1.193518308182524797e-16 1.305301701448349775e-16 1.206549876276219050e-16 2.058705151163005666e-16 3.637816335472963414e-16 1.884405190507485526e-15 8.250658710166054511e-15
1.165989157539303733e-18 1.392472907764753041e-17 5.446628458643206301e-17 1.109459177011518308e-16 1.697700641597658188e-16 1.871191070433306007e-16 1.834727665729832182e-16 3.161269855209859008e-16 5.344681007941909744e-16 2.721579535287096879e-15 1.194681401740341999e-14
1.652813337344184407e-18 1.974210637944530868e-17 7.727441619404583960e-17 1.575863812754856293e-16 2.417132773962256326e-16 2.690333231468605175e-16 2.822100867824370223e-16 4.890861177096120122e-16 7.905929643070403753e-16 3.950775156572250232e-15 1.738072128511172746e-14
2.342916749748925737e-18 2.799139786791617280e-17 1.096602585546366186e-16 2.239583859315894984e-16 3.445545548376905534e-16 3.882323912636726979e-16 4.392205344876188855e-16 7.617993421992134442e-16 1.178514031186868407e-15 5.771057169894850423e-15 2.542032476513671708e-14
3.321197177669304591e-18 3.969050387495898100e-17 1.556673059931603148e-16 3.185109810705238332e-16 4.918971113052314981e-16 5.627998982876102777e-16 6.915443318740968537e-16 1.193456900325365914e-15 1.772043500486496494e-15 8.493233378224604185e-15 3.739150774671495644e-14
4.708022089868097390e-18 5.628438527863307844e-17 2.210637921592231028e-16 4.533948779288549292e-16 7.036025204378294128e-16 8.204145309065295931e-16 1.100693809588210908e-15 1.878452292613689022e-15 2.690086486350724854e-15 1.260845298681173844e-14 5.532515540083238465e-14
6.674057941358165200e-18 7.982505371712669742e-17 3.140930720124013578e-16 6.461540684712696217e-16 1.008883790847969903e-15 1.203992262053197322e-15 1.768790867233467896e-15 2.966965179109468976e-15 4.126330964126916324e-15 1.890082314378452268e-14 8.233289240742283816e-14
9.461307675124639658e-18 1.132280896082735571e-16 4.465629373465145546e-16 9.222488124231921284e-16 1.451088698205643886e-15 1.780951099413851574e-15 2.864926362228200398e-15 4.697307227892881037e-15 6.399463118462157761e-15 2.863171015795701586e-14 1.231710762190965641e-13
1.341296218771919709e-17 1.606387823766838142e-16 6.354377017282959781e-16 1.318866124771365212e-15 2.095207158881799625e-15 2.658537917538769344e-15 4.667745899280674933e-15 7.446697912966171114e-15 1.003824596402499642e-14 4.383918758447745180e-14 1.850738658175756114e-13
1.901577073618246201e-17 2.279557737002037787e-16 9.051853579719497135e-16 1.890760196767759927e-15 3.039830444201033642e-15 4.009295879801061744e-15 7.633431286830175875e-15 1.181101375786201450e-14 1.592543116778008733e-14 6.781924769029756756e-14 2.789608075346979411e-13
2.696020271121968480e-17 3.235818963577690276e-16 1.291276042207574265e-15 2.719354495455292532e-15 4.436472587503649284e-15 6.113436037318089190e-15 1.250287301433560224e-14 1.873029932047788799e-14 2.553993963078359200e-14 1.058880258970749883e-13 4.211504101149837518e-13
3.822591213521894939e-17 4.595044597752091130e-16 1.845467907619453234e-15 3.927184344880206792e-15 6.521176797017482359e-15 9.429213238990098933e-15 2.046852439849962831e-14 2.968690650784673245e-14 4.136091349293331101e-14 1.665682128064517308e-13 6.357350827395783685e-13
5.420322139512165382e-17 6.528565895658433454e-16 2.643925648934480394e-15 5.701237147141970396e-15 9.666737545212968207e-15 1.470930285355095214e-14 3.343107843289287204e-14 4.701932103267872117e-14 6.753382945461951939e-14 2.633987956844877054e-13 9.577894221357532095e-13
7.686594233432241758e-17 9.281875446662000651e-16 3.799929204357323250e-15 8.331335466643349747e-15 1.446959205875825852e-14 2.319196829679708822e-14 5.439005476331582090e-14 7.442045532374783400e-14 1.109522654018228610e-13 4.176338959037816524e-13 1.437586838927569272e-12
1.090174845405119210e-16 1.320790885704342692e-15 5.484190327343475027e-15 1.227422984672468255e-14 2.189493879439200299e-14 3.691243757171719121e-14 8.803271783354152122e-14 1.177293034168170879e-13 1.829836344758631965e-13 6.621689644026952455e-13 2.145982649053547885e-12
1.546418067130049769e-16 1.881636768667240537e-15 7.958047979861267350e-15 1.826191464673068285e-14 3.351920855806142410e-14 5.920514422163025472e-14 1.416157670210000755e-13 1.861858879502170411e-13 3.021667216841715832e-13 1.047101635519116284e-12 3.181080907827987100e-12
2.194047769098308746e-16 2.684787556019099855e-15 1.162886135219529572e-14 2.748614629738011821e-14 5.193411951436752287e-14 9.550527727912251509e-14 2.262790950820343284e-13 2.944094433059790363e-13 4.983338014126548804e-13 1.647385790018391263e-12 4.676238262064254018e-12
3.113721320242575416e-16 3.838756694914604116e-15 1.714418254016187858e-14 4.191391511409913445e-14 8.141634295832789002e-14 1.546140081093620415e-13 3.589983952768204828e-13 4.654876461436709840e-13 8.187557856538954701e-13 2.573052470783367706e-12 6.809379700137001829e-12
4.420409825154502361e-16 5.504316312500723924e-15 2.555423849675598264e-14 6.482644591671655506e-14 1.290287404965011083e-13 2.506736953979049278e-13 5.654847365111983105e-13 7.357384405555140636e-13 1.337062532732338361e-12 3.982430966598323876e-12 9.813527211126621381e-12
6.278284934567085786e-16 7.923190720396292893e-15 3.859507347421083813e-14 1.017358525089020518e-13 2.064136882704449376e-13 4.062183431665574273e-13 8.844895366761154236e-13 1.161929866901528003e-12 2.165829288729251241e-12 6.098693256769279794e-12 1.398840237151445579e-11
8.922339705086438841e-16 1.146570819415440996e-14 5.918431637175952340e-14 1.619314858294767674e-13 3.326805309028792457e-13 6.568357906455523380e-13 1.374191225707558628e-12 1.832013622843028061e-12 3.473811120346842443e-12 9.229863737081126067e-12 1.971299473259583952e-11
1.269007116777248412e-15 1.671239083254338778e-14 9.228901837344201042e-14 2.610600351217223740e-13 5.389967763196412389e-13 1.058221807902277462e-12 2.121645275603281289e-12 2.880728297992169123e-12 5.508810204958306732e-12 1.379220444415466952e-11 2.745912778135979053e-11
1.806849819157631643e-15 2.459760551323674143e-14 1.464374961786774509e-13 4.253734864427463276e-13 8.757907490541952818e-13 1.696748067395891515e-12 3.256689047649861727e-12 4.511724323940956136e-12 8.627037797473428018e-12 2.033665392560520947e-11 3.780633325152886038e-11
2.576518683045847320e-15 3.666825722059242634e-14 2.363301655276017128e-13 6.986180138878004245e-13 1.423892246394360090e-12 2.705135526990646257e-12 4.972213345637369266e-12 7.028101232546864524e-12 1.332956130764567195e-11 2.957784674636095680e-11 5.145877430843939029e-11
3.681817004368837997e-15 5.555695136713303669e-14 3.872945001483814105e-13 1.153022876112320950e-12 2.311512419263089971e-12 4.285451633188873403e-12 7.553329178213106364e-12 1.087335937998268243e-11 2.030601908640342692e-11 4.242527579613296531e-11 6.926552392579847217e-11
5.277149096410340846e-15 8.585435017072770765e-14 6.427764136336642193e-13 1.906525989820089411e-12 3.739732096255863347e-12 6.742454801893440814e-12 1.141862453328323101e-11 1.668467920853149307e-11 3.048530570119032969e-11 6.001649273202774630e-11 9.224616375157160615e-11
7.596639059283824434e-15 1.357188116365210042e-13 1.076729257055628046e-12 3.149290991597351486e-12 6.020163172234804968e-12 1.053129119225030351e-11 1.717733474126041050e-11 2.536009536831206492e-11 4.509250761522870154e-11 8.375296367904740837e-11 1.216243569530008033e-10
1.100448830143366967e-14 2.198304756020543564e-13 1.813731270404235525e-12 5.183778483362556360e-12 9.629690940088629085e-12 1.632466405859530559e-11 2.570671261506661979e-11 3.814052319428003492e-11 6.571119421677536139e-11 1.153403464272050064e-10 1.588726972831736917e-10
1.608569175403476967e-14 3.647564097339883584e-13 3.061022386725010507e-12 8.484174296512252971e-12 1.528868725469799126e-11 2.510574111352671799e-11 3.825402484802878879e-11 5.670679705340869637e-11 9.435047174647763730e-11 1.568364938182871119e-10 2.057726956095960150e-10
2.381528043481826996e-14 6.185551873198095183e-13 5.158494208974354455e-12 1.378287475747124568e-11 2.407074520541768834e-11 3.829406166559030098e-11 5.656726964420397508e-11 8.329108164451950182e-11 1.335172106823837319e-10 2.107122937133157252e-10 2.644942261897199538e-10
3.588225866632556130e-14 1.067673148498191836e-12 8.655075258813449076e-12 2.219397339543750372e-11 3.755369101755510578e-11 5.791230284168055986e-11 8.305782054616403302e-11 1.208015265701472663e-10 1.862957153265334829e-10 2.799323414716147617e-10 3.376991691208151692e-10
5.531894013960364741e-14 1.866086481717713653e-12 1.442298239482485090e-11 3.538621776642084314e-11 5.802315066472758727e-11 8.680167610027823796e-11 1.209968011053812370e-10 1.729592555929888557e-10 2.564398432468462449e-10 3.680642005450640096e-10 4.286744670383806681e-10
8.772945766781673624e-14 3.284496636813719252e-12 2.382496565655282820e-11 5.582055457022390629e-11 8.874096617941699733e-11 1.288927035887659603e-10 1.747453397553645027e-10 2.444481507021070764e-10 3.484860595084482606e-10 4.794264839803882506e-10 5.415005294214680442e-10
1.436790466142999287e-13 5.791511833922818745e-12 3.895389478384824970e-11 8.706988521509927851e-11 1.342908902113701784e-10 1.895360782301056941e-10 2.500174535753790046e-10 3.410807751818294090e-10 4.678998220742570587e-10 6.192871473625259936e-10 6.812620599600264533e-10
2.432933981556398816e-13 1.018448325609361228e-11 6.296866857138008447e-11 1.342406089226985008e-10 2.010128852775312355e-10 2.758954537504155931e-10 3.541739196257647415e-10 4.699883652123012843e-10 6.212716382907922870e-10 7.941243562188857945e-10 8.543101416474307161e-10
4.249795578280315174e-13 1.779531767923096261e-11 1.005552162710973732e-10 2.045164186995243056e-10 2.975348395543941928e-10 3.974009897257919099e-10 4.965470291409224872e-10 6.398490175382473169e-10 8.165827256698745659e-10 1.011963396474807420e-09 1.068586953489401638e-09
7.616574213279554655e-13 3.080636295643180475e-11 1.585459379914122162e-10 3.078440875874690807e-10 4.354067783353463486e-10 5.662604441757227749e-10 6.888004881573220618e-10 8.611756179509159905e-10 1.063563236722912198e-09 1.282804803571787635e-09 1.334027938151065751e-09
1.390342874914458654e-12 5.272337827063182001e-11 2.467348350794814230e-10 4.577782300118827281e-10 6.298384709236685187e-10 7.980251566768448317e-10 9.453365920080616631e-10 1.146693058137832063e-09 1.374168549857664111e-09 1.619161739090491463e-09 1.663060692117255649e-09
2.564860587496018764e-12 8.906641654207237542e-11 3.789282862571477143e-10 6.724972492232068424e-10 9.005382009748138639e-10 1.112213204238748512e-09 1.283774351581657369e-09 1.511842171475300582e-09 1.763201643002816726e-09 2.036729174228889001e-09 2.071225414649502934e-09
4.747577725812505175e-12 1.483546184607098230e-10 5.742724195679211205e-10 9.759966411481401986e-10 1.272650597186096506e-09 1.533002962548214800e-09 1.725537054162294167e-09 1.975455049808888392e-09 2.249112870736363694e-09 2.555214089744879022e-09 2.577948582670902564e-09
8.765229490597360345e-12 2.434766194676149346e-10 8.588969562383205852e-10 1.399460344889734581e-09 1.777797509983209345e-09 2.090028220977193539e-09 2.296604759796344222e-09 2.560652887058073105e-09 2.855013630744332567e-09 3.199364995204521257e-09 3.207509863043082927e-09
1.606724264443925129e-11 3.935534930258956847e-10 1.267912280679468325e-09 1.982808979615998468e-09 2.455240663563323613e-09 2.819330736641183090e-09 3.028505044958035960e-09 3.296023770763668031e-09 3.609948590351945140e-09 4.000250839905655227e-09 3.990252511868112721e-09
2.914372507942223179e-11 6.264148865381956577e-10 1.847792039010615344e-09 2.776429752868528795e-09 3.353210215620559240e-09 3.764556231499594526e-09 3.959632543399631303e-09 4.217145150939905235e-09 4.550483424121175237e-09 4.996854063055273957e-09 4.964100184579827557e-09
5.218590467604472092e-11 9.818204807381365789e-10 2.659169592386182041e-09 3.843111253692536698e-09 4.530480019593952278e-09 4.978512798702989556e-09 5.137003741045477357e-09 5.368525902171995348e-09 5.722682270554450388e-09 6.238060458835346496e-09 6.176458914567942696e-09
9.210584065039157351e-11 1.515567833055543165e-09 3.780076424964646856e-09 5.260241455456094561e-09 6.058317018454170852e-09 6.525243503473542714e-09 6.618568427505332111e-09 6.806058169050782829e-09 7.184572034988796463e-09 7.785150305756341442e-09 7.686602935759187042e-09
1.600764496654216083e-10 2.304634436991338207e-09 5.309659097892123529e-09 7.122381503699175718e-09 8.022985643628839525e-09 8.482795221968103713e-09 8.476215014727606674e-09 8.600091817170531176e-09 9.009219855798500930e-09 9.714921775401904661e-09 9.568668175973384001e-09
2.738093472951862519e-10 3.453507604695439523e-09 7.372435096508407271e-09 9.544400837347612964e-09 1.052904400492463167e-08 1.094689274808914007e-08 1.079962688807600712e-08 1.083927637915072811e-08 1.128858626262467602e-08 1.212361036724863378e-08 1.191540905269274588e-08
4.608592920365986357e-10 5.101862538794912145e-09 1.012319443173822840e-08 1.266544709097194880e-08 1.370372286428254547e-08 1.403575282544599606e-08 1.370117546889182109e-08 1.363535866976514525e-08 1.413836094435004443e-08 1.513180886095118530e-08 1.484291441841198510e-08
7.633335492191560644e-10 7.433759596122782017e-09 1.375273036382721568e-08 1.665412043145841333e-08 1.770272862968827909e-08 1.789630193404994911e-08 1.732207770535554893e-08 1.712918034602923310e-08 1.770404242397193687e-08 1.889064339252235578e-08 1.849652931998031672e-08
1.244496793415491991e-09 1.068855039227223345e-08 1.849469446493326420e-08 2.171531885444665112e-08 2.271785920758518347e-08 2.271210192386048092e-08 2.184010617257105133e-08 2.149819034610252874e-08 2.216858997768748112e-08 2.358952566851464797e-08 2.305829340665343516e-08
1.997903017977877282e-09 1.517371513945420334e-08 2.463402024781741589e-08 2.809931266035539824e-08 2.898687246083496088e-08 2.871334812631488892e-08 2.747922327542821689e-08 2.696587469972543509e-08 2.776205950412607763e-08 2.946588262005646261e-08 2.875628781606072602e-08
3.159862188580600172e-09 2.127990963845079952e-08 3.251754304467112498e-08 3.611369194697109478e-08 3.680611183011695597e-08 3.618939489700455647e-08 3.452162112326224418e-08 3.381361412555483047e-08 3.477373951799825129e-08 3.681736738327009945e-08 3.587638457373629089e-08
4.926268486476507014e-09 2.949859328614169002e-08 4.256765477441893354e-08 4.613891705894486772e-08 4.654648654584194251e-08 4.550439231533578232e-08 4.332278933004718112e-08 4.239561316793298735e-08 4.356743500586650915e-08 4.601718485998590758e-08 4.477702150744861892e-08
7.575086057147512298e-09 4.044275836338433004e-08 5.530006160296482573e-08 5.864830353390445837e-08 5.867354063115288147e-08 5.711679229568017778e-08 5.433040891189824246e-08 5.315771039584342960e-08 5.460071294976974006e-08 5.753332813774598192e-08 5.590778841026186914e-08
1.149611313018678069e-08 5.487151004559235496e-08 7.134695292234879567e-08 7.423341260938108467e-08 7.377254111581857111e-08 7.160370899441511509e-08 6.810808808632203266e-08 6.666108668148709239e-08 6.844913302632346696e-08 7.195272740181603032e-08 6.983281553217938364e-08
1.723003043839003046e-08 7.371958356806829451e-08 9.148714089532525576e-08 9.363602284542750803e-08 9.257978544909481735e-08 8.969140384128746818e-08 8.536522456929839007e-08 8.361214965893159195e-08 8.583675162610060212e-08 9.001157162576990675e-08 8.726021459873534748e-08
2.551918804391834278e-08 9.813335640296197871e-08 1.166850019161193558e-07 1.177881558860495897e-07 1.160216832373412455e-07 1.122935188367049932e-07 1.069946122974579814e-07 1.049002019657842872e-07 1.076745210014664250e-07 1.126333891763530620e-07 1.090791495186301918e-07
3.737309957939044286e-08 1.295155393279696502e-07 1.481403704111109553e-07 1.478620457156589398e-07 1.452636201620648728e-07 1.405591165212029624e-07 1.341198264834781908e-07 1.316449171838713995e-07 1.351086257175407856e-07 1.409768841052969769e-07 1.364065264951383896e-07
5.415220201075023675e-08 1.695815194713955850e-07 1.873519424777885451e-07 1.853324985111035067e-07 1.817711768713695241e-07 1.759331213356053924e-07 1.681549430797895418e-07 1.652561733437472250e-07 1.695813279113405720e-07 1.764960425834721220e-07 1.706458137695053863e-07
7.767411808110834376e-08 2.204312757741566299e-07 2.361972958662406820e-07 2.320548099977681159e-07 2.273869735012988255e-07 2.202324231280815548e-07 2.108798068253844832e-07 2.075094579159622904e-07 2.129075592397801826e-07 2.210156768025097071e-07 2.135611579073955883e-07
1.103474564158498876e-07 2.846418778974467262e-07 2.970333859578007732e-07 2.903623119137307894e-07 2.844272716356842642e-07 2.757417367883344676e-07 2.645348931392631899e-07 2.606408960971971409e-07 2.673713362559246725e-07 2.768263972877558105e-07 2.673707919621701377e-07
1.553391469751289846e-07 3.653867995685121032e-07 3.728224002315847866e-07 3.631887396240947657e-07 3.558035330153013335e-07 3.453343602769970017e-07 3.319408591969275227e-07 3.274670108973823987e-07 3.358471320073503455e-07 3.468040438583369827e-07 3.348647758695222334e-07
2.167825033825521472e-07 4.665896312821481398e-07 4.672892120668711314e-07 4.542219944111743902e-07 4.451754663613417512e-07 4.326242964670881512e-07 4.166492058424456716e-07 4.115356558196664303e-07 4.219526662985578050e-07 4.345599171733305869e-07 4.195534276241763673e-07
3.000347159222132869e-07 5.931213085297699673e-07 5.851184355575670362e-07 5.680975820944785066e-07 5.571437657557554828e-07 5.421578762582897305e-07 5.231321462102177509e-07 5.173162404915591021e-07 5.302412514240659337e-07 5.446298085624753707e-07 5.258544665276775061e-07
4.119944169166732997e-07 7.510517803567314101e-07 7.322013199853225891e-07 7.106421350308689296e-07 6.974928513050715153e-07 6.796551331215236180e-07 6.570218891770093583e-07 6.504394869627739987e-07 6.664439389499902473e-07 6.827119161069260168e-07 6.593289871096036214e-07
5.614924485519346822e-07 9.479692957130931837e-07 9.159455261212895753e-07 8.891800866897257665e-07 8.734965837043161270e-07 8.523138469528708938e-07 8.254122097080590838e-07 8.179996237461593186e-07 8.377743694148279637e-07 8.559663738814072711e-07 8.269790278057914707e-07
7.597721421993259847e-07 1.193383413742568535e-06 1.145664316740962442e-06 1.112919919078756819e-06 1.094303285677893812e-06 1.069192541305821259e-06 1.037238537362734159e-06 1.028935290110846664e-06 1.053312573321903347e-06 1.073392452974702100e-06 1.037622835457814701e-06
1.021079444784780291e-06 1.499231734455402502e-06 1.433066034599476048e-06 1.393440633366514315e-06 1.371420647932903823e-06 1.341692963436439014e-06 1.303757030016368166e-06 1.294509666329162690e-06 1.324488188539436441e-06 1.346303699158214005e-06 1.302368136044803010e-06
1.363388284909988251e-06 1.880515520746106227e-06 1.792870154157938361e-06 1.745304438776106693e-06 1.719326454106636398e-06 1.684167929308421773e-06 1.639148441183986534e-06 1.628915695645514973e-06 1.665688873420222121e-06 1.688926582190003161e-06 1.635209032013241426e-06
1.809292892755115717e-06 2.356096188103373936e-06 2.243582970721520721e-06 2.186828406867010103e-06 2.156237816167110451e-06 2.114687164047792856e-06 2.061279325138133212e-06 2.050039009601581233e-06 2.095026393419864681e-06 2.119154934951623912e-06 2.053778845163210071e-06
2.387106701501782784e-06 2.949693445209443025e-06 2.808474508380439921e-06 2.741056363031482200e-06 2.705080132118549543e-06 2.656002276454930660e-06 2.592661618830662841e-06 2.580419674383692693e-06 2.635301303864022054e-06 2.659500921659548098e-06 2.580299674761311492e-06
3.132217452633022497e-06 3.691137090441323418e-06 3.516808961715403332e-06 3.436983043041047094e-06 3.394707720528347736e-06 3.336762733809599799e-06 3.261662353292160044e-06 3.248464601582951500e-06 3.315217800081768137e-06 3.338293953206060944e-06 3.242780102067875427e-06
4.088760930848269693e-06 4.617938601971285929e-06 4.405394531067554221e-06 4.311096107753365996e-06 4.261441630901456513e-06 4.193048230493986399e-06 4.104028759716542269e-06 4.089975991736431259e-06 4.170913735877363199e-06 4.191192444202884623e-06 4.076525923594312167e-06
5.311692406617223682e-06 5.777266337447529762e-06 5.520535610796946324e-06 5.409318713379041782e-06 5.351007206997944763e-06 5.270299902789887055e-06 5.164811078461365965e-06 5.150078234196698483e-06 5.247887751543857314e-06 5.263090311745053314e-06 5.126045766474430697e-06
6.869356756829983102e-06 7.228430223376640139e-06 6.920491874111938813e-06 6.789456899782041377e-06 6.720975515111969197e-06 6.625754355662986945e-06 6.500786875482202740e-06 6.485647194074832068e-06 6.603426824191797122e-06 6.610521572184328314e-06 6.447454851732915918e-06
8.846687087498741254e-06 9.046009380633703481e-06 8.678576032831015230e-06 8.524283248912616239e-06 8.443839905513535500e-06 8.331511599363889610e-06 8.183517783908921732e-06 8.168372938514217917e-06 8.309664518475979651e-06 8.304693461400665405e-06 8.111507187088110160e-06
1.134919945839306231e-05 1.132379066431997932e-05 1.088705640199218818e-05 1.070542254745541804e-05 1.061089322018952774e-05 1.047840221110899450e-05 1.030320378515532335e-05 1.028862115513885901e-05 1.045743424117839365e-05 1.043531265038816449e-05 1.020742055514330613e-05
1.450800007945354614e-05 1.417972947644219073e-05 1.366207371256844927e-05 1.344824841048338508e-05 1.333711434096666163e-05 1.318086218647743788e-05 1.297354327041521895e-05 1.296030163903328833e-05 1.316112473584044951e-05 1.311541219429677050e-05 1.284770165979210288e-05
1.848608318898614829e-05 1.776219882007316789e-05 1.714983620901884908e-05 1.689805430770686381e-05 1.676732720879819046e-05 1.658307834539462185e-05 1.633786149831948620e-05 1.632700658659902475e-05 1.656479921499359601e-05 1.648744115352026245e-05 1.617423301994230182e-05
2.348627482117358496e-05 2.225786137287309786e-05 2.153442584166599411e-05 2.123783108189503829e-05 2.108396403668035004e-05 2.086673570698624469e-05 2.057683858595928998e-05 2.056974992921013694e-05 2.084990781995050961e-05 2.073094725233371732e-05 2.036595155094191855e-05
2.976127211210416603e-05 2.790158601829585645e-05 2.704763490961671995e-05 2.669806945235943585e-05 2.651685077558405126e-05 2.626078453542687719e-05 2.591825442736290412e-05 2.591672515089279765e-05 2.624500911687675523e-05 2.607226907619552598e-05 2.564853483681776023e-05
3.762634253445299956e-05 3.498893919745294103e-05 3.398136120146222567e-05 3.356911452620688752e-05 3.335554134440831420e-05 3.305375315361534403e-05 3.264927629400397077e-05 3.265560732470697546e-05 3.303802445946888545e-05 3.279676251403171560e-05 3.230661923641422610e-05
4.747538633902602596e-05 4.389191780202005672e-05 4.270322567015134261e-05 4.221673514544431292e-05 4.196486284902976784e-05 4.160926826998811377e-05 4.113195048284675593e-05 4.114906061230009306e-05 4.159168443019462349e-05 4.126422156655283477e-05 4.069920932906108142e-05
5.980123355758968972e-05 5.507875981367594252e-05 5.367624566474968426e-05 5.310173967658250168e-05 5.280450268922595681e-05 5.238561316304225925e-05 5.182272793643575854e-05 5.185428089039506545e-05 5.236299492377349888e-05 5.192832195880076708e-05 5.127910648901332145e-05
7.522124994991410919e-05 6.913887700194007826e-05 6.748360424254578693e-05 6.680467711991258206e-05 6.645367560574601230e-05 6.596036113984972665e-05 6.529706079064470279e-05 6.534761001269073376e-05 6.592775729750037842e-05 6.536112273935237296e-05 6.461739111311571161e-05
9.450956898267863949e-05 8.681420429563948670e-05 8.485980572086506270e-05 8.405691180801835383e-05 8.364215798818227967e-05 8.306137086929852480e-05 8.228035595540972465e-05 8.235550712388077792e-05 8.301142604902380100e-05 8.228390987822183675e-05 8.143424187786319065e-05
1.186375490993211567e-04 1.090385510887313929e-04 1.067297976226920303e-04 1.057796497254753304e-04 1.052892664084202683e-04 1.046057197614703874e-04 1.036868613894640262e-04 1.037934516934768794e-04 1.045278770082798381e-04 1.036059551109387518e-04 1.026376646996474015e-04
1.488243648981423927e-04 1.369868569284738650e-04 1.342579558637168311e-04 1.331328110067877938e-04 1.325526737838564003e-04 1.317484679674872433e-04 1.306683771661807910e-04 1.308146689982405244e-04 1.316279755644343761e-04 1.304730794630480758e-04 1.293720203757420489e-04
1.865999412384048101e-04 1.721365609233156961e-04 1.689091368335170294e-04 1.675759499725716563e-04 1.668892633760577057e-04 1.659434524269317137e-04 1.646749904154859142e-04 1.648708753200563582e-04 1.657601417354488563e-04 1.643282178344972015e-04 1.630785470272488695e-04
2.338826527851453098e-04 2.163435135986744391e-04 2.125242201818961397e-04 2.109436445701464195e-04 2.101304415119194951e-04 2.090185313011087636e-04 2.075302544703090148e-04 2.077874608447747705e-04 2.087453307554414355e-04 2.069864026704446632e-04 2.055702954404335907e-04
2.930741933460309645e-04 2.719348498001499968e-04 2.674125583494908493e-04 2.655377703184508341e-04 2.645743236549008451e-04 2.632676934305795842e-04 2.615232275341285249e-04 2.618555226433278869e-04 2.628688439978797003e-04 2.607265809780647805e-04 2.591238921768134851e-04
3.671735274007483884e-04 3.418207645612118166e-04 3.364632772981923908e-04 3.342386044180588908e-04 3.330967400948958062e-04 3.315619802213100645e-04 3.295193202406029300e-04 3.299426935310854317e-04 3.309909211155627039e-04 3.284022156992591718e-04 3.265900829594347611e-04
4.599105007622234691e-04 4.296258288035473250e-04 4.232760773583837954e-04 4.206354141263173182e-04 4.192817179671026262e-04 4.174798798339046852e-04 4.150906161851682227e-04 4.156234266630342233e-04 4.166767823225209937e-04 4.135713421762346681e-04 4.115237299977544754e-04
5.758969954658175279e-04 5.398378463107787696e-04 5.323095637980669505e-04 5.291745709075820455e-04 5.275694871026994064e-04 5.254552477142088217e-04 5.226637273115795944e-04 5.233267929412057078e-04 5.243441928406288206e-04 5.206441567229890899e-04 5.183313454159744907e-04
7.207888332729396738e-04 6.779676683632084424e-04 6.690405769064275551e-04 6.653186825650705743e-04 6.634155131967482168e-04 6.609362686970260978e-04 6.576787127692614466e-04 6.584953146373624319e-04 6.594220962650379362e-04 6.550416942628079203e-04 6.524297262122183416e-04
9.014443077962378762e-04 8.507062063057515720e-04 8.401208519206119357e-04 8.357031113354766770e-04 8.334469452154144586e-04 8.305418668354049580e-04 8.267454886352280236e-04 8.277412573586901334e-04 8.285067737904018830e-04 8.233520698731485680e-04 8.204021787098749385e-04
1.126054788917514246e-03 1.066054655432454061e-03 1.053507161280723336e-03 1.048266088447178356e-03 1.045592716719266971e-03 1.042191831766399934e-03 1.037774028821275433e-03 1.038976675960369975e-03 1.039491874361590752e-03 1.033460657455087918e-03 1.030128724890833503e-03
1.404209358174260663e-03 1.333390724851212525e-03 1.318527932443035872e-03 1.312315501039685315e-03 1.309150418561064524e-03 1.305173820047428367e-03 1.300041559196119792e-03 1.301480413196191063e-03 1.301635581068212632e-03 1.294617511163836162e-03 1.290853622533830484e-03
1.746839961446820409e-03 1.663418490741799685e-03 1.645834220092840536e-03 1.638480338956000521e-03 1.634737985085491082e-03 1.630095326808790991e-03 1.624144896037663013e-03 1.625850201776845964e-03 1.625513148230750028e-03 1.617390316598941741e-03 1.613138519612333918e-03
