3.349358054778786607e-07 4.216515916238943675e-06 1.969996258007287581e-05 5.062082445107905505e-05 1.096913199448336650e-04 3.346421242448795880e-04 1.457276684272002095e-03 4.934865447344546907e-03 1.304153354182154174e-02 1.505066191097960762e-02 1.655647636559929789e-02
4.747589948465034469e-07 5.976484901334500559e-06 2.791761344833211043e-05 7.171414153250628041e-05 1.552650521618138206e-04 4.706723077186434224e-04 1.951869610424508857e-03 6.595872544407862560e-03 1.811973708852807757e-02 2.119822349409848997e-02 2.276234122678374647e-02
6.729516972848964240e-07 8.470948447647331118e-06 3.956105343851696075e-05 1.015840799327413969e-04 2.196954649518548252e-04 6.606697898420779312e-04 2.590343975978552475e-03 8.759811288361920439e-03 2.503275921399571169e-02 2.966271609396990000e-02 3.093217641146141228e-02
9.538792407520864417e-07 1.200635039148468843e-05 5.605698618534529364e-05 1.438730966642321569e-04 3.107206639523905781e-04 9.250097624836618954e-04 3.404439064526016030e-03 1.156129359365678892e-02 3.433742311571030131e-02 4.114604687146983242e-02 4.147143602020623987e-02
1.352076911248461378e-06 1.701692816401905969e-05 7.942535064851230747e-05 2.037279653476533595e-04 4.391973308974569533e-04 1.290969523834265996e-03 4.430109782182921514e-03 1.516692954428396425e-02 4.668701553002479326e-02 5.643722966643853478e-02 5.476249402399105404e-02
1.916494112566598991e-06 2.411796871528349882e-05 1.125253903501618325e-04 2.884142422831124301e-04 6.203034507779828666e-04 1.794497952882322458e-03 5.708168131561336053e-03 1.978140992996905295e-02 6.280203187532952536e-02 7.634050036682932250e-02 7.111376637513514010e-02
2.716509152346843804e-06 3.418124289579298723e-05 1.594032918861547506e-04 4.081742272495722675e-04 8.751519941857306044e-04 2.482070715442247395e-03 7.285556092318629627e-03 2.565321329911948375e-02 8.341055840746881833e-02 1.015563268739708008e-01 9.070481085060728976e-02
3.850452936772401908e-06 4.844185846774142542e-05 2.257826881908467853e-04 5.774159560718293040e-04 1.232905326150975436e-03 3.412414069525541906e-03 9.217445324327623243e-03 3.307863979765530288e-02 1.091551825047716306e-01 1.325247541308531563e-01 1.135389918739458381e-01
5.457687438851865085e-06 6.864963948017196722e-05 3.197551514008451119e-04 8.163416885886210688e-04 1.733452059764154472e-03 4.657805387973900507e-03 1.157026970067408581e-02 4.240231380041355885e-02 1.404738229715658537e-01 1.692641468765973545e-01 1.394165415195955937e-01
7.735720452528147462e-06 9.728364870800087398e-05 4.527482980781343826e-04 1.153138112798753794e-03 2.430628570486191922e-03 6.304644421292786120e-03 1.442569117387538721e-02 5.401181472482031315e-02 1.774761510849279522e-01 2.112590931799145366e-01 1.679376173249462478e-01
1.096445529622714232e-05 1.378563307757156857e-04 6.408737987141132145e-04 1.626840746602810665e-03 3.395807120021339907e-03 8.453077120775446748e-03 1.788538644561436797e-02 6.832391583801321333e-02 2.198491671384533441e-01 2.574519175294031625e-01 1.985375684698453824e-01
1.554054886065637717e-05 1.953449748228292210e-04 9.067831252325159620e-04 2.290921642938423871e-03 4.721408893147783885e-03 1.121564942068101201e-02 2.207640822058035135e-02 8.576035153358332885e-02 2.668264361540538254e-01 3.063620397551217178e-01 2.305476270238215886e-01
2.202609254400191680e-05 2.768041636240628272e-04 1.282175959827076958e-03 3.217485013318897163e-03 6.523544973797847091e-03 1.471522206302095827e-02 2.715670491222460861e-02 1.067124068382525465e-01 3.172405520031744142e-01 3.563063598069434734e-01 2.632673299593107363e-01
3.121759506821831620e-05 3.922353704480694109e-04 1.811094229498865947e-03 4.501630570519319675e-03 8.942629245570241775e-03 1.908259858171356890e-02 3.332017194302284296e-02 1.314960291999489328e-01 3.696521011999299722e-01 4.056516048154386600e-01 2.960329684732403432e-01
4.424376242513041108e-05 5.558208369700267607e-04 2.554055051706842754e-03 6.265018012252514777e-03 1.214064220206674018e-02 2.445441651294305227e-02 4.080035347471075435e-02 1.603022401839698796e-01 4.225234877138907552e-01 4.530226144700747470e-01 3.282696289324208982e-01
6.270417529529637342e-05 7.876695892961936129e-04 3.592866942197685005e-03 8.656987132942559407e-03 1.629403534202760254e-02 3.097176857332873887e-02 4.987160667271950398e-02 1.931504474996813547e-01 4.743946798270270993e-01 4.974195995052262953e-01 3.595208573405115349e-01
8.886616174171570951e-05 1.116272242349415243e-03 5.035558509068836439e-03 1.185100987501931137e-02 2.158227224486964843e-02 3.877973669188623101e-02 6.084619169430603020e-02 2.298536006263112441e-01 5.240235836375271017e-01 5.382395856680765034e-01 3.894565864901237684e-01
1.259447119773523312e-04 1.581908318370014522e-03 7.020174376623800408e-03 1.603431527257167047e-02 2.817360790959864622e-02 4.802756587537406613e-02 7.406544210350785029e-02 2.700031117696654048e-01 5.704703528605139518e-01 5.752279209042223673e-01 4.178644159910955280e-01
1.785013267487233109e-04 2.241267148585649339e-03 9.715322144179441149e-03 2.138993547227026684e-02 3.621130165195491496e-02 5.886867976844439854e-02 8.988309939651167868e-02 3.129781678201296602e-01 6.131232804357537036e-01 6.083953871120429957e-01 4.446309391499431718e-01
2.530139249221200252e-04 3.173467933806177477e-03 1.331460217019964608e-02 2.807347693236796060e-02 4.580406114531043044e-02 7.145932464144851004e-02 1.086393615573829491e-01 3.579796190004121414e-01 6.516773221963224616e-01 6.379302760700104047e-01 4.697191913472383296e-01
3.586937449682803584e-04 4.487377084635806902e-03 1.802207127315187674e-02 3.619070962155756382e-02 5.702339177032437340e-02 8.595451146256881392e-02 1.306255061562521247e-01 4.040845312606977102e-01 6.860825057549727601e-01 6.641227161191499695e-01 4.931465755633162029e-01
5.086595632439293172e-04 6.329439102032563026e-03 2.402750553314846396e-02 4.578420439944564518e-02 6.990790982207215065e-02 1.025002035210450524e-01 1.560412293531673322e-01 4.503146488740992215e-01 7.164794628634647555e-01 6.873077597021947094e-01 5.149657564170413426e-01
7.216273284008016368e-04 8.889971755836599890e-03 3.147386716082035268e-02 5.683526313048745809e-02 8.447187827469526678e-02 1.212213332062912624e-01 1.849498027568147185e-01 4.957104313550449448e-01 7.431355065927162107e-01 7.078269371007870348e-01 5.352495301123126881e-01
1.024334334279301080e-03 1.240403820305312037e-02 4.042432744020182933e-02 6.928125088650320673e-02 1.007137820379516574e-01 1.422061024944173968e-01 2.172389440715436493e-01 5.394016058605033415e-01 7.663895286811696073e-01 7.260048736391599977e-01 5.540797209928643996e-01
1.454981114046909225e-03 1.714121052557818908e-02 5.084024257529694280e-02 8.304158841796190071e-02 1.186213212029615799e-01 1.654879865666377958e-01 2.525966773161694712e-01 5.806653065261898616e-01 7.866092988807148467e-01 7.421368572880548964e-01 5.715396560769290257e-01
2.068005590488379043e-03 2.337834442082538031e-02 6.258153935943795709e-02 9.804250605981183753e-02 1.381711546041968497e-01 1.910277779322984981e-01 2.905103048822879619e-01 6.189644075303726289e-01 8.041613830124154649e-01 7.564837142787287361e-01 5.877095822681507320e-01
2.940413559907386742e-03 3.135295087763471239e-02 7.543478508655884762e-02 1.142327536842059899e-01 1.593238659620299091e-01 2.186987036504911275e-01 3.302926215440616375e-01 6.539620082450029459e-01 8.193919898893099463e-01 7.692712109096627726e-01 6.026643789289038988e-01
4.179499651095083812e-03 4.120253988056288980e-02 8.916282523381890979e-02 1.315875376226488813e-01 1.820160537016781155e-01 2.482778878255538224e-01 3.711335637091927597e-01 6.855126529457102880e-01 8.326163151497443238e-01 7.806920474952848688e-01 6.164729807903971404e-01
5.930835924972528012e-03 5.290469646996658754e-02 1.035591044179507980e-01 1.501025140898194776e-01 2.061519388049581070e-01 2.794469778022267703e-01 4.121694511201832722e-01 7.136352716726140910e-01 8.441139496969238820e-01 7.909091915381882831e-01 6.291990028973636351e-01
8.383682460771384529e-03 6.623865400191462915e-02 1.184873456502305578e-01 1.697818104841361808e-01 2.315966781064598135e-01 3.118034923778722489e-01 4.525578625724117621e-01 7.384754690824870682e-01 8.541282905369886880e-01 8.000597855633296840e-01 6.409021233063695311e-01
1.176887618971268756e-02 8.078863092213441066e-02 1.338955495910955640e-01 1.906239951360270135e-01 2.581729973220960872e-01 3.448825335470691589e-01 4.915453244386505660e-01 7.602650203713626764e-01 8.628683783158889176e-01 8.082591865153689881e-01 6.516398264976895893e-01
1.634357038855883959e-02 9.600167837047014763e-02 1.498060206726523624e-01 2.126088384458038882e-01 2.856620527927493658e-01 3.781863833287013033e-01 5.285175075785963905e-01 7.792847321645300918e-01 8.705120475538901115e-01 8.156048877561430377e-01 6.614691509925193502e-01
2.236098242933618613e-02 1.112963095614087766e-01 1.662914886643038492e-01 2.356865682825634023e-01 3.138087132595532847e-01 4.112178153788306756e-01 5.630264639405467841e-01 7.958342726875223816e-01 8.772096521512073863e-01 8.221801792536048703e-01 6.704481344344528360e-01
3.003257656009407708e-02 1.261923465375529296e-01 1.834480951298880502e-01 2.597705190953251697e-01 3.423307893209215913e-01 4.435122367744089300e-01 5.947948523789237107e-01 8.102101761056057505e-01 8.830879074269791795e-01 8.280574484323051099e-01 6.786367222323067550e-01
3.949886753185721799e-02 1.404115417236973806e-01 2.013720165670108975e-01 2.847336001414472739e-01 3.709311894595995751e-01 4.746642522975083600e-01 6.237014466255907941e-01 8.226915339835181307e-01 8.882535809460198051e-01 8.333010398347212577e-01 6.860970065952699537e-01
5.082302067032377912e-02 1.539076645912925700e-01 2.201420871214064545e-01 3.104087081921060864e-01 3.993116121081589642e-01 5.043456962639318863e-01 6.497545306979559676e-01 8.335319980727728950e-01 8.927968860723046740e-01 8.379695981694348372e-01 6.928927833452028784e-01
6.400748896744488936e-02 1.668250653270750561e-01 2.398081131342206518e-01 3.365929444282039218e-01 4.271862431757354472e-01 5.323140810745443652e-01 6.730600106652163683e-01 8.429564594365807073e-01 8.967945038147840942e-01 8.421178334773271601e-01 6.990885343493453696e-01
7.902047553258029211e-02 1.794212543110922653e-01 2.603836655827582724e-01 3.630551997903602168e-01 4.542940308619219936e-01 5.584121836733708655e-01 6.937898103787405457e-01 8.511608893137641019e-01 9.003121973244615495e-01 8.457976791042165488e-01 7.047480383744696431e-01
9.581669317123012175e-02 1.919931506144594013e-01 2.818422267070406773e-01 3.895463580331286479e-01 4.804084200216000577e-01 5.825607166586946883e-01 7.121542022094579094e-01 8.583141149999856667e-01 9.034070037617192295e-01 8.490588638774296815e-01 7.099328611797991462e-01
1.143437605588495526e-01 2.048270722968036084e-01 3.041159771519962307e-01 4.158110889225428153e-01 5.053438720698391062e-01 6.047465655149090180e-01 7.283798439603537123e-01 8.645606223118847966e-01 9.061290015045927460e-01 8.519489806778572927e-01 7.147009677431803709e-01
1.345345813461023832e-01 2.181730088991531147e-01 3.270968786771289993e-01 4.416000361863051116e-01 5.289589790739779307e-01 6.250090069684954841e-01 7.426938427081080096e-01 8.700237559554466760e-01 9.085226646220146973e-01 8.545131889772701328e-01 7.191056426596742490e-01
1.562925432144852134e-01 2.322351208625922092e-01 3.506399116050719078e-01 4.666811981733358650e-01 5.511564132836617169e-01 6.434258697015534656e-01 7.553132563195620319e-01 8.748089077313561113e-01 9.106278348409235779e-01 8.567937224418782360e-01 7.231948190217437622e-01
1.794762143162821066e-01 2.471702445205548604e-01 3.745683632459945733e-01 4.908494665341239238e-01 5.718802722269620276e-01 6.601009852938488631e-01 7.664390059577413927e-01 8.790064426524015762e-01 9.124803630690494494e-01 8.588293738216175033e-01 7.270108267721502315e-01
2.038811439133065839e-01 2.630890338154077690e-01 3.986809772367872484e-01 5.139335980665775683e-01 5.911115557124447806e-01 6.751536773813405778e-01 7.762530686691140325e-01 8.826942275567014606e-01 9.141124933147778409e-01 8.606550978303880717e-01 7.305905002895594080e-01
2.292076283713172791e-01 2.800571381745018962e-01 4.227606191093352672e-01 5.358002820091910534e-01 6.088625487587110419e-01 6.887105481245248129e-01 7.849179094809062285e-01 8.859397094750263157e-01 9.155530752805159933e-01 8.623018186418960340e-01 7.339655438531784704e-01
2.550146082978824169e-01 2.980956394596936954e-01 4.465839433642123657e-01 5.563553515266432825e-01 6.251708114148781803e-01 7.008994761479652169e-01 7.925772924517718865e-01 8.888015519456725633e-01 9.168276928740751730e-01 8.637964679294544146e-01 7.371630436659718510e-01
2.806953764088434000e-01 3.171809575592938746e-01 4.699314074557610632e-01 5.755425054439232690e-01 6.400933318041928111e-01 7.118455311853223444e-01 7.993578142734679703e-01 8.913308816713871874e-01 9.179587829282921385e-01 8.651622275948955831e-01 7.402060290431521361e-01
3.055345705248183608e-01 3.372448789075905839e-01 4.925969035088267334e-01 5.933401113709860786e-01 6.537012222172537967e-01 7.216684113968488967e-01 8.053706980202178789e-01 8.935722262808497574e-01 9.189657946309153225e-01 8.664189184474644367e-01 7.431140122922909041e-01
3.288598452380689929e-01 3.581754870245684175e-01 5.143962908204945395e-01 6.097567421248120123e-01 6.660751629094998627e-01 7.304809902977797975e-01 8.107135535962582962e-01 8.955642357138677845e-01 9.198654119790659056e-01 8.675834645762174890e-01 7.459034664475180376e-01
3.502076284683069973e-01 3.798197040015640624e-01 5.351742162389863111e-01 6.248260686401102548e-01 6.773016482148533912e-01 7.383885962143895698e-01 8.154719497751546919e-01 8.973402751190985294e-01 9.206718361654081528e-01 8.686703691812930339e-01 7.485882252806149717e-01
3.694086446740244556e-01 4.019879519952500591e-01 5.548087923800661958e-01 6.386016263602928289e-01 6.874699790363191232e-01 7.454887182920777455e-01 8.197207481010525543e-01 8.989289590876414771e-01 9.213971074695047614e-01 8.696921541000012246e-01 7.511798076215199238e-01
3.865800053855504292e-01 4.244611558631131709e-01 5.732139362774804070e-01 6.511518265915325898e-01 6.966698808349788274e-01 7.518709227907683923e-01 8.235252201160886409e-01 9.003546712576998567e-01 9.220514389174733205e-01 8.706597349499526350e-01 7.536876777986468712e-01
4.020590707838037070e-01 4.469999710155018735e-01 5.903394144023246248e-01 6.625554348981584907e-01 7.049896059052978003e-01 7.576168562637185522e-01 8.269420070034407821e-01 9.016380867679736344e-01 9.226435354195038352e-01 8.715827213873306167e-01 7.561194575822768327e-01
4.163051763512974901e-01 4.693557782613140827e-01 6.061688543060606005e-01 6.728976122961566331e-01 7.125143955759125625e-01 7.628002933645694483e-01 8.300199887336018323e-01 9.027966937417312154e-01 9.231808790832849443e-01 8.724696447046266234e-01 7.584811046041380900e-01
4.297948803782814520e-01 4.912826877762150324e-01 6.207161378832205534e-01 6.822665275989218125e-01 7.193252190792026601e-01 7.674872441030098358e-01 8.328011159758138549e-01 9.038452973777778565e-01 9.236699703431410224e-01 8.733281223601385701e-01 7.607770698324314296e-01
4.429419609630795840e-01 5.125495837207066918e-01 6.340206718191073731e-01 6.907505049314739409e-01 7.254977547907651703e-01 7.717361616934738100e-01 8.353212328101542461e-01 9.047964866366219328e-01 9.241165226530763110e-01 8.741649719313834277e-01 7.630104437075724277e-01
4.560577943924467581e-01 5.329511569555674955e-01 6.461420399651069957e-01 6.984356627571225440e-01 7.311016200707780577e-01 7.755982890074871738e-01 8.376108921050993139e-01 9.056610468485248866e-01 9.245256142710047698e-01 8.749862868654305625e-01 7.651830977617158913e-01
4.693457446664275889e-01 5.523169365068985037e-01 6.571544962515489807e-01 7.054040156684820984e-01 7.361998762441577249e-01 7.791181578840712385e-01 8.396961461218391820e-01 9.064483086345404006e-01 9.249018037998238961e-01 8.757974846723597384e-01 7.672958262412900021e-01
4.829142624363309544e-01 5.705175383615664897e-01 6.671416773104930087e-01 7.117320304634344730e-01 7.408488314026219212e-01 7.823342241757834659e-01 8.415992860902039574e-01 9.071664312829589294e-01 9.252492171013633193e-01 8.766033359452306550e-01 7.693484904261304047e-01
4.967962063822993768e-01 5.874676737542225968e-01 6.761918217105582496e-01 7.174896387718278090e-01 7.450981403130284564e-01 7.852795948002476711e-01 8.433395056938549628e-01 9.078226250692549293e-01 9.255716127177886499e-01 8.774079804519298031e-01 7.713401668747659201e-01
5.109677776029062368e-01 6.031258455156156550e-01 6.843936917373080187e-01 7.227397018371446435e-01 7.489911683997019232e-01 7.879827890914290478e-01 8.449334714094178800e-01 9.084233210078086485e-01 9.258724317451455521e-01 8.782149348423766710e-01 7.732692996005502417e-01
5.253647257860164510e-01 6.174910436316610740e-01 6.918333107635880053e-01 7.275379000504722526e-01 7.525655575893296367e-01 7.904684772521854974e-01 8.463957933874691753e-01 9.089742981746059547e-01 9.261548367300584950e-01 8.790270953202747872e-01 7.751338551212492156e-01
5.398955626258153950e-01 6.305970647512793015e-01 6.985915559743474113e-01 7.319329888154743058e-01 7.558539147718398299e-01 7.927581505819678576e-01 8.477394005821509149e-01 9.094807785807390577e-01 9.264217429008350102e-01 8.798467378788691340e-01 7.769314784039375033e-01
5.544522074803108769e-01 6.425052772114748789e-01 7.047425822292926467e-01 7.359673344926029870e-01 7.588845422002440388e-01 7.948706957949888130e-01 8.489758310545952869e-01 9.099474983169958398e-01 9.266758440175512090e-01 8.806755182762294742e-01 7.786596469673595644e-01
5.689185590679288751e-01 6.532967134527104536e-01 7.103529987575627480e-01 7.396776286798755207e-01 7.616821413509329286e-01 7.968228636190146652e-01 8.501154521555839283e-01 9.103787619631634742e-01 9.269196343434145113e-01 8.815144737015740972e-01 7.803158198445759863e-01
5.831773662063133301e-01 6.630643052434787021e-01 7.154816785760235165e-01 7.430956798550312215e-01 7.642684422057487437e-01 7.986296361340663452e-01 8.511676260438426622e-01 9.107784855070029106e-01 9.271554276653001248e-01 8.823640279520459373e-01 7.818975777891282730e-01
5.971156418454025561e-01 6.719059160606949410e-01 7.201800542462480914e-01 7.462491966892068618e-01 7.666627324134568378e-01 8.003045063215626920e-01 8.521408346460521699e-01 9.111502314949032622e-01 9.273853738780375444e-01 8.832240018178231233e-01 7.834027510541307082e-01
6.106287815656448181e-01 6.799186119345681512e-01 7.244927450431158933e-01 7.491625015850497116e-01 7.688822804083845774e-01 8.018596872118801677e-01 8.530427757154545043e-01 9.114972389331863489e-01 9.276114733545216540e-01 8.840936302085593557e-01 7.848295312912768606e-01
6.236235123998506991e-01 6.871943887295519637e-01 7.284583694063366810e-01 7.518571395409928693e-01 7.709426605834329704e-01 8.033062680671022582e-01 8.538804389065404177e-01 9.118224495741101832e-01 9.278355891223414309e-01 8.849715873159162971e-01 7.861765645892910825e-01
6.360197971385255222e-01 6.938173732136139193e-01 7.321104192646447073e-01 7.543523708402029015e-01 7.728579964621926646e-01 8.046543327631715536e-01 8.546601682712150483e-01 9.121285316054955628e-01 9.280594567363744662e-01 8.858560207853688473e-01 7.874430233620078878e-01
6.477518380746547511e-01 6.998623586727525936e-01 7.354781038494240253e-01 7.566655531918072830e-01 7.746411404203873419e-01 8.059130523045157091e-01 8.553877155435869462e-01 9.124179013552983220e-01 9.282846916607714327e-01 8.867445954709765044e-01 7.886286556516012292e-01
6.587683484958668512e-01 7.053944331472902229e-01 7.385871037244865489e-01 7.588124290648415871e-01 7.763038074970123326e-01 8.070907601602774761e-01 8.560682870671313394e-01 9.126927433642658682e-01 9.285127939422405108e-01 8.876345468870384670e-01 7.897338113675548277e-01
6.690322777967323553e-01 7.104694099477264491e-01 7.414602056779363570e-01 7.608073379971553862e-01 7.778566778789601788e-01 8.081950163636576479e-01 8.567065861692516604e-01 9.129550290236712051e-01 9.287451499626399043e-01 8.885227439761382850e-01 7.907594459659109676e-01
6.785201771264592896e-01 7.151347690308489380e-01 7.441178125083973693e-01 7.626633733948234850e-01 7.793094790644112813e-01 8.092326642346581167e-01 8.573068521000316577e-01 9.132065338856988346e-01 9.289830310988855810e-01 8.894057603146670044e-01 7.917071030154111400e-01
6.872213719146653688e-01 7.194308522606713829e-01 7.465783373870038542e-01 7.643925006124853150e-01 7.806710553589510937e-01 8.102098821342490487e-01 8.578728962186658036e-01 9.134488537063586433e-01 9.292275891912437080e-01 8.902799524060889258e-01 7.925788779325507738e-01
6.951370667257115166e-01 7.233921113623705823e-01 7.488585009127618486e-01 7.660056494210297773e-01 7.819494296475331119e-01 8.111322317046001373e-01 8.584081358458957034e-01 9.136834192578476843e-01 9.294798488278828152e-01 8.911415432984524099e-01 7.933773658426234165e-01
7.022794540125076868e-01 7.270482705990178873e-01 7.509735517551328066e-01 7.675127903185342548e-01 7.831518604137438500e-01 8.120047034494376481e-01 8.589156260411603405e-01 9.139115099378951612e-01 9.297406965946289903e-01 8.919867094301462407e-01 7.941055970001826836e-01
7.086708416472400351e-01 7.304253255465849026e-01 7.529374307857502613e-01 7.689230010433073526e-01 7.842848956629867585e-01 8.128317601377891277e-01 8.593980894675818938e-01 9.141342662007804210e-01 9.300108676125096174e-01 8.928116683736652126e-01 7.947669634593336196e-01
7.143427636050740936e-01 7.335463475103067843e-01 7.547628955734934086e-01 7.702445272770693796e-01 7.853544245920374145e-01 8.136173782853087788e-01 8.598579444504328428e-01 9.143527008338966366e-01 9.302909298861948839e-01 8.936127650200509365e-01 7.953651407199530121e-01
7.193350011093589957e-01 7.364320970692190826e-01 7.564616183684674811e-01 7.714848398468077129e-01 7.863657273728870134e-01 8.143650878231117884e-01 8.602973312991029076e-01 9.145677091019407401e-01 9.305812672025024490e-01 8.943865537276609601e-01 7.959040079055582639e-01
7.236944272639238562e-01 7.391014703816565223e-01 7.580442670692977281e-01 7.726506896154569093e-01 7.873235231514303933e-01 8.150780099695816849e-01 8.607181369379404146e-01 9.147800777755495938e-01 9.308820615321921066e-01 8.951298740425522871e-01 7.963875696822042549e-01
7.274736093673551673e-01 7.415718107991609021e-01 7.595205755822237448e-01 7.737481605411168362e-01 7.882320162064535563e-01 8.157588932534364234e-01 8.611220178693220761e-01 9.149904930496575162e-01 9.311932760766024053e-01 8.958399177742097930e-01 7.968198826461159179e-01
7.307291655296408450e-01 7.438591193868578921e-01 7.608994075737064433e-01 7.747827209440548701e-01 7.890949401097820948e-01 8.164101475798729579e-01 8.615104214653239723e-01 9.151995473353493615e-01 9.315146402348872812e-01 8.965142854679364337e-01 7.972049883375583734e-01
7.335199589421000921e-01 7.459781943207368649e-01 7.621888158496584742e-01 7.757592727413628042e-01 7.899155996367984711e-01 8.170338761719909693e-01 8.618846055453659449e-01 9.154077448728084043e-01 9.318456378176322996e-01 8.971510306427343817e-01 7.975468544279505911e-01
7.359052837161226268e-01 7.479427233203227443e-01 7.633960983434312508e-01 7.766821982136393743e-01 7.906969100769312142e-01 8.176319051458599274e-01 8.622456561401061759e-01 9.156155060570529969e-01 9.321854997715672830e-01 8.977486905519510563e-01 7.978493250219926836e-01
7.379432110930250754e-01 7.497653469641953894e-01 7.645278508269786055e-01 7.775554037095880888e-01 7.914414334788718586e-01 8.182058103840974539e-01 8.625945032639849019e-01 9.158231702891573844e-01 9.325332024915575779e-01 8.983063026673235862e-01 7.981160804562922317e-01
7.396892155081024045e-01 7.514577049213282400e-01 7.655900158678299317e-01 7.783823595566756737e-01 7.921514112432247456e-01 8.187569412656122703e-01 8.629319344245552914e-01 9.160309970658754297e-01 9.328874724828809528e-01 8.988234065818275775e-01 7.983506064919337897e-01
7.411951153123625957e-01 7.530304723253794519e-01 7.665879271812890972e-01 7.791661353463815720e-01 7.928287923757303401e-01 8.192864407126565496e-01 8.632586055032500649e-01 9.162391649143728500e-01 9.332467977307865592e-01 8.993000315698171931e-01 7.985561724124435878e-01
7.425082873347986778e-01 7.544933899478326600e-01 7.675263483759597882e-01 7.799094297556309341e-01 7.934752566948827246e-01 8.197952609805820856e-01 8.635750485851769742e-01 9.164477676998576960e-01 9.336094457026974380e-01 8.997366706273176584e-01 7.987358172617988750e-01
7.436710798478479711e-01 7.558552895726978749e-01 7.684095052235798695e-01 7.806145942427121787e-01 7.940922324367111207e-01 8.202841747186605525e-01 8.638816763525120068e-01 9.166568078419735643e-01 9.339734875522266444e-01 9.001342424245978302e-01 7.988923432897597765e-01
7.447203610477585167e-01 7.571241150577642243e-01 7.692411111032433357e-01 7.812836504295571638e-01 7.946809081237665717e-01 8.207537811692402485e-01 8.641787828625456802e-01 9.168661861557864112e-01 9.343368279316930369e-01 9.004940432043906373e-01 7.990283156028173961e-01
7.456871838702127109e-01 7.583069399446422665e-01 7.700243862725880684e-01 7.819183018527980922e-01 7.952422393594179573e-01 8.212045080368618466e-01 8.644665409834391134e-01 9.170756884812217846e-01 9.346972399493014283e-01 9.008176911982623825e-01 7.991460670263915711e-01
7.465965959879865554e-01 7.594099839994424839e-01 7.707620731235608202e-01 7.825199420591717470e-01 7.957769523975481984e-01 8.216366105815025023e-01 8.647449975000245370e-01 9.172849700528172834e-01 9.350524052507981354e-01 9.011070665349361075e-01 7.992477072362930146e-01
7.474676510274160801e-01 7.604386333671598885e-01 7.714564514364998793e-01 7.830896626096954805e-01 7.962855478047625724e-01 8.220501707816580961e-01 8.650140678861478749e-01 9.174935396806390697e-01 9.353999598484057376e-01 9.013642497902220052e-01 7.993351352786731701e-01
7.483136707075075389e-01 7.613974714463570548e-01 7.721093594537605798e-01 7.836282660962429203e-01 7.967683089565370524e-01 8.224451007045940898e-01 8.652735337929247095e-01 9.177007471073679312e-01 9.357375468759627779e-01 9.015914622000348322e-01 7.994100546344945490e-01
7.491427722618226870e-01 7.622903291737028741e-01 7.727222276990353134e-01 7.841362901971904442e-01 7.972253209628443749e-01 8.228211550548000242e-01 8.655230470945959320e-01 9.179057780315450499e-01 9.360628774952507447e-01 9.017910100880992541e-01 7.994739899776354131e-01
7.499586282318301267e-01 7.631203630527191306e-01 7.732961320940863192e-01 7.846140484344563681e-01 7.976565052769157838e-01 8.231779576881822491e-01 8.657621444329525184e-01 9.181076617394775541e-01 9.363738002900389157e-01 9.019652352844789167e-01 7.995283047307609747e-01
7.507613855228300048e-01 7.638901661176172864e-01 7.738318704651827584e-01 7.850616911239861606e-01 7.980616732189139695e-01 8.235150452242399055e-01 8.659902752149032379e-01 9.183052955472479351e-01 9.366683774614337210e-01 9.021164723583279255e-01 7.995742184756727822e-01
7.515486494645753357e-01 7.646019109986059714e-01 7.743300619412732955e-01 7.854792860071825311e-01 7.984405979172729539e-01 8.238319276919225942e-01 8.662068438060277487e-01 9.184974880253610197e-01 9.369449632361640523e-01 9.022470125637631622e-01 7.996128232835281180e-01
7.523164388911275369e-01 7.652575164059798318e-01 7.747912628342097374e-01 7.858669129266441233e-01 7.987930994000982388e-01 8.241281619445249840e-01 8.664112635313115929e-01 9.186830194519747250e-01 9.372022769181042046e-01 9.023590737276279139e-01 7.996450981541211034e-01
