3.240088148999834623e-05 3.901296069361707736e-04 1.589513751621138022e-03 3.274086223980110771e-03 4.602312396364455910e-03 7.494432217756812238e-03 1.104613589018707716e-02 4.854324268181749333e-06 2.312150957046734220e-05 2.379622498279086956e-04 2.608491629371746234e-03
4.066873548838769283e-05 4.933826285074614619e-04 2.010023323082600274e-03 4.096377888903094365e-03 5.599917325537357750e-03 8.645045171363463857e-03 1.174974216058579171e-02 6.814551271285456770e-06 3.903338910730685810e-05 3.558311143287969471e-04 3.484117602532118500e-03
5.122710635936549072e-05 6.243130934203692433e-04 2.540821472881185129e-03 5.106350915164484944e-03 6.758214831699432650e-03 9.832494599997486373e-03 1.227946954643511883e-02 1.065601218618672934e-05 6.417287710749692480e-05 5.204256612856953974e-04 4.575809733965573341e-03
6.462298860795934966e-05 7.905216977115626540e-04 3.209322013405570620e-03 6.335447344534399401e-03 8.079936803855373995e-03 1.101360714492926988e-02 1.259919840680873149e-02 1.749680681609743852e-05 1.028145197703415626e-04 7.453594908020450731e-04 5.916940200839240077e-03
8.157951180196799305e-05 1.001771024668469783e-03 4.048452386409070666e-03 7.814427828698939857e-03 9.558211024636942277e-03 1.213649471234967692e-02 1.268372983273530902e-02 2.900815686693766332e-05 1.606609695116858550e-04 1.046689304673589262e-03 7.543163913358449067e-03
1.030295732069201267e-04 1.270612329703539817e-03 5.096903795881538475e-03 9.570121906427911038e-03 1.117379897519381500e-02 1.314376266388403436e-02 1.252226068643282238e-02 4.761140318079244471e-05 2.451059160855950962e-04 1.443085160446633177e-03 9.492716026036981600e-03
1.301671130429272484e-04 1.613177150804352223e-03 6.398854541317903523e-03 1.162105600995154420e-02 1.289286759076683185e-02 1.397723406042453327e-02 1.212044439014461732e-02 7.670727600523432916e-05 3.654938335925368947e-04 1.956029182840313824e-03 1.180683549492905597e-02
1.645177936665175543e-04 2.050154256702306325e-03 8.002872272652386196e-03 1.397210879126171978e-02 1.466588633369604773e-02 1.458378447710789033e-02 1.150060484915504944e-02 1.209316305373160969e-04 5.333757547818532242e-04 2.610061476512349869e-03 1.453028367241261144e-02
2.080336233706442395e-04 2.607955072913538831e-03 9.959663456969922515e-03 1.660864184667467866e-02 1.642826906158060402e-02 1.492154730822299429e-02 1.069999427868380433e-02 1.864305785469600027e-04 7.627665046141190531e-04 3.433086333271498196e-03 1.771192164127685306e-02
2.632187872253963744e-04 3.320036250886756850e-03 1.231835419999196754e-02 1.949091787886438401e-02 1.810326482087543445e-02 1.496551143003585493e-02 9.767360459873189113e-03 2.811485539780135805e-04 1.070413681933114888e-03 4.456744835290188042e-03 2.140530812878102887e-02
3.332970346159310837e-04 4.228289670486087316e-03 1.512109127261318520e-02 2.254997396846713728e-02 1.960730534756870494e-02 1.471149212001730822e-02 8.758416677761119568e-03 4.151252352212159527e-04 1.476090965443612639e-03 5.716853136985107324e-03 2.566927871890051574e-02
4.224346125264706944e-04 5.384322142345683397e-03 1.839597952653923563e-02 2.568634025227597636e-02 2.085754914803229776e-02 1.417767127368218215e-02 7.730999068362557486e-03 6.008007438220424462e-04 2.002927783039551868e-03 7.253899820048276097e-03 3.056846441751607038e-02
5.360368333070037383e-04 6.850327953545690997e-03 2.214873863989123837e-02 2.877292680675870920e-02 2.178080295694458449e-02 1.340335388343278679e-02 6.740703533157871817e-03 8.533321642707526484e-04 2.677784568958263209e-03 9.113590707295811735e-03 3.617370185791164705e-02
6.811404008124500708e-04 8.699115064175524589e-03 2.635394703518815704e-02 3.166290823213054745e-02 2.232250319550112966e-02 1.244516469033054434e-02 5.837627770626832059e-03 1.190927236482779150e-03 3.531678642524897771e-03 1.134742474868218401e-02 4.256227772223791089e-02
8.669263756621412194e-04 1.101270395270813156e-02 3.094726371709092747e-02 3.420248717094123009e-02 2.245418808676804059e-02 1.137144426559326578e-02 5.064564271922891020e-03 1.635202436637831457e-03 4.600260967207645685e-03 1.401327911889505527e-02 4.981793608136083490e-02
1.105377907156120890e-03 1.387882272266240807e-02 3.582043272524338545e-02 3.624717364541733128e-02 2.217802882112802909e-02 1.025593633480064576e-02 4.456683332174455822e-03 2.211572376616751864e-03 5.924339089274349018e-03 1.717597449569234491e-02 5.803055967531146192e-02
1.412099020997369635e-03 1.738464326704253909e-02 4.082098652591921450e-02 3.767903882614723893e-02 2.152753676867348240e-02 9.171899301716841466e-03 4.042490337652590061e-03 2.949675645374763740e-03 7.550436358577548510e-03 2.090778170931882271e-02 6.729541567885442832e-02
1.807290756147138201e-03 2.160732662019285155e-02 4.575819231871829790e-02 3.842175044306354870e-02 2.056438521476743053e-02 8.187541419113186433e-03 3.845687138967111666e-03 3.883839166770541862e-03 9.531371682874052731e-03 2.528881780428918202e-02 7.771183513397889042e-02
2.316842553679358818e-03 2.660144504985658895e-02 5.041584613746795396e-02 3.845042079695441123e-02 1.937212283318174785e-02 7.363276317661885707e-03 3.887523010660684942e-03 5.053579102949502105e-03 1.192683692110722143e-02 3.040726248090412295e-02 8.938117620084963522e-02
2.973433954007313838e-03 3.238413910255490830e-02 5.457111411475137203e-02 3.779442336327900470e-02 1.804814682392244171e-02 6.750864486289256776e-03 4.189265186345949264e-03 6.504131375629330393e-03 1.480393984311708343e-02 3.635930464345547841e-02 1.024039097044386198e-01
3.817451559398664460e-03 3.891985191985760512e-02 5.801706591872456131e-02 3.653300268999271072e-02 1.669548709542903117e-02 6.394164799322626241e-03 4.774515225274485707e-03 8.286998885360930683e-03 1.823766863519024270e-02 4.324870365442794184e-02 1.168756684448244432e-01
4.897414905786661062e-03 4.610742137522007983e-02 6.058531941827943745e-02 3.478512731749430764e-02 1.541573321570482123e-02 6.331028347172155436e-03 5.671208158180164778e-03 1.046049515910666208e-02 2.231121855701071605e-02 5.118582202978346624e-02 1.328821292231955054e-01
6.269495222861422822e-03 5.377285784773706140e-02 6.216479593218663530e-02 3.269608469779238663e-02 1.430395342763912669e-02 6.595824079249669458e-03 6.913228750152270591e-03 1.309025497825326741e-02 2.711610209115190503e-02 6.028595824922009655e-02 1.504926604799697309e-01
7.995650504763668343e-03 6.167095239672240603e-02 6.271323458330561873e-02 3.042354948448314222e-02 1.344590280885166883e-02 7.222151461738837708e-03 8.541648535678403320e-03 1.624967098132598306e-02 3.275194067476358550e-02 7.066678470148232694e-02 1.697527814421618542e-01
1.013996103202553789e-02 6.949775778475920929e-02 6.225971128953922823e-02 2.812537477321044518e-02 1.291735628668849722e-02 8.245415736258974657e-03 1.060562506430745393e-02 2.002020075488863612e-02 3.932580942584578548e-02 8.244468396438305036e-02 1.906756507386208055e-01
1.276300833778550893e-02 7.691402841658306899e-02 6.089844688245776849e-02 2.595048170577111957e-02 1.278511426653665926e-02 9.705070062885597440e-03 1.316301490716202498e-02 2.449147110726546464e-02 4.695097783104432848e-02 9.572978751587760127e-02 2.132330356449363418e-01
1.591462916933958707e-02 8.357723857388116295e-02 5.877598727515304794e-02 2.403330793733393644e-02 1.310911923491400732e-02 1.164643619100748893e-02 1.628074149369048915e-02 2.976108495373715884e-02 5.574486250742102800e-02 1.106195690475864080e-01 2.373464944223979689e-01
1.962601219019916715e-02 8.917741276768448300e-02 5.607485302296325025e-02 2.249156278834708866e-02 1.394514720140199032e-02 1.412208851642735193e-02 2.003493505943770500e-02 3.593401199288220188e-02 6.582598869141371989e-02 1.271909468074569616e-01 2.628797978982773675e-01
2.390265744876691328e-02 9.347045958758561091e-02 5.299681110909462700e-02 2.142661923808336991e-02 1.534763897886772498e-02 1.719282479951371803e-02 2.451083078233052756e-02 4.312141854627242477e-02 7.730975405388501587e-02 1.454910223293419957e-01 2.896338594947626688e-01
2.871987452117399225e-02 9.630272918956922501e-02 4.974822310185519209e-02 2.092572579174646619e-02 1.737236131734066005e-02 2.092825630153949401e-02 2.980237666002115773e-02 5.143876747658693988e-02 9.030281450168532731e-02 1.655268366074268138e-01 3.173455483137596067e-01
3.402204964370128537e-02 9.762242155181662107e-02 4.652887818633925227e-02 2.106526259149106919e-02 2.007870234264185622e-02 2.540703859274910312e-02 3.601146750141828723e-02 6.100300102493429882e-02 1.048959829343700245e-01 1.872548539076170082e-01 3.456916326057102307e-01
3.972595940122630731e-02 9.747677548430945527e-02 4.352471547337596197e-02 2.191440633267995042e-02 2.353149242723685114e-02 3.071673922197560788e-02 4.324668760148526331e-02 7.192861553007484643e-02 1.211556661957774034e-01 2.105712562282078260e-01 3.742986685546653702e-01
4.572734811459730486e-02 9.599745125608367957e-02 4.090411068265675104e-02 2.353873761160310898e-02 2.780229603268125071e-02 3.695330570406493709e-02 5.162141458545962958e-02 8.432245834958601582e-02 1.391140776667008083e-01 2.353044804486504327e-01 4.027589014949310986e-01
5.190928005389267713e-02 9.337885521561201108e-02 3.881700766515965711e-02 2.600347918632748764e-02 3.297014505616002039e-02 4.422006129577817773e-02 6.125111418150908787e-02 9.827713797471365753e-02 1.587587577483641210e-01 2.612116510274097303e-01 4.306512690664097698e-01
5.815064273385823351e-02 8.985466247032324050e-02 3.739605875406589591e-02 2.937617413426164489e-02 3.912168586933848641e-02 5.262612040406489805e-02 7.224964611877728038e-02 1.138630539789886459e-01 1.800222956269985075e-01 2.879805271796982979e-01 4.575655774750981286e-01
6.433348008239457572e-02 8.567672144461743744e-02 3.675899864315216453e-02 3.372869421869093692e-02 4.635069744284971149e-02 6.228408394812106480e-02 8.472441357992054056e-02 1.311192377995462899e-01 2.027735245682505960e-01 3.152381820239951171e-01 4.831271203549127868e-01
7.034827021052277030e-02 8.109870223009894852e-02 3.701161959485822078e-02 3.913851446100977127e-02 5.475691340657276585e-02 7.330685247527952975e-02 9.877023423518414835e-02 1.500434540026193142e-01 2.268117715129541745e-01 3.425668164742219357e-01 5.070186736655939441e-01
7.609665050386968388e-02 7.636511137446261310e-02 3.825087463400846099e-02 4.568920704310090036e-02 6.444405311946117820e-02 8.580338829557215830e-02 1.144619034953349296e-01 1.705823331846835211e-01 2.518658576977542141e-01 3.695259567176444326e-01 5.289970763701544731e-01
8.149151211797006633e-02 7.170510708346992945e-02 4.056777322314387979e-02 5.347010428365608914e-02 7.551694270339370796e-02 9.987327707817372779e-02 1.318455734711578009e-01 1.926226536231301079e-01 2.775993395705931843e-01 3.956790079170085517e-01 5.489024707889208488e-01
8.645501207756164930e-02 6.732998630365077952e-02 4.404983645839406770e-02 6.257506458671868721e-02 8.807759458467284697e-02 1.155999967463651051e-01 1.509292922674544679e-01 2.159851869620644516e-01 3.036228570689736284e-01 4.206210639419752373e-01 5.666595254467373666e-01
9.091582501307192421e-02 6.343312509669850330e-02 4.878294539806717761e-02 7.310025504147131536e-02 1.022201232909226709e-01 1.330429112675874104e-01 1.716733332772310827e-01 2.404226699243681153e-01 3.295134274336439240e-01 4.440043404614796851e-01 5.822712798526540334e-01
9.480745853122832245e-02 6.019132584437269368e-02 5.485245280401463558e-02 8.514084847611978757e-02 1.180244180633321094e-01 1.522281818855994728e-01 1.939812673122927045e-01 2.656233428787305173e-01 3.548392399683317211e-01 4.655578249187898865e-01 5.958073141285908925e-01
9.806919944117478694e-02 5.776679040364249978e-02 6.234344399241206064e-02 9.878653129589083648e-02 1.355485826148487560e-01 1.731390344861616082e-01 2.176930366806359152e-01 2.912210158348118028e-01 3.791872649932070960e-01 4.850987179323167919e-01 6.073885385014236027e-01
1.006501581009963953e-01 5.630919644015801306e-02 7.134003598397668788e-02 1.141157432582042414e-01 1.548203014873591465e-01 1.957061301480400306e-01 2.425814935186512422e-01 3.168117674710977383e-01 4.021901517222719047e-01 5.025347312171871694e-01 6.171709601139502288e-01
1.025154749226060147e-01 5.595755988890459970e-02 8.192360523573653797e-02 1.311886349941748797e-01 1.758275078630974486e-01 2.197991228564263322e-01 2.683538579499318844e-01 3.419762565745892990e-01 4.235487568710039064e-01 5.178579038149335734e-01 6.253304099243133241e-01
1.036529160592155469e-01 5.684170923954838528e-02 9.416984287262231135e-02 1.500388473118487165e-01 1.985090039071482626e-01 2.452207876176223100e-01 2.946592350472110877e-01 3.663054591410392913e-01 4.430473265354788470e-01 5.311318894503532784e-01 6.320495839810257310e-01
1.040782310121301096e-01 5.908328299219640922e-02 1.081445632278308783e-01 1.706643986870071961e-01 2.227459953765240086e-01 2.717052647684572442e-01 3.211026531944422557e-01 3.894267502902863942e-01 4.605596965387287467e-01 5.424753771284949178e-01 6.375080690667586092e-01
1.038383181544573347e-01 6.279620176539814358e-02 1.238982480436117001e-01 1.930182154916907089e-01 2.483557924709743348e-01 2.989218749489256366e-01 3.472650963188508855e-01 4.110269202277758160e-01 4.760465136613487025e-01 5.520443683207483243e-01 6.418754356312388332e-01
1.030117848295261512e-01 6.808657361036053735e-02 1.414594059425635098e-01 2.169991380873430575e-01 2.750891136241532253e-01 3.264855132045149100e-01 3.727278663881019027e-01 4.308691026977859440e-01 4.895449677329428706e-01 5.600155728184423864e-01 6.453070723165049705e-01
1.017067829340419782e-01 7.505197713228041467e-02 1.608269730334024594e-01 2.424445439355409626e-01 3.026324030599041870e-01 3.539737964570155437e-01 3.970986012453919245e-01 4.488016425774628004e-01 5.011535063068226492e-01 5.665724351582104301e-01 6.479422195829035447e-01
1.000563217732568233e-01 8.378004404997331511e-02 1.819621771031288415e-01 2.691259741747977219e-01 3.306162385542443793e-01 3.809500001607117881e-01 4.200356865865698119e-01 4.647583677773416966e-01 5.110143236239997888e-01 5.718945064761606911e-01 6.499036024541487988e-01
9.821173218072586086e-02 9.434624353631493321e-02 2.047805235782141631e-01 2.967492327873605396e-01 3.586302149395850236e-01 4.069895998399424286e-01 4.412678607110919748e-01 4.787511770192611760e-01 5.192961344008408808e-01 5.761502107500817704e-01 6.512981117565377343e-01
9.633537751961132600e-02 1.068107687308627318e-01 2.291448068477575928e-01 3.249602388654491136e-01 3.862436895300198070e-01 4.317072556712924225e-01 4.606065601545453192e-01 4.908569525914655562e-01 5.261790699514670155e-01 5.794926061002347861e-01 6.522180874457620403e-01
9.459379245931015534e-02 1.212144551954923016e-01 2.548602546100798838e-01 3.533573722953462504e-01 4.130306384958118415e-01 4.547806691365259835e-01 4.779498235058260991e-01 5.012013430183722695e-01 5.318427236683755943e-01 5.820575167018363638e-01 6.527428765809429878e-01
9.315211551077536012e-02 1.375737343851344552e-01 2.816730059215071802e-01 3.815101585182568145e-01 4.385958730243352255e-01 4.759680954204648651e-01 4.932780279015728797e-01 5.099419135197740260e-01 5.364576360585489034e-01 5.839633638317101028e-01 6.529404472936534143e-01
9.217015986949844697e-02 1.558747506940246219e-01 3.092730297465722256e-01 4.089830051809484335e-01 4.625993051627800834e-01 4.951173779922702356e-01 5.066430038005502734e-01 5.172526712120121273e-01 5.401799692794653218e-01 5.853120918189876898e-01 6.528689271159380247e-01
9.179999392640056377e-02 1.760669482778368655e-01 3.373022512266162787e-01 4.353615745807289383e-01 4.847750572993708151e-01 5.121659064934336314e-01 5.181528734975194839e-01 5.233112558945511861e-01 5.431488109629567518e-01 5.861907067210000433e-01 6.525779969689415871e-01
9.218462088449846936e-02 1.980566508161545336e-01 3.653680553124786234e-01 4.602785679959085496e-01 5.049430138551371794e-01 5.271324661534581013e-01 5.279551748841286862e-01 5.282893585389204505e-01 5.454854370847836975e-01 5.866730787414047299e-01 6.521101138231327754e-01
9.345726237314694318e-02 2.217013842664635470e-01 3.930615412550388377e-01 4.834354979282931564e-01 5.230117357388459620e-01 5.401031428464454498e-01 5.362205308395272541e-01 5.323463372719708930e-01 5.472938935723716813e-01 5.868217780556068686e-01 6.515015603703869784e-01
9.574079838923733876e-02 2.468058825117325494e-01 4.199790445373356440e-01 5.046175662401234385e-01 5.389731494641637477e-01 5.512140269257010949e-01 5.431284931657012205e-01 5.356256119235993651e-01 5.486623630361715520e-01 5.866898068733826799e-01 6.507833339037870646e-01
9.914702436165800936e-02 2.731208085348678094e-01 4.457447187906827812e-01 5.236999549381722296e-01 5.528906975960823367e-01 5.606333941240949637e-01 5.488564492604823819e-01 5.382532311849075324e-01 5.496649159601908474e-01 5.863221570264356419e-01 6.499818930327511124e-01
1.037755093106627474e-01 3.003451579905040969e-01 4.700315768805825023e-01 5.406453635808566860e-01 5.648834088343201998e-01 5.685454903385550596e-01 5.535718122524682094e-01 5.403379774258280088e-01 5.503633723382171938e-01 5.857571659456221047e-01 6.491197828226290545e-01
1.097119567885624508e-01 3.281330438889374368e-01 4.925784642414233194e-01 5.554940823722070986e-01 5.751085119165743054e-01 5.751372563611797384e-01 5.574272276147232974e-01 5.419724452118495073e-01 5.508091038713446297e-01 5.850276701334691243e-01 6.482161584100880614e-01
1.170260785102883172e-01 3.561050853592473420e-01 5.132010002505961177e-01 5.683489133624054501e-01 5.837448606267833240e-01 5.805885361144139667e-01 5.605582505023474216e-01 5.432346474408030756e-01 5.510446839222391535e-01 5.841619694876123425e-01 6.472872253360213435e-01
1.257690908213933423e-01 3.838639890789798392e-01 5.317954637624383585e-01 5.793576559040979346e-01 5.909787598982646495e-01 5.850656801540203844e-01 5.630828516483616930e-01 5.441898290615085898e-01 5.511053446746555506e-01 5.831846224032430914e-01 6.463466124805191670e-01
1.359710360996589096e-01 4.110132228408662214e-01 5.483357016922861815e-01 5.886956770932632033e-01 5.969930156049980674e-01 5.887180538202865243e-01 5.651021417312460660e-01 5.448922797735581414e-01 5.510202334744168651e-01 5.821170935927878487e-01 6.454056909887292415e-01
1.476382089718288049e-01 4.371770770807753004e-01 5.628641516742622919e-01 5.965504731013119288e-01 6.019593569259549248e-01 5.916767782412192256e-01 5.667018073231929742e-01 5.453870242752791864e-01 5.508134786726786025e-01 5.809782760821267100e-01 6.444738501652905738e-01
1.607510189716247206e-01 4.620200337998218165e-01 5.754787782128827356e-01 6.031093369643657498e-01 6.060339019217048095e-01 5.940550197677784139e-01 5.679538792746221532e-01 5.457113305407801374e-01 5.505050842249293863e-01 5.797849071634822993e-01 6.435587391054353734e-01
1.752626318279105200e-01 4.852633165534401827e-01 5.863180128954672554e-01 6.085504998227369011e-01 6.093550760471218020e-01 5.959492333917852935e-01 5.689185761171707822e-01 5.458960168654610756e-01 5.501116754285326760e-01 5.785518959558950680e-01 6.426664808801062501e-01
1.910986880665370147e-01 5.066968134158323922e-01 5.955456696776940673e-01 6.130375432826983273e-01 6.120433163489732431e-01 5.974409000298048777e-01 5.696460651838051170e-01 5.459665622292447784e-01 5.496471180054524064e-01 5.772925780494383430e-01 6.418018644237230008e-01
2.081582962440737816e-01 5.261851975747312560e-01 6.033373810726097020e-01 6.167165386929428506e-01 6.142019425781337638e-01 5.985984352636140038e-01 5.701780580827399136e-01 5.459440369489190203e-01 5.491230308687593542e-01 5.760189106834816553e-01 6.409685178893299584e-01
2.263163496253133844e-01 5.436678948387271282e-01 6.098695248859179463e-01 6.197152345070987556e-01 6.159186909394287479e-01 5.994790653051979001e-01 5.705492069146869127e-01 5.458458757468221956e-01 5.485492103326985447e-01 5.747416201059791785e-01 6.401690661266348226e-01
2.454270455113428950e-01 5.591533976279402518e-01 6.153110346273100717e-01 6.221436291440657351e-01 6.172675400709254356e-01 6.001305559375654797e-01 5.707882981100667052e-01 5.456865162512228862e-01 5.479339807971165266e-01 5.734703111883058257e-01 6.394052740848540362e-01
2.653283314194357367e-01 5.727091329517505214e-01 6.198180182233430369e-01 6.240953697919350285e-01 6.183105825944869016e-01 6.005927423413901511e-01 5.709192574454052815e-01 5.454779245669487686e-01 5.472844843539909077e-01 5.722135480053018863e-01 6.386781773189978972e-01
2.858468962156059390e-01 5.844485303947298815e-01 6.235308004868411746e-01 6.256495537134382223e-01 6.190997950745287248e-01 6.008988468692250118e-01 5.709619874306429699e-01 5.452300271558579992e-01 5.466069194646667739e-01 5.709789128971901606e-01 6.379882003553274394e-01
3.068032879076965647e-01 5.945170499108939355e-01 6.265728555916215692e-01 6.268726416477912178e-01 6.196786312195351476e-01 6.010765940600638624e-01 5.709330604457270031e-01 5.449510655631081280e-01 5.459067368899434003e-01 5.697730504714645372e-01 6.373352634164881625e-01
3.280167730467872800e-01 6.030787431643113150e-01 6.290510744830185574e-01 6.278203038303838968e-01 6.200834106173487292e-01 6.011491430804744018e-01 5.708462902180021503e-01 5.446478878977764060e-01 5.451887994233396428e-01 5.686017020450757631e-01 6.367188778852006514e-01
3.493096363383665359e-01 6.103045250596726978e-01 6.310568737547681550e-01 6.285391018027334242e-01 6.203445036975614446e-01 6.011358616964959101e-01 5.707132020321484811e-01 5.443261886036505626e-01 5.444575106611421189e-01 5.674697351430518788e-01 6.361382308638469096e-01
3.705107256704975871e-01 6.163628430779261036e-01 6.326677543175120988e-01 6.290679651925495941e-01 6.204873286713353808e-01 6.010529658801907482e-01 5.705434193628501349e-01 5.439907060019800733e-01 5.437169170134235063e-01 5.663811718394299310e-01 6.355922592343085098e-01
3.914581557302626025e-01 6.214129635085161585e-01 6.339490278984105665e-01 6.294394572149800693e-01 6.205331827034505920e-01 6.009140472021660129e-01 5.703449819061101600e-01 5.436453853565313965e-01 5.429707863887763830e-01 5.653392189380934685e-01 6.350797137101871215e-01
4.120011844324276140e-01 6.256007245009461704e-01 6.349555273389164700e-01 6.296808417621974074e-01 6.204999310572256732e-01 6.007305074271310774e-01 5.701246074932743158e-01 5.432935137780087187e-01 5.422226664432422405e-01 5.643463022403553131e-01 6.345992134789524286e-01
4.320013704636411211e-01 6.290563710942438380e-01 6.357331939336872129e-01 6.298149738831591016e-01 6.204025767854870477e-01 6.005119168582503386e-01 5.698879081952514802e-01 5.429378321151117071e-01 5.414759249426369658e-01 5.634041064353851880e-01 6.341492921370683877e-01
4.513332032027695395e-01 6.318939834190333560e-01 6.363204903291183046e-01 6.298610382345459779e-01 6.202537311783431484e-01 6.002663102903367243e-01 5.696395690818832902e-01 5.425806280376704871e-01 5.407337746185856275e-01 5.625136214871493401e-01 6.337284357148641467e-01
4.698844532179696776e-01 6.342120078041273423e-01 6.367496236026713996e-01 6.298351594857372060e-01 6.200640024525956306e-01 6.000004320701336491e-01 5.693834965763187039e-01 5.422238137712818151e-01 5.399992848712904525e-01 5.616751957899446257e-01 6.333351136630073208e-01
4.875565025767149563e-01 6.360944639792183164e-01 6.370475845156836625e-01 6.297509064504286380e-01 6.198423175122887985e-01 5.997199397629335849e-01 5.691229421046108961e-01 5.418689913645179379e-01 5.392753827511453935e-01 5.608885958378998504e-01 6.329678037259806045e-01
5.042648667228141202e-01 6.376124949030195221e-01 6.372370200329449119e-01 6.296197089319280904e-01 6.195961892233747825e-01 5.994295742755065826e-01 5.688606057481205847e-01 5.415175079327877450e-01 5.385648457936991207e-01 5.601530717138865079e-01 6.326250116586530359e-01
5.199400167743595258e-01 6.388260228195187240e-01 6.373369607322502128e-01 6.294512034622108398e-01 6.193319395914085312e-01 5.991333029446445080e-01 5.685987238178218384e-01 5.411705029981502824e-01 5.378702894331655049e-01 5.594674273549914423e-01 6.323052867475661420e-01
5.345284723566905427e-01 6.397853602505034765e-01 6.373634253981483866e-01 6.292535215368503243e-01 6.190548874951926628e-01 5.988344410087814707e-01 5.683391436364577665e-01 5.408289497935085954e-01 5.371941518077425481e-01 5.588300942880668476e-01 6.320072340725307880e-01
5.479939924293129039e-01 6.405326909694208926e-01 6.373299237003351436e-01 6.290335316641401109e-01 6.187695081484069215e-01 5.985357559610937628e-01 5.680833882790750078e-01 5.404936921687075735e-01 5.365386787074697406e-01 5.582392073274735633e-01 6.317295243737515165e-01
5.603185824911304236e-01 6.411033828682852764e-01 6.372478754675420243e-01 6.287970445115717011e-01 6.184795701397560741e-01 5.982395584458566340e-01 5.678327135174261464e-01 5.401654784525692365e-01 5.359059111036075240e-01 5.576926805508287677e-01 6.314709022557055684e-01
5.715029940625095950e-01 6.415271246403675409e-01 6.371269622401811716e-01 6.285489885414242694e-01 6.181882546273871348e-01 5.979477825082081255e-01 5.675881586666299272e-01 5.398449932031663678e-01 5.352976770476760571e-01 5.571882816732832699e-01 6.312301932395720794e-01
5.815664331214700500e-01 6.418288951840742662e-01 6.369754237614635439e-01 6.282935616613073426e-01 6.178982599301732215e-01 5.976620570551212097e-01 5.673505923800441497e-01 5.395328871398024084e-01 5.347155886933008251e-01 5.567237026929028332e-01 6.310063098566257578e-01
5.905453113411325283e-01 6.420297823664200543e-01 6.368003089430113173e-01 6.280343624958070192e-01 6.176118933086007790e-01 5.973837692909281794e-01 5.671207536520473935e-01 5.392298046598653638e-01 5.341610438252750725e-01 5.562966243817289991e-01 6.307982565638684536e-01
5.984910396461672333e-01 6.421476694551255804e-01 6.366076877120864230e-01 6.277745029314297787e-01 6.173311501995679684e-01 5.971141196993946521e-01 5.668992874081658639e-01 5.389364072627973457e-01 5.336352297737370076e-01 5.559047719160903345e-01 6.306051328092269204e-01
6.054670383086521168e-01 6.421978056649938482e-01 6.364028272210526804e-01 6.275167017690517213e-01 6.170577797405520926e-01 5.968541670244272845e-01 5.666867732246948508e-01 5.386533901340302410e-01 5.331391263101369349e-01 5.555459588231821400e-01 6.304261331783661548e-01
6.115452800858983684e-01 6.421932738861263479e-01 6.361903335498985124e-01 6.272633579698249084e-01 6.167933344138629703e-01 5.966048609470261388e-01 5.664837451621589359e-01 5.383814884359080510e-01 5.326735035498563198e-01 5.552181166807794721e-01 6.302605433660598555e-01
6.168027572827319283e-01 6.421453654248913123e-01 6.359742587560223148e-01 6.270166015340880028e-01 6.165392014657407049e-01 5.963670601256969572e-01 5.662907007062476517e-01 5.381214699453802375e-01 5.322389114881116434e-01 5.549193088548711739e-01 6.301077308887211847e-01
6.213182497232611068e-01 6.420638697829097463e-01 6.357581733732078355e-01 6.267783208761540381e-01 6.162966147378026172e-01 5.961415342459059907e-01 5.661080976149573951e-01 5.378741119268878323e-01 5.318356597917665018e-01 5.546477280962983647e-01 6.299671300886763303e-01
6.251696726512809832e-01 6.419572878626000900e-01 6.355452063811731778e-01 6.265501677269657010e-01 6.160666477351858239e-01 5.959289507383054296e-01 5.659363390955014506e-01 5.376401625928276529e-01 5.314637896119074334e-01 5.544016799108089089e-01 6.298382220347112925e-01
6.284321330565578734e-01 6.418329794519208598e-01 6.353380578662559675e-01 6.263335437067689693e-01 6.158501917412430027e-01 5.957298495032786745e-01 5.657757498852311606e-01 5.374202907680963870e-01 5.311230426659481196e-01 5.541795558465087979e-01 6.297205111722911086e-01
