1.627909313422116113e-17 1.338658419240689757e-16 6.115653253060908497e-17 5.120407244063359317e-19 2.806448780224181696e-19 1.651372077330064241e-19 1.113481819556341593e-19 1.234554744155820330e-19 3.283703852605242251e-19 1.306984908135131198e-18 7.635161064316801610e-18
2.307521010277640410e-17 1.897519185169821258e-16 8.668732269702795656e-17 7.259558208220051408e-19 3.983361462248074094e-19 2.357319091921315686e-19 1.645992236520554720e-19 2.121516734956038599e-19 6.333924055470586196e-19 2.599838420165963974e-18 1.521235300545886264e-17
3.270854309777309721e-17 2.689694161813842542e-16 1.228761820584369660e-16 1.029325162744509910e-18 5.656921926204984111e-19 3.374654580813601277e-19 2.469112497918885442e-19 3.753894322246077191e-19 1.234923279829002395e-18 5.179121905078154242e-18 3.023634955084730498e-17
4.636356660343814795e-17 3.812589350223596719e-16 1.741722867291955396e-16 1.459643228044613175e-18 8.039815443868748764e-19 4.850190481078787951e-19 3.773121333475833975e-19 6.821280648385627347e-19 2.426562841192138778e-18 1.032108897004970829e-17 5.990770492476207343e-17
6.571925057886119982e-17 5.404277848204572223e-16 2.468820025393049598e-16 2.070206953592717353e-18 1.143890123361384273e-18 7.008993686604202346e-19 5.897342494752414501e-19 1.268205555943748898e-18 4.793848620067972491e-18 2.055583967851133542e-17 1.182263922278047861e-16
9.315550585378487497e-17 7.660479336370736452e-16 3.499440395574495104e-16 2.936862513784652870e-18 1.629995091218520925e-18 1.020417488400764804e-18 9.462578407913777959e-19 2.402437926862342704e-18 9.503230486901313025e-18 4.087880513788090919e-17 2.322074154297645211e-16
1.320458201380352108e-16 1.085862962187046964e-15 4.960280806218557448e-16 4.167718807392247301e-18 2.327653032233865941e-18 1.500473590124314358e-18 1.562950690421492613e-18 4.618289560667756248e-18 1.887375587039254332e-17 8.110434179763927920e-17 4.535395610867825586e-16
1.871720709558016856e-16 1.539200134891196971e-15 7.030918255491506480e-16 5.917216922967308682e-18 3.333861418332198679e-18 2.235477615668997793e-18 2.660646975960093399e-18 8.975781858814650977e-18 3.750274583000221198e-17 1.604020236189030358e-16 8.801951900385908417e-16
2.653125283099384842e-16 2.181807407209386326e-15 9.965876528112223088e-16 8.406676355574647543e-18 4.794858252774250245e-18 3.386877210461169378e-18 4.665206557499729658e-18 1.758120013664498850e-17 7.446976459857994206e-17 3.159619379827594122e-16 1.695971179164959582e-15
3.760753620425072533e-16 3.092710609349064725e-15 1.412589793695597570e-15 1.195462794817630489e-17 6.935492412480105358e-18 5.238969540902873074e-18 8.406001107543955138e-18 3.461484403650130149e-17 1.476230703101926410e-16 6.193831936313817817e-16 3.241842514037515324e-15
5.330801686011692080e-16 4.383934814969279533e-15 2.002225785284216887e-15 1.702223446967862844e-17 1.010972868263034852e-17 8.305959448467902566e-18 1.550924090303527354e-17 6.835453434426525281e-17 2.918523373430246893e-16 1.207331393547817694e-15 6.142825866682599708e-15
7.556328473305022831e-16 6.214286721735242393e-15 2.837955806555287825e-15 2.428253325236627107e-17 1.489002253726091340e-17 1.353956583616393570e-17 2.917698816662906538e-17 1.351381146768361114e-16 5.749162607577124019e-16 2.338208170442732129e-15 1.153000012409702561e-14
1.071099860630053360e-15 8.808895311292887090e-15 4.022469812438423586e-15 3.472832535109012523e-17 2.222960973134333502e-17 2.273464931427424511e-17 5.572714996192316640e-17 2.670731401042217840e-16 1.127431416898741856e-15 4.495561283948831593e-15 2.142259756912255584e-14
1.518273985065175086e-15 1.248691796962108343e-14 5.701292753517751159e-15 4.984461099296971762e-17 3.376369452459617349e-17 3.932543967525484891e-17 1.076282827229016829e-16 5.269256961885086385e-16 2.199087245771737996e-15 8.574193355359315084e-15 3.937401120611706490e-14
2.152145713394083963e-15 1.770082644317402206e-14 8.080641626951666333e-15 7.189203764125864623e-17 5.237821422804040991e-17 6.995199494361966090e-17 2.094543352088550810e-16 1.036630316216845149e-15 4.262798585931206146e-15 1.621019395695164356e-14 7.154374653373903310e-14
3.050667559027460302e-15 2.509211616006050038e-14 1.145271985023738292e-14 1.043866487577968602e-16 8.329793744236902135e-17 1.275425205781965990e-16 4.095049042747139892e-16 2.031366250749459272e-15 8.205252033984905809e-15 3.035707921264111576e-14 1.284413887035005850e-13
4.324344020309820034e-15 3.557031060714893623e-14 1.623154261778120307e-14 1.529353803118573444e-16 1.361868286229981563e-16 2.373686600056223539e-16 8.023322178335758080e-16 3.961057103565995479e-15 1.567081186984344423e-14 5.627497279585642025e-14 2.277054559311020813e-13
6.129828237103363474e-15 5.042501105737391195e-14 2.300367219920782403e-14 2.267295263168495273e-16 2.292244633375826710e-16 4.489031874268464388e-16 1.572077520853979352e-15 7.678714757471616806e-15 2.967328883471744268e-14 1.031993443732678353e-13 3.984352175423293144e-13
8.689200544717205956e-15 7.148482807497530035e-14 3.260006172343604099e-14 3.412744309607999068e-16 3.970366569028503883e-16 8.589324742397489935e-16 3.075114091202975056e-15 1.478563147202160609e-14 5.566757317722256203e-14 1.871044002495723370e-13 6.877889600817209673e-13
1.231730551769029789e-14 1.013428320599464191e-13 4.619778362019111851e-14 5.234679309589192814e-16 7.061220405159356918e-16 1.656337587185028598e-15 5.996117278639225779e-15 2.825568059821264229e-14 1.033964210741583025e-13 3.351905234272568320e-13 1.170791878171863211e-12
1.746051995134546379e-14 1.436763960703524505e-13 6.546407457793422055e-14 8.211724978833958011e-16 1.284789659851944988e-15 3.208234389523624322e-15 1.163964861432225880e-14 5.354847957201192707e-14 1.900186473311601019e-13 5.930225929693984956e-13 1.964542246469532676e-12
2.475173885017283584e-14 2.037009990952781744e-13 9.276032325515984842e-14 1.321413333436003285e-15 2.381013177257651902e-15 6.224285874152722335e-15 2.246857982203956632e-14 1.005644814722032621e-13 3.453122002603836508e-13 1.035640726938096930e-12 3.248229496405642853e-12
3.508837720716986263e-14 2.888141680254914558e-13 1.314310288514707562e-13 2.185137400655456952e-15 4.473581674794644622e-15 1.206716455717096671e-14 4.308583904356686988e-14 1.870242990769283367e-13 6.201636909378261013e-13 1.784461188153875703e-12 5.290524236497160214e-12
4.974304562865597702e-14 4.095093362968896897e-13 1.862133498907319466e-13 3.713689065192147558e-15 8.484092548383518799e-15 2.333300469447317289e-14 8.200043408789008738e-14 3.442118964750809828e-13 1.100142425111770944e-12 3.032367260183257711e-12 8.485888199142369684e-12
7.052063085160369476e-14 5.806729500397995600e-13 2.638181041536546742e-13 6.475741861159573711e-15 1.617781588707559225e-14 4.492417719354013632e-14 1.547587964917455997e-13 6.265627351714150587e-13 1.926745114459678163e-12 5.080009845673894060e-12 1.340108682644316035e-11
9.998131990650917469e-14 8.234259096114132250e-13 3.737551794953372286e-13 1.154870735200640258e-14 3.091433130446926674e-14 8.600731932347382866e-14 2.894126744801393558e-13 1.127373075413298117e-12 3.329903530194089809e-12 8.386901570067126429e-12 2.083257699429683722e-11
1.417574023743734629e-13 1.167738529246540678e-12 5.295086579809573868e-13 2.097513051745578988e-14 5.903795869935954436e-14 1.635394463560934930e-13 5.359137740918536765e-13 2.004033814557392128e-12 5.676551235720957441e-12 1.364124655588611211e-11 3.187442964618533879e-11
2.010035613613990775e-13 1.656145545781923351e-12 7.502148187991776101e-13 3.861893777506681963e-14 1.124229486137321701e-13 3.085275374717208549e-13 9.819817292088017957e-13 3.517726886744122535e-12 9.541364512465900436e-12 2.185239484454105257e-11 4.799505239154140224e-11
2.850374146824063740e-13 2.349027378611198568e-12 1.063067897033403402e-12 7.175727948798243226e-14 2.130732157273252894e-13 5.769726004309955320e-13 1.779427535087666698e-12 6.094514304978761441e-12 1.580705194497220973e-11 3.446910214540853877e-11 7.111934999697588774e-11
4.042516367621873116e-13 3.332125162149563696e-12 1.506787308252569472e-12 1.340093849031314704e-13 4.013219888628093788e-13 1.068697699012216057e-12 3.187001137658521714e-12 1.041718811311949011e-11 2.580247443875573262e-11 5.352517791172679731e-11 1.037114249121192961e-10
5.734145529831705138e-13 4.727248825252741042e-12 2.136647270768702001e-12 2.506639176082386267e-13 7.502373278515588631e-13 1.959191931088526872e-12 5.638756369046916462e-12 1.756001155031218687e-11 4.148701379512166227e-11 8.181147450621168164e-11 1.488519927359807912e-10
8.135278499407613058e-13 6.707562759360044332e-12 3.031829475053191305e-12 4.682488856531632905e-13 1.390542771328097840e-12 3.552508211120687187e-12 9.850856753226505659e-12 2.918127478842653685e-11 6.568845447025471870e-11 1.230695706620124629e-10 2.103050489013934796e-10
1.154485841879104544e-12 9.519456909974599158e-12 4.306266150939404733e-12 8.714940102521386537e-13 2.553031612971881699e-12 6.367483475411746348e-12 1.698476956278817458e-11 4.779089201644993575e-11 1.023986641798747226e-10 1.821983361963145912e-10 2.925707142245147474e-10
1.638892557350285478e-12 1.351392862592665632e-11 6.124780898575234098e-12 1.612970136109693588e-12 4.639525590331328569e-12 1.127548882844009208e-11 2.889082642443551502e-11 7.711129956505118592e-11 1.571261602193342138e-10 2.654606896907942562e-10 4.009262316223993154e-10
2.327559196192791949e-12 1.919175430544129277e-11 8.727343069753292337e-12 2.964103360651834744e-12 8.339460706984508812e-12 1.971590883229875766e-11 4.846278025916582737e-11 1.225486629953645476e-10 2.372972133687284865e-10 3.806756335197193142e-10 5.414650511042008836e-10
3.307453814114069075e-12 2.726872625073291083e-11 1.246583626583958177e-11 5.401589204642617580e-12 1.481782739399192528e-11 3.402577303918845744e-11 8.014043005917415847e-11 1.917867453888933742e-10 3.526881232248149027e-10 5.373818352922751343e-10 7.211544916669492398e-10
4.703251857087708020e-12 3.877016331097092832e-11 1.786021634873477305e-11 9.751333031568133890e-12 2.601212425281816160e-11 5.793223784024509610e-11 1.306022154903525241e-10 2.955067750765417640e-10 5.158623024842342322e-10 7.469655100468742698e-10 9.479445096515366907e-10
6.694209634812566729e-12 5.516818245095035086e-11 2.568476108861480634e-11 1.742400926125811450e-11 4.509174853035690237e-11 9.727013834206930371e-11 2.096908804052613657e-10 4.482229197826708664e-10 7.425795518094633753e-10 1.022758668998060487e-09 1.230971789431705673e-09
9.538960711439926833e-12 7.858139340303390280e-11 3.710095292448677949e-11 3.079344512595409653e-11 7.715299722414939391e-11 1.609998694318896693e-10 3.316103410842355392e-10 6.692053258089927376e-10 1.052145123983553668e-09 1.380134468736534686e-09 1.580912392847937323e-09
1.361218426076530926e-11 1.120654686355239519e-10 5.386230191780277774e-11 5.379262234155014244e-11 1.302459756437226017e-10 2.626104918891330193e-10 5.164181240481770037e-10 9.834436700126272005e-10 1.467677111424677769e-09 1.836653332287799189e-09 2.010540341139803839e-09
1.945917079966529501e-11 1.600353481627698354e-10 7.862932047730850630e-11 9.283323006631595610e-11 2.168543336699503478e-10 4.219949765609593419e-10 7.918131341111518166e-10 1.422588543642297566e-09 2.016296131035767938e-09 2.412343641524979473e-09 2.535547395746901983e-09
2.787750355999151456e-11 2.288767485458025892e-10 1.154514346431981055e-10 1.581937204392734118e-10 3.559712203400641534e-10 6.678736286348193899e-10 1.195182798302102880e-09 2.025802683535697626e-09 2.729283185330118198e-09 3.130229191358659630e-09 3.175671220553786782e-09
4.003996676272607035e-11 3.278274012387030630e-10 1.704986647301546890e-10 2.660665440384211052e-10 5.759293192766342414e-10 1.040812467143241890e-09 1.775829683211489313e-09 2.840467522476594812e-09 3.642308606001092336e-09 4.017236329401676341e-09 3.956167467010571849e-09
5.768024738657010442e-11 4.702383913860021055e-10 2.531613709229994930e-10 4.415040529333810521e-10 9.181412206631174566e-10 1.596831496617630577e-09 2.597252932148122211e-09 3.922731056443368134e-09 4.795901397376259595e-09 5.105621442801037659e-09 4.909650702823727550e-09
8.337426677650248683e-11 6.753644526317253746e-10 3.776830173177030238e-10 7.225473327566876990e-10 1.441879054768978192e-09 2.411522941064845555e-09 3.739327170759921066e-09 5.337956322267733212e-09 6.236393869302366503e-09 6.435051460371929265e-09 6.078325588771776211e-09
1.209668477040054504e-10 9.708803082406668638e-10 5.655498910473025783e-10 1.165851510858135124e-09 2.230159810686222689e-09 3.584507856098188267e-09 5.300218841662227637e-09 7.161235999837566070e-09 8.017627922417769098e-09 8.055448076924093385e-09 7.516639635496607740e-09
1.762183863659608060e-10 1.396379020375477203e-09 8.489327933314583406e-10 1.854118974141971225e-09 3.396698990872142753e-09 5.243966973696479475e-09 7.397928096862406873e-09 9.478269864268054660e-09 1.020373359462112674e-08 1.003067779778248642e-08 9.294417288563155398e-09
2.577826725244967750e-10 2.008178141428639739e-09 1.275556421351081931e-09 2.905599310111551513e-09 5.093751980656549634e-09 7.550915483348131758e-09 1.017146265777727285e-08 1.238704099517015048e-08 1.287327895764102891e-08 1.244314709951894142e-08 1.150058439171180883e-08
3.786795575072165024e-10 2.885839734436650497e-09 1.915456829031332277e-09 4.485792780493718519e-09 7.520494756230370918e-09 1.070288965276600629e-08 1.378184962894420996e-08 1.600084938959370438e-08 1.612504385311247754e-08 1.539936044916301998e-08 1.424766136571385085e-08
5.585007930842712182e-10 4.140899381635524843e-09 2.870166457620582888e-09 6.821290300095298877e-09 1.093143647212698683e-08 1.493681941166800327e-08 1.841346798806051587e-08 2.045334113934184726e-08 2.008560137530790498e-08 1.903653353418987167e-08 1.767728893881256952e-08
8.266916997839578880e-10 5.928394066232881943e-09 4.284926325251654890e-09 1.021540021653526203e-08 1.564425969239255165e-08 2.053111488898568209e-08 2.427651320058204723e-08 2.590618643514681856e-08 2.491882606850091478e-08 2.353043532852851739e-08 2.196714683624437892e-08
1.227394901587272895e-09 8.461874720638632439e-09 6.364549939977628952e-09 1.506487988750877138e-08 2.204652080589473878e-08 2.780741797770975527e-08 3.161173867975925423e-08 3.256000396979263757e-08 3.083742078835615100e-08 2.910476372390777692e-08 2.733972922984592224e-08
1.826536772199215857e-09 1.203268044902766159e-08 9.393537635724100385e-09 2.187677355588678740e-08 3.060089192186193440e-08 3.713305036832134685e-08 4.069889290315747408e-08 4.066901887036896719e-08 3.811660051738567202e-08 3.604253553049724562e-08 3.407354995613506879e-08
2.722096220197570904e-09 1.703433170753238976e-08 1.376095337296928438e-08 3.128416389008315172e-08 4.184915293284766356e-08 4.892586987066363662e-08 5.187042030780303351e-08 5.055981735140187058e-08 4.711021853253183044e-08 4.470018192535695035e-08 4.251746953915025847e-08
4.058834927766923338e-09 2.399296416500650503e-08 1.999043198756031968e-08 4.405971500785743887e-08 5.641597777887630518e-08 6.366392285615607622e-08 6.553197244855951733e-08 6.265448590775383964e-08 5.826987971977392594e-08 5.552527278104271129e-08 5.310897463051363183e-08
6.049206266469728979e-09 3.360477292150185615e-08 2.877550903209321947e-08 6.112637688868612493e-08 7.501466778632776032e-08 8.190281488863652144e-08 8.219107978606426344e-08 7.749846704624546790e-08 7.216794978760485269e-08 6.907903996830874424e-08 6.639741360409449943e-08
9.002717193884935434e-09 4.678147590015599135e-08 4.102031376948040714e-08 8.356566846921320832e-08 9.845825114945616225e-08 1.043039758353369649e-07 1.024950204113777358e-07 9.579369040028838620e-08 8.952581380674869592e-08 8.606513234261167081e-08 8.307341871717705221e-08
1.336671631350860262e-08 6.470485647667689978e-08 5.788562942605854906e-08 1.126256178462053886e-07 1.276805951863525459e-07 1.316768772701698925e-07 1.272786100424894217e-07 1.184379861674750304e-07 1.112492324490189022e-07 1.073663276655138843e-07 1.040060469906737273e-07
1.978244786767064853e-08 8.889154798756796609e-08 8.084052630002059542e-08 1.497326423620658280e-07 1.637731216832933613e-07 1.650377709299943300e-07 1.576224951610507972e-07 1.465724607873334546e-07 1.384731658566041696e-07 1.340912755685824574e-07 1.302895717563409075e-07
2.916127584629972825e-08 1.212694381085915292e-07 1.117203542342872329e-07 1.965141632986779961e-07 2.080431421489328414e-07 2.056867896417846977e-07 1.949227379034183722e-07 1.816393819524855930e-07 1.726189796373808268e-07 1.676337874289645356e-07 1.633023790074460951e-07
4.278728060613969651e-08 1.642674842536802862e-07 1.527929770239153728e-07 2.548411733524902109e-07 2.620996002420012067e-07 2.553045529974130177e-07 2.409731833526057592e-07 2.254541296152654825e-07 2.154675405355264229e-07 2.097477673877618184e-07 2.047810939610769925e-07
6.245400612543797591e-08 2.209214481657027598e-07 2.068368397465908402e-07 3.269018175138816765e-07 3.279711605072850316e-07 3.160691119818790061e-07 2.980633675046630189e-07 2.802958715720818630e-07 2.692524077286830705e-07 2.626416422694535174e-07 2.569139147371384155e-07
9.064504208549629842e-08 2.949991985462592606e-07 2.772368058059345549e-07 4.153178478303395834e-07 4.082603816220663797e-07 3.907945319611630590e-07 3.690965302158818599e-07 3.490227943401717223e-07 3.367782131690580403e-07 3.290971502283257118e-07 3.224582004421646175e-07
1.307704226496700300e-07 3.911509167480449111e-07 3.681066130944451540e-07 5.233153093980990072e-07 5.063366465504200906e-07 4.830939558641836374e-07 4.577345281124289304e-07 4.352189898221028494e-07 4.215705025019269524e-07 4.126186492818203233e-07 4.048887003119047061e-07
1.874735780577740059e-07 5.150918817755314380e-07 4.844501110529606880e-07 6.549591168752985484e-07 6.265702236281966318e-07 5.975727476074378550e-07 5.685789430191010202e-07 5.433815538826291442e-07 5.280648865502876274e-07 5.176207802087120112e-07 5.085844851181016274e-07
2.670268430595903154e-07 6.738285905344435509e-07 6.323769194652013962e-07 8.154588659599042530e-07 7.746109396420899812e-07 7.400612195039067285e-07 7.074003257803322882e-07 6.791582420755084644e-07 6.618454430813204044e-07 6.496644540390339440e-07 6.390647393804998441e-07
3.778373363276648737e-07 8.759428358206943595e-07 8.193915592661709165e-07 1.011551318133345212e-06 9.577179401112641510e-07 9.179012402702150298e-07 8.814302784762137563e-07 8.496483461287719013e-07 8.299450204754390948e-07 8.157538466265563698e-07 8.032862077100890482e-07
5.310893467898218899e-07 1.131953032073791189e-06 1.054778290804460082e-06 1.251964797932547202e-06 1.185152088723749788e-06 1.140306350830667072e-06 1.099734088236769023e-06 1.063782530912220212e-06 1.041223545639512467e-06 1.024710515019397515e-06 1.010018408389040680e-06
7.415540692759403151e-07 1.454777542146498251e-06 1.350106869953908423e-06 1.547973520196825596e-06 1.468649582661416137e-06 1.418820573407330583e-06 1.373685178510464716e-06 1.332801453771569776e-06 1.306844763693790910e-06 1.287645081273250833e-06 1.270316918499911963e-06
1.028602364508811935e-06 1.860331024202423396e-06 1.719887445225926054e-06 1.914056516798945447e-06 1.823003940972407645e-06 1.767906760431458896e-06 1.717567173811477795e-06 1.670858339215775215e-06 1.640877212015408123e-06 1.618552380187853804e-06 1.598120329829035345e-06
1.417460773220368419e-06 2.368291954191858555e-06 2.182406376150548144e-06 2.368686612563835960e-06 2.266793187543545282e-06 2.205701263118509161e-06 2.149335400447142754e-06 2.095777584479549729e-06 2.061051898700977626e-06 2.035062811632893799e-06 2.011003161110846781e-06
1.940754776506345680e-06 3.003087677481676903e-06 2.760779599748168218e-06 2.935289343823450776e-06 2.823299482434464543e-06 2.754978416240080413e-06 2.691577711469552635e-06 2.630010243198397786e-06 2.589717457248525043e-06 2.559391215335184924e-06 2.531125447823248985e-06
2.640385760501269618e-06 3.795152987586217026e-06 3.484267241790763597e-06 3.643428816757579123e-06 3.521679712623709515e-06 3.444376668069149301e-06 3.372725160907255420e-06 3.301838254483951372e-06 3.255043959590460815e-06 3.219535322130512385e-06 3.186430365956292607e-06
3.569789064193172889e-06 4.782529965108137007e-06 4.389903536009230340e-06 4.530296136852710630e-06 4.398458199962830813e-06 4.309949215734384694e-06 4.228576790387148617e-06 4.146893030894066541e-06 4.092539725265528093e-06 4.050789271000102465e-06 4.012154654757498532e-06
4.796620262680313964e-06 6.012891593342968676e-06 5.524510972920391712e-06 5.642595485659169102e-06 5.499427807937242794e-06 5.397116980723548819e-06 5.304220219587131627e-06 5.210071117596496313e-06 5.146962187902579004e-06 5.097654508857573489e-06 5.052733522143220751e-06
6.405917037358165992e-06 7.546090797214559396e-06 6.947188300349426999e-06 7.038943361804843633e-06 6.882064853268251966e-06 6.763122008254417243e-06 6.656451600073222933e-06 6.547950925539706094e-06 6.474725196805265276e-06 6.416251507039288186e-06 6.364203090061077823e-06
8.503787952154470147e-06 9.457361668457439871e-06 8.732390114525987086e-06 8.792919332478206377e-06 8.618588176907756996e-06 8.480106282648570637e-06 8.356825831334241292e-06 8.231841152936320274e-06 8.146932288330273501e-06 8.077362300064200849e-06 8.017230466321644940e-06
1.122169281830018811e-05 1.184133269603625856e-05 1.097375318195558209e-05 1.099693448392769965e-05 1.079982550955010260e-05 1.063897598257817582e-05 1.049550217807833847e-05 1.035162494810792343e-05 1.025319995948618071e-05 1.017026738885183957e-05 1.010093572051901447e-05
1.472141021296254323e-05 1.481705505019064698e-05 1.378887349554129674e-05 1.376712023484317323e-05 1.354009303191340644e-05 1.335425598925113987e-05 1.318609349049050296e-05 1.302060610517144277e-05 1.290647862836446386e-05 1.280758299353544725e-05 1.272771326115838993e-05
1.920084638328945260e-05 1.853430486705918189e-05 1.732530080841740802e-05 1.724948950693739911e-05 1.698334913117793379e-05 1.677019596881357150e-05 1.657178158957223885e-05 1.638161714413923986e-05 1.624913399593495641e-05 1.613135845168553806e-05 1.603931465429184595e-05
2.490093746509246779e-05 2.318148983745856604e-05 2.176809651126342360e-05 2.162768885601640604e-05 2.131095347318118783e-05 2.106846007687623312e-05 2.083303010461759564e-05 2.061471715100387795e-05 2.046062069554300194e-05 2.032076180253129680e-05 2.021452360700876080e-05
3.211404386452552148e-05 2.899558039918509236e-05 2.734939867251112646e-05 2.713274840088692786e-05 2.675145082093123005e-05 2.647782054541012942e-05 2.619731282075245601e-05 2.594689355529088143e-05 2.576716688090100049e-05 2.560176801748955175e-05 2.547884011723629218e-05
4.119443817321008294e-05 3.627459819692952354e-05 3.436055720206496796e-05 3.405535042287393050e-05 3.359290935227369742e-05 3.328638532968858013e-05 3.295138471827517812e-05 3.266429110540707746e-05 3.245399701487264809e-05 3.225937338003385870e-05 3.211669888135412412e-05
5.257174574053805614e-05 4.539333362713006328e-05 4.316754485080412428e-05 4.276128140067931481e-05 4.219848009128274635e-05 4.185702681645190725e-05 4.145675925718772449e-05 4.112762829552176440e-05 4.088075564821015738e-05 4.065299628410376227e-05 4.048688198850228432e-05
6.676850054985068164e-05 5.682313528963735017e-05 5.423051891508417512e-05 5.371090994899535716e-05 5.302601257346169813e-05 5.264684821292274801e-05 5.216922436001374358e-05 5.179163189934723224e-05 5.150096306574495502e-05 5.123589470324215074e-05 5.104195340452111771e-05
8.442330891965038673e-05 7.115682217110536111e-05 6.812860738299276000e-05 6.748374815486187872e-05 6.665276710816622557e-05 6.623173234508601930e-05 6.566343601061972368e-05 6.522952923409695760e-05 6.488653981251259000e-05 6.457963895680583354e-05 6.435274842240591448e-05
1.063214414922477224e-04 8.914001800236908974e-05 8.559122492953788691e-05 8.480940793507929195e-05 8.380650952953252943e-05 8.333726779360489624e-05 8.266387566216016442e-05 8.216388849583569436e-05 8.175868491528195947e-05 8.140492838561459569e-05 8.113919906515349096e-05
1.334349654220773340e-04 1.117104950291767480e-04 1.075374887859356329e-04 1.066065542082100744e-04 1.054045587959182110e-04 1.048776374624947155e-04 1.040837438949361962e-04 1.035053878159361091e-04 1.030266803970836985e-04 1.026203300550605020e-04 1.023090650471060063e-04
1.669747449816773852e-04 1.400474282925994883e-04 1.351255929438998629e-04 1.340317687465341810e-04 1.326026685450309691e-04 1.320043704972247698e-04 1.310736747821909223e-04 1.304014097663306628e-04 1.298365090624173639e-04 1.293708329214667051e-04 1.290064562074441678e-04
2.084567354298546399e-04 1.756327653309259953e-04 1.698142812580116020e-04 1.685405363691942131e-04 1.668559256103491510e-04 1.661671626407040152e-04 1.650824577537379528e-04 1.642966635464562797e-04 1.636314775341265191e-04 1.630984158558287250e-04 1.626723403222244118e-04
2.597849111082079139e-04 2.203271333614613664e-04 2.134387658126070256e-04 2.119627731268693019e-04 2.099940664572340799e-04 2.091891855338944060e-04 2.079321714920483459e-04 2.070082560860077943e-04 2.062272564850275687e-04 2.056170468067854780e-04 2.051194537958939818e-04
3.233528040406363747e-04 2.764626946920336042e-04 2.683034302673949103e-04 2.665952949398494036e-04 2.643136067564241451e-04 2.633592914122925822e-04 2.619101287493959284e-04 2.608176260631147551e-04 2.599037453339281701e-04 2.592045237103893663e-04 2.586240315713802715e-04
4.021648071416175879e-04 3.469548841384000374e-04 3.372932045249917889e-04 3.353131414239684627e-04 3.326887151680737792e-04 3.315430421839784311e-04 3.298795688884155865e-04 3.285812878361022197e-04 3.275157058114195208e-04 3.267131022153110451e-04 3.260363122529958465e-04
4.999768190284106968e-04 4.354336572387758710e-04 4.240042340116498623e-04 4.217003663912574532e-04 4.187014805158249396e-04 4.173131944127581841e-04 4.154097590383932213e-04 4.138610484761495950e-04 4.126228305004872501e-04 4.116995740636943298e-04 4.109104970702818073e-04
6.214530220534601876e-04 5.463922423121366466e-04 5.328918875457664458e-04 5.301982877850920433e-04 5.267896227397811295e-04 5.250976594489679570e-04 5.229235773667547825e-04 5.210717642512350091e-04 5.196373221514216266e-04 5.185728671057300131e-04 5.176522504477587333e-04
7.723309867231633544e-04 6.853468029399998425e-04 6.694296266668337990e-04 6.662646432427205521e-04 6.624051664798790611e-04 6.603384198735382871e-04 6.578561373456535792e-04 6.556401798628016045e-04 6.539825436683957853e-04 6.527527206939705805e-04 6.516773130214632706e-04
9.595802130181473088e-04 8.589932383754758866e-04 8.402651492003856406e-04 8.365299880190797720e-04 8.321704938651776177e-04 8.296477856358543124e-04 8.268109300992267834e-04 8.241613078096197108e-04 8.222492201832201208e-04 8.208259126605069178e-04 8.195677198449819031e-04
1.191529124278554877e-03 1.075337118046327915e-03 1.053350057264103388e-03 1.048927543174837636e-03 1.044008062186357541e-03 1.040938259909016117e-03 1.037689850953435163e-03 1.034528697620506772e-03 1.032325574612572103e-03 1.030676418316925705e-03 1.029202020477168900e-03
1.477922398230650282e-03 1.343759522453040174e-03 1.318006141711102960e-03 1.312759608848605361e-03 1.307206968581086856e-03 1.303489210828977013e-03 1.299760386529988203e-03 1.296001867596376870e-03 1.293464708760533148e-03 1.291552820845868772e-03 1.289822837411677909e-03
1.829855327027917573e-03 1.674966381373511285e-03 1.644876251287283710e-03 1.638648618128365044e-03 1.632374488762992773e-03 1.627898527889366787e-03 1.623608185302833533e-03 1.619159139709477283e-03 1.616237517698849470e-03 1.614021280203781824e-03 1.611990088992522330e-03
