1.825250258865176193e-08 4.269597139201414437e-07 3.609085547552913541e-05 4.930470124189215066e-04 3.491726656511843271e-03 1.744168470395932036e-02 1.079515985466515671e-01 4.819381597594987188e-01 8.452792233876054162e-01 9.643061796528804575e-01 9.934427041484065191e-01
2.587254720904502219e-08 6.052235649115107631e-07 5.115506334618413379e-05 6.987156424793868927e-04 4.939925238222412675e-03 2.452246625562215857e-02 1.445942368405188916e-01 5.616778448436652305e-01 8.847759120949834077e-01 9.744491741150405062e-01 9.953297106751235468e-01
3.667384121123471120e-08 8.579228462407093425e-07 7.250546667666618085e-05 9.900765948566410488e-04 6.983160137002687382e-03 3.436477242783703839e-02 1.904135746993912970e-01 6.385711369042055274e-01 9.153201037505199755e-01 9.817567189492318880e-01 9.966668021983112746e-01
5.198453434302533046e-08 1.216143891705649135e-06 1.027637136546505169e-04 1.402732308757948096e-03 9.860349456579282218e-03 4.793964542018747804e-02 2.457996909042168554e-01 7.094019379971471251e-01 9.383919822528680177e-01 9.869895905522320101e-01 9.976139517997851813e-01
7.368729197497408445e-08 1.723959545657832922e-06 1.456432737839956793e-04 1.986974024093323982e-03 1.390087988216107129e-02 6.646463092670373829e-02 3.102429408478912243e-01 7.718375211092777244e-01 9.555042761230231330e-01 9.907211237550092031e-01 9.982851865507441635e-01
1.044508280672510128e-07 2.443857336330848785e-06 2.064026077573707495e-04 2.813737992242253388e-03 1.955360470109639842e-02 9.138504595959100196e-02 3.821858179719655468e-01 8.246541040171638803e-01 9.680224851577948764e-01 9.933748577720959982e-01 9.987614484228827250e-01
1.480581260542454675e-07 3.464438730512729283e-06 2.924848876960498868e-04 3.982871848295674831e-03 2.742014567292046928e-02 1.242787206186526799e-01 4.590920845481799017e-01 8.677052467797775614e-01 9.770874165596465932e-01 9.952592656538874483e-01 9.991000179146111160e-01
2.098717348047519240e-07 4.911341216967143385e-06 4.144195076330316023e-04 5.634501083321530324e-03 3.828816695633554396e-02 1.666443107508766563e-01 5.377376235226024592e-01 9.016842453220882403e-01 9.836041895715837979e-01 9.965967408324785115e-01 9.993413401460022882e-01
2.974934047868156931e-07 6.962734870786665673e-06 5.870893959303187526e-04 7.964446991692913577e-03 5.315493427966577061e-02 2.195528255507185056e-01 6.146551196878009549e-01 9.277922889968770459e-01 9.882658359592473296e-01 9.975464424124279583e-01 9.995139288299371705e-01
4.216992670182893592e-07 9.871313637003362786e-06 8.315063078754795362e-04 1.124472160767330496e-02 7.322368614009250321e-02 2.832002706209282850e-01 6.866290886337010901e-01 9.474249746182651366e-01 9.915899426694410046e-01 9.982216673773270932e-01 9.996378677636728050e-01
5.977657116489839828e-07 1.399551030656668790e-05 1.177285212811947021e-03 1.584994707366524022e-02 9.984696203251391955e-02 3.564897681616669423e-01 7.511330746202035114e-01 9.619441077764598891e-01 9.939563130256308110e-01 9.987027540764124023e-01 9.997272989830870982e-01
8.473492936780246786e-07 1.984381482493599179e-05 1.666068156458993697e-03 2.228979993113994543e-02 1.343878437663899861e-01 4.368435252843438366e-01 8.066125109551631756e-01 9.725485869012492346e-01 9.956401650166222250e-01 9.990465142048032821e-01 9.997921839985223214e-01
1.201152346375664160e-06 2.813771293394002465e-05 2.356212489889890262e-03 3.124572100527468754e-02 1.779822398652183835e-01 5.204199592598605095e-01 8.525518800732094782e-01 9.802249066773467412e-01 9.968391438428638729e-01 9.992930498052222665e-01 9.998395464918786724e-01
1.702702997804875892e-06 3.990109149412881818e-05 3.329112850107515589e-03 4.360635933967394601e-02 2.312218398288975463e-01 6.027550044287643960e-01 8.893307427241843310e-01 9.857479463767588879e-01 9.976942756851107097e-01 9.994706398176065321e-01 9.998743468269842838e-01
2.413716020159450093e-06 5.658726778672252346e-05 4.697535361754854449e-03 6.048967052664584038e-02 2.938322977974135441e-01 6.796327867758019670e-01 9.179436477557463281e-01 9.897068597084305308e-01 9.983057311147933710e-01 9.995992210868294148e-01 9.999000961647950270e-01
3.421696551229356699e-06 8.025949764774620472e-05 6.616234602199052260e-03 8.323010325098455231e-02 3.644635452648855023e-01 7.478633428565775176e-01 9.396903169756495311e-01 9.925393848886669979e-01 9.987444421127243954e-01 9.996928561349655018e-01 9.999192870507916941e-01
4.850726635092585938e-06 1.138474597322694341e-04 9.294769574829926315e-03 1.132991915082764284e-01 4.406987620197747590e-01 8.056976274554309425e-01 9.559208257676666820e-01 9.945654823915429654e-01 9.990605413515017963e-01 9.997614759679948060e-01 9.999336950319334116e-01
6.876769520717488080e-06 1.615115527301210917e-04 1.301162983508734675e-02 1.521244735927505809e-01 5.193173431996611633e-01 8.528032927748827596e-01 9.678718718316755565e-01 9.960163317361019342e-01 9.992894300166680344e-01 9.998121072339390958e-01 9.999445898610704875e-01
9.749388293772092535e-06 2.291598554923137277e-04 1.812726724889892130e-02 2.007882265800172705e-01 5.967559298284565994e-01 8.899216776446534638e-01 9.765886987231753302e-01 9.970576182124433195e-01 9.994561074333331296e-01 9.998497343736481024e-01 9.999528834346639306e-01
1.382257431103307081e-05 3.251804771103760012e-04 2.509121986590832562e-02 2.596364708634050777e-01 6.696499373016198131e-01 9.184113305004716343e-01 9.829076635510173299e-01 9.978074355254755723e-01 9.995782428079320603e-01 9.998779044140443384e-01 9.999592335107366781e-01
1.959851760625964628e-05 4.614760515275640601e-04 3.443546657793161020e-02 3.279036450857303886e-01 7.353206166604711047e-01 9.398455537634742285e-01 9.874729200901694037e-01 9.983496610583947328e-01 9.996683452016260629e-01 9.998991508813739326e-01 9.999641165331641934e-01
2.778976890795786071e-05 6.549183362775074608e-04 4.674378724376292149e-02 4.035173712141475466e-01 7.920902134388724258e-01 9.557401692413156624e-01 9.907674661193506260e-01 9.987437555430201952e-01 9.997352916507744602e-01 9.999152908963869768e-01 9.999678788645245398e-01
3.940754387514068123e-05 9.293791873743635634e-04 6.258813954068198626e-02 4.832297450707813691e-01 8.393582589114022552e-01 9.674117613226010937e-01 9.931467253841400611e-01 9.990318454608027032e-01 9.997854009656131913e-01 9.999276335066344945e-01 9.999707729097603304e-01
5.588719074664887901e-05 1.318536689900548725e-03 8.243161862764676606e-02 5.631036895334504688e-01 8.774508444725516165e-01 9.759309447376774971e-01 9.948688704774277802e-01 9.992437920233135928e-01 9.998231873251839374e-01 9.999371259497091824e-01 9.999729826425379775e-01
7.926648376581249371e-05 1.869692837070083442e-03 1.065143766514679707e-01 6.392212584312165768e-01 9.073290618182618950e-01 9.821308427101342886e-01 9.961198040514056551e-01 9.994007939951266017e-01 9.998518889215303185e-01 9.999444565192661116e-01 9.999746416725754372e-01
1.124389723008637604e-04 2.648850731565064072e-03 1.347570439039906254e-01 7.083747465008793931e-01 9.302703816556306959e-01 9.866406434000932757e-01 9.970326508760938289e-01 9.995179359815483666e-01 9.998738389280483752e-01 9.999501270666917296e-01 9.999758460360282930e-01
1.595138679106228351e-04 3.747242314520075803e-03 1.667213315182130839e-01 7.685152474218579499e-01 9.476094224721146597e-01 9.899259237033558589e-01 9.977024477081816167e-01 9.996059849895071459e-01 9.998907260967464516e-01 9.999545042219304403e-01 9.999766632261167798e-01
2.263268997727812940e-04 5.289295709906566105e-03 2.016495409269120631e-01 8.188537459392227769e-01 9.605727327737120236e-01 9.923265083209664716e-01 9.981969610113715641e-01 9.996726545800971309e-01 9.999037781330605279e-01 9.999578556587593869e-01 9.999771385191970063e-01
3.211645151635325233e-04 7.441563289997663033e-03 2.385717555575161131e-01 8.596612956595066635e-01 9.702002874747555072e-01 9.940882481046212638e-01 9.985645290640646765e-01 9.997234936767728231e-01 9.999138910181007978e-01 9.999603758074580018e-01 9.999772993311998315e-01
4.557883354534790618e-04 1.042123932568480779e-02 2.764437770506982250e-01 8.919118422743140817e-01 9.773276292442439894e-01 9.953880683314876299e-01 9.988396864784762075e-01 9.997625115744430691e-01 9.999217204453297869e-01 9.999622040798984424e-01 9.999771581187973934e-01
6.468796676722952162e-04 1.450145090216992290e-02 3.142754970573347073e-01 9.169172069158998406e-01 9.826018354474546079e-01 9.963529599782751101e-01 9.990471694761395849e-01 9.997926178786240570e-01 9.999277466408954540e-01 9.999634377418823439e-01 9.999767141905082646e-01
9.180667372306610015e-04 2.000860380896598775e-02 3.512240255115411935e-01 9.360466183097324588e-01 9.865116436912495512e-01 9.970740210654261970e-01 9.992047551532585725e-01 9.998159326910621703e-01 9.999323204197330117e-01 9.999641409219256483e-01 9.999759546969334556e-01
1.302750872792393568e-03 2.730540781913809792e-02 3.866441395053090146e-01 9.505563181884905122e-01 9.894200758698139531e-01 9.976166673323542122e-01 9.993252690366137836e-01 9.998340057842759476e-01 9.999356959493819197e-01 9.999643507993924985e-01 9.999748550151302817e-01
1.848010460833896407e-03 3.675353292816216366e-02 4.201008488422046661e-01 9.615120949447381049e-01 9.915938984238567011e-01 9.980279766753725745e-01 9.994180031249492169e-01 9.998479718426935836e-01 9.999380540371731740e-01 9.999640817097930068e-01 9.999733787235426385e-01
2.619926222250304384e-03 4.865477565143799116e-02 4.513541292338904554e-01 9.697732622724640761e-01 9.932279047963926688e-01 9.983419352771506494e-01 9.994897177253868614e-01 9.998586606731181270e-01 9.999395186048251061e-01 9.999633277023273203e-01 9.999714773771229970e-01
3.710721360756012461e-03 6.318069475729326534e-02 4.803269313889007575e-01 9.760095694869281857e-01 9.944638907644889336e-01 9.985831695623897941e-01 9.995453500415080184e-01 9.998666755750591495e-01 9.999401682150076409e-01 9.999620639591357829e-01 9.999690903333769976e-01
5.248110792767894141e-03 8.031445788770254224e-02 5.070664780215270451e-01 9.807314092766511449e-01 9.954049966724445309e-01 9.987695957372545452e-01 9.995885162326293427e-01 9.998724490783575947e-01 9.999400439617526226e-01 9.999602474212853087e-01 9.999661449402993396e-01
7.407141599099723722e-03 9.983452903781681043e-02 5.317063952312494068e-01 9.843221119081166925e-01 9.961263184282882488e-01 9.989143000942313222e-01 9.996218678647955658e-01 9.998762824825395690e-01 9.999391546589541102e-01 9.999578169527403304e-01 9.999625574576284093e-01
1.042447662556093141e-02 1.213567031570040172e-01 5.544340706002810482e-01 9.870670178883611534e-01 9.966826510028260477e-01 9.990268744125353484e-01 9.996473454423141503e-01 9.998783737058540844e-01 9.999374800104084970e-01 9.999546934007339516e-01 9.999582351082927367e-01
1.461436799797986505e-02 1.444214169936431091e-01 5.754647234825422952e-01 9.891774877421859458e-01 9.971140912404278245e-01 9.991143657894191454e-01 9.996663588892530372e-01 9.998788366192798982e-01 9.999349722894912418e-01 9.999507799647779915e-01 9.999530795935113181e-01
2.038429003877068740e-02 1.685877678076937447e-01 5.950217302664152497e-01 9.908097629193642897e-01 9.974500717332424049e-01 9.991819534420268711e-01 9.996799158667439844e-01 9.998777141282902958e-01 9.999315569764950506e-01 9.999459633414120585e-01 9.999469921886787738e-01
2.824618044827432312e-02 1.934946866872648552e-01 6.133219515651664455e-01 9.920793308682607226e-01 9.977122580166436494e-01 9.992334316797270022e-01 9.996887125321702872e-01 9.998749866550725729e-01 9.999271327830854261e-01 9.999401161251453285e-01 9.999398801206461629e-01
3.881650773875897076e-02 2.188724673853454372e-01 6.305649060953099072e-01 9.930716540760959887e-01 9.979166278339496321e-01 9.992715546572631391e-01 9.996931969694354825e-01 9.998705772873667241e-01 9.999215715234998081e-01 9.999331008581050506e-01 9.999316633280727062e-01
5.279552625777521324e-02 2.445152399256202425e-01 6.469251373592315169e-01 9.938500853979045369e-01 9.980749637527248641e-01 9.992982819014977203e-01 9.996936124869363338e-01 9.998643546441720042e-01 9.999147183520771254e-01 9.999247758677283215e-01 9.999222800602610706e-01
7.091471265085404208e-02 2.702396075718104806e-01 6.625475279682283558e-01 9.944616638052935498e-01 9.981959251906030728e-01 9.993149519323969443e-01 9.996900259090014673e-01 9.998561344245664451e-01 9.999063929431629694e-01 9.999150025767574723e-01 9.999116893435228137e-01
9.384441607140210639e-02 2.958526851460963614e-01 6.775453971810798670e-01 9.949413395912868330e-01 9.982858182703417960e-01 9.993224031231285887e-01 9.996823446219827991e-01 9.998456806174851330e-01 9.998963921864483240e-01 9.999036533509576552e-01 9.998998684627508071e-01
1.220646060225638041e-01 3.211408484977200106e-01 6.920010631012351032e-01 9.953150469974616499e-01 9.983491476018261368e-01 9.993210552476594621e-01 9.996703253138078393e-01 9.998327074102619783e-01 9.998844948291417678e-01 9.998906183188183139e-01 9.998868044759841034e-01
1.557211489296250750e-01 3.458777880148740658e-01 7.059683748333758224e-01 9.956019349223254045e-01 9.983890095935092912e-01 9.993109612492849791e-01 9.996535769639801616e-01 9.998168828700755295e-01 9.998704681299810382e-01 9.998758092092939753e-01 9.998724802908668385e-01
1.945118561203682817e-01 3.698430096101616993e-01 7.194766347361850611e-01 9.958159830892924225e-01 9.984073695473294485e-01 9.992918361689225870e-01 9.996315606325876235e-01 9.997978353793354200e-01 9.998540759524838784e-01 9.998591583778642100e-01 9.998568574925462693e-01
2.376551268936667460e-01 3.928409708068134609e-01 7.325353254027050509e-01 9.959671684838244943e-01 9.984052526123790017e-01 9.992630686129460038e-01 9.996035888963444860e-01 9.997751634492342276e-01 9.998350868841026085e-01 9.998406119615006471e-01 9.998398592366357640e-01
2.839737220397928197e-01 4.147143141510589714e-01 7.451390900721097665e-01 9.960623008684249546e-01 9.983828702509881525e-01 9.992237194620461338e-01 9.995688282786420187e-01 9.997484487879216841e-01 9.998132801759732624e-01 9.998201173899203820e-01 9.998213565943993020e-01
3.320793380381175663e-01 4.353489988279962142e-01 7.572724804676885801e-01 9.961056129300941420e-01 9.983396982292186417e-01 9.991725126561575854e-01 9.995263085126517844e-01 9.997172713146837975e-01 9.997884469795784712e-01 9.997976068857521437e-01 9.998011607167106574e-01
3.805976433394558378e-01 4.546723775406912305e-01 7.689140928453572776e-01 9.960991669963698003e-01 9.982745186304724516e-01 9.991078237960554498e-01 9.994749426038090911e-01 9.996812233264578129e-01 9.997603849415604982e-01 9.997729795941452391e-01 9.997790215008821590e-01
4.283598395105905343e-01 4.726467575148772804e-01 7.800398573498374954e-01 9.960431239216026578e-01 9.981854365844918808e-01 9.990276738817628344e-01 9.994135608974956675e-01 9.996399186383619906e-01 9.997288858335932060e-01 9.997460851972992391e-01 9.997546317343654065e-01
4.745107046750371427e-01 4.892610685447073005e-01 7.906254012001047160e-01 9.959359090155105454e-01 9.980698820176533426e-01 9.989297374725042422e-01 9.993409601138949494e-01 9.995929918725277030e-01 9.996937181052883981e-01 9.997167112095949326e-01 9.997276344626403466e-01
5.185206505771596808e-01 5.045226099238323547e-01 8.006475394698477910e-01 9.957743036164531381e-01 9.979246074984435833e-01 9.988113762501763526e-01 9.992559641877080123e-01 9.995400838277554989e-01 9.996546081116165494e-01 9.996845748874042537e-01 9.996976308136041878e-01
5.601169256186891987e-01 5.184500232787455642e-01 8.100850359447729909e-01 9.955534883211706321e-01 9.977456947792059383e-01 9.986697092253656871e-01 9.991574880021745209e-01 9.994808113644768621e-01 9.996112242951968874e-01 9.996493193149728063e-01 9.996641856876308241e-01
5.991652482500902099e-01 5.310679517227413493e-01 8.189188159757160301e-01 9.952670643370172820e-01 9.975285842089974819e-01 9.985017279547002689e-01 9.990445891108269416e-01 9.994147241378869007e-01 9.995631673748559543e-01 9.996105122194665071e-01 9.996268294346624117e-01
6.355459454244536399e-01 5.424033986256417972e-01 8.271318123740583061e-01 9.949070821421601707e-01 9.972681415989576026e-01 9.983044573455343018e-01 9.989164888681383303e-01 9.993412546779147920e-01 9.995099670441214279e-01 9.995676456877033988e-01 9.995850546704508899e-01
6.690728664497116451e-01 5.524835727580997835e-01 8.347085992617558903e-01 9.944641103107819680e-01 9.969587745945508450e-01 9.980751490314224705e-01 9.987725460335522554e-01 9.992596711780568075e-01 9.994510828810716507e-01 9.995201351913627352e-01 9.995383084827288434e-01
6.994857732287445007e-01 5.613349372326831288e-01 8.416349323197517274e-01 9.939273796998620014e-01 9.965946031380271686e-01 9.978114764921111046e-01 9.986121746089419160e-01 9.991690426040361617e-01 9.993859052352637162e-01 9.994673169537178214e-01 9.994859811844009068e-01
7.265104521653736880e-01 5.689832025138353844e-01 8.478972786300934539e-01 9.932850356373063017e-01 9.961696748557238301e-01 9.975116843593340166e-01 9.984347121151838644e-01 9.990682230041947332e-01 9.993137514722904013e-01 9.994084434060004352e-01 9.994273932703047203e-01
7.499480118414793006e-01 5.754540680725240831e-01 8.534823923854990557e-01 9.925245186652905671e-01 9.956781970698885820e-01 9.971746371532711484e-01 9.982392599122463794e-01 9.989558570175951502e-01 9.992338541837448851e-01 9.993426770244910884e-01 9.993617822265440376e-01
7.697463745627258769e-01 5.807745870895161255e-01 8.583769767554373376e-01 9.916330683798356693e-01 9.951147372779812761e-01 9.967997230864130698e-01 9.980245270593499640e-01 9.988304031441380681e-01 9.991453403338650396e-01 9.992690830708299554e-01 9.992882903762961844e-01
7.860243411234761890e-01 5.849750780694166208e-01 8.625674656356863146e-01 9.905983036451080359e-01 9.944743318998479076e-01 9.963865984982914759e-01 9.977887088943252492e-01 9.986901670015518873e-01 9.990472030071868570e-01 9.991866216828956260e-01 9.992059541988401739e-01
7.990468638079355479e-01 5.880915172475532637e-01 8.660399570218663134e-01 9.894087816773509125e-01 9.937524483580946200e-01 9.959347998029648430e-01 9.975294207977863925e-01 9.985333345690641238e-01 9.989382695571761284e-01 9.990941394976621259e-01 9.991136947609270402e-01
8.091712568514616288e-01 5.901683053917834432e-01 8.687803256484524228e-01 9.880543939866365255e-01 9.929447727627930265e-01 9.954432864573207196e-01 9.972436909087085688e-01 9.983579955121434368e-01 9.988171708381331504e-01 9.989903606829123595e-01 9.990103082611599961e-01
8.167890079394034553e-01 5.912612141167489233e-01 8.707745301636762303e-01 9.865264430937455975e-01 9.920468389147821808e-01 9.949099949260463704e-01 9.969279992892130515e-01 9.981621486802815246e-01 9.986823155648119066e-01 9.988738770209304452e-01 9.988944553421582606e-01
8.222800815203158420e-01 5.914401989143348581e-01 8.720091067623307879e-01 9.848172831929208337e-01 9.910535578731942685e-01 9.943314742960168706e-01 9.965783403415304775e-01 9.979436850647193102e-01 9.985318719480716920e-01 9.987431365474739309e-01 9.987646478091716240e-01
8.259854303589949653e-01 5.907916526711072258e-01 8.724718099959722917e-01 9.829195062708344643e-01 9.899587318859427443e-01 9.937026459436052450e-01 9.961902821932860919e-01 9.977003471531418199e-01 9.983637562801597198e-01 9.985964301530947385e-01 9.986192316576872896e-01
8.281955795612394589e-01 5.894196059666049203e-01 8.721523315170011115e-01 9.808247885272192157e-01 9.887546311811720168e-01 9.930166962423513377e-01 9.957590004240739479e-01 9.974296670656943586e-01 9.981756259048952806e-01 9.984318754309917665e-01 9.984563657462302011e-01
8.291500900125977624e-01 5.874453970352299104e-01 8.710430105976409987e-01 9.785226294652428214e-01 9.874316809426295638e-01 9.922650846908648292e-01 9.952792715061182793e-01 9.971288885679804315e-01 9.979648726418915983e-01 9.982473968753915461e-01 9.982739959187290069e-01
8.290428657797338508e-01 5.850054584875278296e-01 8.691394551159729032e-01 9.759992637225801682e-01 9.859782648116142134e-01 9.914376350584429565e-01 9.947454210311620360e-01 9.967948796513503851e-01 9.977286124943910428e-01 9.980407013362999624e-01 9.980698247599848472e-01
8.280296845249166537e-01 5.822470993857341570e-01 8.664410188418654180e-01 9.732369778937224325e-01 9.843806188943520219e-01 9.905226728050817719e-01 9.941512309618917298e-01 9.964240426574048071e-01 9.974636682099286000e-01 9.978092475187038124e-01 9.978412773768382538e-01
8.262358063771060301e-01 5.793224706913311373e-01 8.629511218148384621e-01 9.702139406771895791e-01 9.826227777503819816e-01 9.895071741446566094e-01 9.934898171156739677e-01 9.960122279369074683e-01 9.971665425641256242e-01 9.975502083911971241e-01 9.975854636146280763e-01
8.237626124204595612e-01 5.763812329511477373e-01 8.586774421407730173e-01 9.669045080602641784e-01 9.806865414936761782e-01 9.883768974595906753e-01 9.927534918053542157e-01 9.955546550442219145e-01 9.968333816110381829e-01 9.972604257193873334e-01 9.972991369800041639e-01
8.206929058857196368e-01 5.735627238448277598e-01 8.536320376317634295e-01 9.632798529320494296e-01 9.785514527651901773e-01 9.871164749861046639e-01 9.919336266803149282e-01 9.950458429470780963e-01 9.964599282039680039e-01 9.969363565687199280e-01 9.969786503256184984e-01
8.170948837413957166e-01 5.709885768576372644e-01 8.478314672258514539e-01 9.593087238424504726e-01 9.761947927792523627e-01 9.857094515072638563e-01 9.910205277806535262e-01 9.944795482551950228e-01 9.960414666607597667e-01 9.965740124497468599e-01 9.966199081556554873e-01
8.130249687822617144e-01 5.687567207440689110e-01 8.412969730689235925e-01 9.549581617033782166e-01 9.735916179576172835e-01 9.841382667777315296e-01 9.900033297913405361e-01 9.938487085919628372e-01 9.955727595734453761e-01 9.961688926580507530e-01 9.962183153231717325e-01
8.085297657699447305e-01 5.669374859435316605e-01 8.340547570290761659e-01 9.501940737855654184e-01 9.707148591106804503e-01 9.823841883361303928e-01 9.888699110039221862e-01 9.931453873447592118e-01 9.950479776646046215e-01 9.957159141153718585e-01 9.957687219783402099e-01
8.036474205684568384e-01 5.655722029274891094e-01 8.261363474615120994e-01 9.449816508384083491e-01 9.675354956840267473e-01 9.804272095923175501e-01 9.876068260762181916e-01 9.923607162893567368e-01 9.944606235837597508e-01 9.952093405044777352e-01 9.952653649338886188e-01
7.984086472812581547e-01 5.646742806343549859e-01 8.175790149743079605e-01 9.392856886236963243e-01 9.640228043226313215e-01 9.782459334369347781e-01 9.861992514830677514e-01 9.914848339359750851e-01 9.938034509307045461e-01 9.946427136649621525e-01 9.947018061737948891e-01
7.928376602167038767e-01 5.642323923339402914e-01 8.084261725798886911e-01 9.330709224274934543e-01 9.601446711641558052e-01 9.758174641500186874e-01 9.846309392424186235e-01 9.905068197436013300e-01 9.930683808419487058e-01 9.940087901999505871e-01 9.940708701008178494e-01
7.869532102206119317e-01 5.642151440628059289e-01 7.987276928612511151e-01 9.263024965077973905e-01 9.558679563649786770e-01 9.731173314585369605e-01 9.828841783243024155e-01 9.894146275339352758e-01 9.922464203565799501e-01 9.932994863548639808e-01 9.933645824253748424e-01
7.807698754888239279e-01 5.645764934686108294e-01 7.885400874761423484e-01 9.189466746572417799e-01 9.511589093933713324e-01 9.701194724184318829e-01 9.809397700838211609e-01 9.881950256624293383e-01 9.913275896208229021e-01 9.925058349845778949e-01 9.925741155843180730e-01
7.742996886473298979e-01 5.652612213810921382e-01 7.779265071765806283e-01 9.109718647943844116e-01 9.459836530241587660e-01 9.667963015987588449e-01 9.787770339603247827e-01 9.868335571528422667e-01 9.903008689454964042e-01 9.916179604708348361e-01 9.916897486086676539e-01
7.675540924838857304e-01 5.662099001858279523e-01 7.669565208120754374e-01 9.023499932357306186e-01 9.403087787749773163e-01 9.631189092452522305e-01 9.763738723165442668e-01 9.853145405262755396e-01 9.891541819883696851e-01 9.906250814243009462e-01 9.907008538590021951e-01
7.605461161357428557e-01 5.673630007781281792e-01 7.557056238860515585e-01 8.930582329930093488e-01 9.341021217700762325e-01 9.590574406565041121e-01 9.737069381470337959e-01 9.836211416615131542e-01 9.878744380344879339e-01 9.895155573007723415e-01 9.895959293192024830e-01
7.532925736948941076e-01 5.686639817049137235e-01 7.442544332310352395e-01 8.830810679512902661e-01 9.273338033834007677e-01 9.545817258761836177e-01 9.707519652420397716e-01 9.817355582127109681e-01 9.864476643029238545e-01 9.882770035003203279e-01 9.883627030458325136e-01
7.458160329194909455e-01 5.700613710380728616e-01 7.326875650987180189e-01 8.724126563091667563e-01 9.199776394251154565e-01 9.496622424487052294e-01 9.674843346024751822e-01 9.796393691360077982e-01 9.848592674260809865e-01 9.868965089345950181e-01 9.869883448951726201e-01
7.381462990619054310e-01 5.715099638703904361e-01 7.210922650694041591e-01 8.610594318667231795e-01 9.120130023533228325e-01 9.442714979779728290e-01 9.638799586069709546e-01 9.773141092285329012e-01 9.830944693740486517e-01 9.853609978802422287e-01 9.854598274467770702e-01
7.303212088625781195e-01 5.729713148295012548e-01 7.095569240536896416e-01 8.490428386351654977e-01 9.034271883597218000e-01 9.383859034153428924e-01 9.599165581765821686e-01 9.747421267716511739e-01 9.811389630460597422e-01 9.836577800402099836e-01 9.837644791931157151e-01
7.223866206749921526e-01 5.744137167903251573e-01 6.981696290025408702e-01 8.364020240476630619e-01 8.942182644384801815e-01 9.319881610094963298e-01 9.555753786483069945e-01 9.719077644525370152e-01 9.789798209579038124e-01 9.817753237391938503e-01 9.818907633904981891e-01
7.143955991100970904e-01 5.758118399372056384e-01 6.870168360259282236e-01 8.231962189344698144e-01 8.843982516419988116e-01 9.250701038254666164e-01 9.508433287227507913e-01 9.687988631183478416e-01 9.766066612250067225e-01 9.797042617780407081e-01 9.798292902821298389e-01
7.064069034266816649e-01 5.771461740961174591e-01 6.761821375362198072e-01 8.095064233473019399e-01 8.739963456628673244e-01 9.176357965524735150e-01 9.457154308118197461e-01 9.654085216944707781e-01 9.740130252590252224e-01 9.774385948424679782e-01 9.775740259193509418e-01
6.984829737113400494e-01 5.784023820475342470e-01 6.657449814857878678e-01 7.954359296732526063e-01 8.630617111086985593e-01 9.097045557822052153e-01 9.401973492965814971e-01 9.617369599402774138e-01 9.711978543601917924e-01 9.749769963609420387e-01 9.751236003184512446e-01
6.906876468720521967e-01 5.795706379156545518e-01 6.557791551326972446e-01 7.811091970614083557e-01 8.516652597162649441e-01 9.013134083022457110e-01 9.343076409924847558e-01 9.577932404370032016e-01 9.681668801280670644e-01 9.723240565795894241e-01 9.724825523041252806e-01
6.830838173606472719e-01 5.806449951175297608e-01 6.463509057905613142e-01 7.666686942434089991e-01 8.398997973491755253e-01 8.925184313646629120e-01 9.280792902597994054e-01 9.535965405591384503e-01 9.649336882721565312e-01 9.694912521215706125e-01 9.696622976732148791e-01
6.757311977200869402e-01 5.816228038721855675e-01 6.375167258008925808e-01 7.522695786002620011e-01 8.278780540383492426e-01 8.833944639143965771e-01 9.215600953026825692e-01 9.491766571052004942e-01 9.615202033908486490e-01 9.664974141985599454e-01 9.666815948433229444e-01
6.686842635938530233e-01 5.825041799928725172e-01 6.293210219577375364e-01 7.380724559897792192e-01 8.157284115516503231e-01 8.740328728885597975e-01 9.148115932982689991e-01 9.445734999859698444e-01 9.579563940122448606e-01 9.633685124488268192e-01 9.635663262788813910e-01
