5.694835797748351312e-06 4.423738830759075657e-05 1.644107516551905699e-04 4.073912924898735245e-04 7.420827692611151223e-04 1.311643234751308160e-03 2.571159922415704093e-03 5.934113550608116801e-03 1.240658299655280315e-02 2.469717562321984555e-02 5.228711481641654113e-02
6.157966330404690107e-06 5.582520159449620467e-05 2.074184848048904722e-04 5.139833368226631597e-04 9.361750894002455895e-04 1.654353053935891243e-03 3.240121398585482648e-03 7.454364118540080311e-03 1.548020488900824637e-02 3.043183481545537125e-02 6.295967992348898423e-02
7.258888783100611994e-06 7.045046432266425249e-05 2.616615088374967695e-04 6.484291117297888950e-04 1.180914252791699388e-03 2.086169664075903339e-03 4.080743332638666135e-03 9.348704924623391088e-03 1.925164867056545701e-02 3.729737334582702152e-02 7.524226238105459486e-02
8.905234036513207202e-06 8.890990599422634937e-05 3.300654401586953991e-04 8.179811554798090004e-04 1.489420479252232497e-03 2.629907694310474470e-03 5.135340406218717041e-03 1.169993307813479294e-02 2.384798780026901877e-02 4.543844005564546401e-02 8.921318974034071758e-02
1.111076858041869976e-05 1.122098390101415637e-04 4.163118462256694451e-04 1.031760906454649894e-03 1.878137551880606528e-03 3.313957523683929308e-03 6.455534177452874195e-03 1.460437788251139728e-02 2.940655347414297335e-02 5.499337636641798976e-02 1.049160527339281224e-01
1.395775051164030117e-05 1.416214460663302267e-04 5.250297673520240354e-04 1.301225658151435732e-03 2.367619122779001436e-03 4.173467469345273732e-03 8.103662832186782350e-03 1.817199271691714857e-02 3.607121353548922715e-02 6.608683585405250582e-02 1.223543820676789018e-01
1.758231020152504210e-05 1.787507891394548264e-04 6.620333357224697035e-04 1.640741604936060043e-03 2.983463500234582056e-03 5.251667302166342088e-03 1.015408461503010222e-02 2.252553609321486169e-02 4.398727062721061176e-02 7.882211047897795531e-02 1.414882107307809667e-01
2.217237755009305396e-05 2.256274639427152456e-04 8.346150307747160317e-04 2.068279914777754538e-03 3.757401848370874042e-03 6.601288380588469888e-03 1.269420345702291890e-02 2.779861038580859825e-02 5.329514229831042171e-02 9.327376020124275580e-02 1.622328025470032575e-01
2.797323028305739829e-05 2.848168575303782141e-04 1.051905123932249560e-03 2.606250855325390869e-03 4.728530271925390077e-03 8.285998424117766228e-03 1.582500081810522818e-02 3.413239703154490740e-02 6.412316094010771239e-02 1.094811456952690804e-01 1.844596414587165167e-01
3.529858040431115327e-05 3.595622249698805176e-04 1.325308372429927044e-03 3.282485693472021043e-03 5.944653842196245298e-03 1.038172304164449757e-02 1.966082845706154658e-02 4.167104462069780996e-02 7.657997881278344465e-02 1.274433921088864441e-01 2.079996006023634436e-01
4.454663187873624138e-05 4.539642857182728860e-04 1.669028583271785389e-03 4.131365807538546139e-03 7.463679215797237691e-03 1.297767602847620279e-02 2.432821606300893461e-02 5.055581991937976166e-02 9.074715303187809445e-02 1.471161839299667817e-01 2.326480607502412479e-01
5.622142690566615477e-05 5.732077019023639787e-04 2.100689685335195480e-03 5.195081517473230763e-03 9.354952591376653956e-03 1.617687454710861963e-02 2.996348743320408417e-02 6.091829836797401504e-02 1.066725002420338547e-01 1.684106336051555131e-01 2.581716303114453548e-01
7.096040483443287483e-05 7.238454940178425633e-04 2.642057674306607686e-03 6.524978179975660098e-03 1.170039433155750999e-02 2.009588580383523532e-02 3.670906540217099695e-02 7.287301973878922146e-02 1.243647517515380774e-01 1.911943048744768059e-01 2.843160343794188250e-01
8.956961312527660589e-05 9.141538716358644113e-04 3.319860408983964749e-03 8.182913704224513765e-03 1.459523697131589332e-02 2.486355295613250013e-02 4.470847528510541596e-02 8.651013717746823539e-02 1.437899242000197086e-01 2.152943232137340401e-01 3.108146872873701616e-01
1.130685381604107343e-04 1.154570569495308278e-03 4.166690995773402774e-03 1.024251124525060730e-02 1.814813936583509549e-02 3.061849236898034343e-02 5.410021348128191826e-02 1.018886243462783364e-01 1.648696741092953166e-01 2.405023780391183641e-01 3.373974417532606407e-01
1.427471295481045374e-04 1.458228734350986051e-03 5.221964999461872585e-03 1.279014757806678192e-02 2.248043867605629964e-02 3.750524807668954158e-02 6.501080628210215151e-02 1.190305718477596003e-01 1.874817518948678208e-01 2.665813152103241879e-01 3.637990191678373564e-01
1.802383178553472313e-04 1.841594508764969823e-03 6.532882259859183055e-03 1.592547897104023766e-02 2.772432583915227997e-02 4.566912732055634222e-02 7.754751401955851942e-02 1.379170120916106967e-01 2.114625292306998583e-01 2.932729324957621952e-01 3.897666708303450522e-01
2.276101988223221562e-04 2.325208222588793366e-03 8.155322063557970957e-03 1.976128264001455678e-02 3.401979704100430157e-02 5.524990507156734426e-02 9.179121217455109283e-02 1.584855829318276288e-01 2.366114502239099471e-01 3.203065255886249907e-01 4.150666975090851474e-01
2.874830814241468831e-04 2.934515007907556507e-03 1.015457859045181509e-02 2.442239474208662831e-02 4.151034298642988091e-02 6.637474669228103641e-02 1.077899908456900202e-01 1.806301982313955334e-01 2.626971514918128303e-01 3.474076920472993213e-01 4.394895592558471509e-01
3.631777401700054825e-04 3.700749641662626384e-03 1.260582608528402170e-02 3.004356517663452422e-02 5.033747780789665782e-02 7.915082435567770414e-02 1.255539596413136616e-01 2.042027560505316752e-01 2.894649065227524742e-01 3.743068915532575258e-01 4.628534295400009158e-01
4.589023801142407205e-04 4.661812696962832486e-03 1.559419515056109998e-02 3.676612913719957965e-02 6.063435819739536325e-02 9.365816924875870753e-02 1.450516425809624532e-01 2.290167916196089171e-01 3.166449756043919761e-01 4.007472888503388342e-01 4.850061752652758407e-01
5.799868287573972355e-04 5.863043087664382771e-03 1.921434778369682239e-02 4.473350994564877919e-02 7.251887319310391933e-02 1.099432976059385170e-01 1.662082195021154785e-01 2.548528742226886523e-01 3.439613885244265923e-01 4.264914725228606263e-01 5.058258641738473393e-01
7.331729947913629255e-04 7.357761305381556836e-03 2.356946241207601503e-02 5.408570124143897290e-02 8.608667080813031669e-02 1.280140815099943263e-01 1.889057376995102733e-01 2.814654527180682209e-01 3.711406610445226462e-01 4.513267444003655204e-01 5.252200022479575070e-01
9.269702031786568926e-04 9.207436682154589158e-03 2.876958101701117959e-02 6.495300534942878568e-02 1.014046145217644829e-01 1.478362258463490064e-01 2.129852936120677498e-01 3.085907729973533797e-01 3.979199559574259637e-01 4.750688008851030597e-01 5.431237781792326302e-01
1.172081992684963908e-03 1.148133128463977790e-02 3.492932402240793432e-02 7.744940352564173847e-02 1.185051305602485699e-01 1.693315859559266778e-01 2.382510740327490051e-01 3.359554255899960262e-01 4.240542500639012946e-01 4.975637646691623006e-01 5.594976363658503704e-01
1.481906602146747026e-03 1.425550174052856063e-02 4.216503657885473794e-02 9.166598441524818897e-02 1.373818295225545383e-01 1.923784367445634802e-01 2.644760481759002579e-01 3.632850402054201289e-01 4.493221582173063666e-01 5.186886575379882069e-01 5.743245150677028787e-01
1.873105963633592101e-03 1.761110210969285203e-02 5.059148176703577582e-02 1.076648540236013196e-01 1.579866842937924232e-01 2.168136933078989304e-01 2.914090133328072207e-01 3.903126351402965710e-01 4.735301863765354891e-01 5.383505183243066927e-01 5.876070764547501879e-01
2.366227126756710857e-03 2.163202027798481059e-02 6.031823254512471560e-02 1.254739026673165891e-01 1.802289404110616056e-01 2.424369853562944599e-01 3.187826181102559331e-01 4.167861599564564035e-01 4.965153235739711568e-01 5.564844547507868944e-01 5.993652262701667510e-01
2.986345827618691086e-03 2.640198152255262762e-02 7.144592934405578910e-02 1.450827305608642648e-01 2.039758375991578832e-01 2.690163971455689085e-01 3.463219235957459841e-01 4.424748412031246914e-01 5.181460213941114779e-01 5.730509693640877256e-01 6.096341787077516061e-01
3.763685513979351822e-03 3.200134342600915310e-02 8.406256416339087656e-02 1.664399546185177103e-01 2.290551347247926917e-01 2.962955961914656711e-01 3.737530233218306353e-01 4.671740479647898403e-01 5.383217332587842963e-01 5.880329187389172763e-01 6.184632712596264126e-01
4.734148857634518613e-03 3.850386418486504564e-02 9.823993048470913703e-02 1.894520492564122083e-01 2.552593501294351253e-01 3.240019882329294165e-01 4.008112374343337780e-01 4.907085251263083592e-01 5.569712824550946406e-01 6.014324564383194405e-01 6.259156760030181177e-01
5.939686052512890314e-03 4.597373755329534073e-02 1.140303503930259338e-01 2.139838172628751867e-01 2.823515482367133789e-01 3.518554602273181175e-01 4.272484317375944141e-01 5.129339819183286187e-01 5.740503907309316700e-01 6.132682809767221466e-01 6.320690850610025668e-01
7.428419023509169779e-03 5.446315053108754384e-02 1.314637653381043603e-01 2.398605366786971116e-01 3.100724178644742035e-01 3.795772202335840340e-01 4.528390889590268031e-01 5.337371552193779234e-01 5.895387274416717949e-01 6.235734676293795964e-01 6.370173608560715239e-01
9.254446645126030227e-03 6.401054461363477055e-02 1.505452615812887252e-01 2.668717740197789623e-01 3.381483008996383766e-01 4.068982263194176885e-01 4.773848711191870375e-01 5.530345773244700336e-01 6.034368364861713019e-01 6.323941130366191876e-01 6.408730237514923544e-01
1.147727508461717297e-02 7.463966564010625360e-02 1.712530976018909190e-01 2.947767819945650292e-01 3.662997519414634140e-01 4.335667255931128783e-01 5.007175455864779634e-01 5.707703572186232366e-01 6.157632715100155307e-01 6.397889663692039042e-01 6.437702859140052025e-01
1.416084854524653561e-02 8.635939050150980012e-02 1.935373059126860307e-01 3.233113067738109248e-01 3.942501544178459438e-01 4.593545010278888285e-01 5.227002869585454237e-01 5.869133292635001498e-01 6.265522269326267990e-01 6.458301576399770871e-01 6.458681193322957093e-01
1.737219491071713418e-02 9.916423761837736550e-02 2.173189497968912032e-01 3.521955212617958186e-01 4.217339005411612218e-01 4.840615410161410725e-01 5.432274959047942442e-01 6.014539353673989952e-01 6.358519000058930892e-01 6.506050539244736530e-01 6.473525707903561299e-01
2.117974146803365543e-02 1.130354124748969430e-01 2.424901191306927106e-01 3.811426913313198939e-01 4.485036705784060107e-01 5.075189901459082886e-01 5.622233810591118486e-01 6.144011918119537397e-01 6.437237611047277319e-01 6.542191630645013412e-01 6.484372409782802604e-01
2.565139048774434799e-02 1.279422129857296364e-01 2.689147423995107977e-01 4.098680918702746201e-01 4.743364226916310100e-01 5.295903908459914655e-01 5.796396225804311131e-01 6.257800575018360734e-01 6.502428450781302383e-01 6.567998427426562369e-01 6.493606122762975996e-01
3.085246658448772758e-02 1.438436196023283042e-01 2.964302706651862906e-01 4.380976391390383751e-01 4.990378207514175601e-01 5.501713654287012645e-01 5.954524735079903541e-01 6.356294737679757390e-01 6.554990994753975286e-01 6.585003423013626733e-01 6.503788833165232708e-01
3.684365394033006780e-02 1.606899156385515337e-01 3.248502535252586476e-01 4.655757102416331894e-01 5.224449694784678577e-01 5.691880013239550840e-01 6.096596601190845677e-01 6.440012919637911892e-01 6.595997235437939255e-01 6.595033987699362443e-01 6.517533324444199083e-01
4.367903172959151231e-02 1.784242166325435142e-01 3.539677803002773682e-01 4.920716846501974051e-01 5.444274754527533844e-01 5.865942795575637136e-01 6.222774213451693903e-01 6.509602448563368560e-01 6.626722878002913042e-01 6.600232507221771572e-01 6.537321421388305742e-01
5.140429374090244030e-02 1.969838262541476481e-01 3.835597074230439607e-01 5.173848605668203149e-01 5.648869903166005013e-01 6.023689251150972090e-01 6.333379876371781902e-01 6.565850467093938825e-01 6.648682192099483190e-01 6.603046008710089509e-01 6.565280761556602229e-01
6.005520857303165566e-02 2.163013742459368172e-01 4.133915418126558605e-01 5.413475543724332040e-01 5.837555037709273309e-01 6.165120610238424836e-01 6.428877485750483789e-01 6.609706142930572570e-01 6.663659605736814706e-01 6.606169001616698511e-01 6.602951339259728325e-01
6.965634577953547235e-02 2.363057249132811954e-01 4.432228058231602041e-01 5.638263622119149554e-01 6.009927294603316650e-01 6.290420231173123877e-01 6.509863004677530762e-01 6.642312704592998607e-01 6.673727771385120633e-01 6.612425569574537088e-01 6.651087229277805601e-01
8.022006624129697505e-02 2.569226704149369933e-01 4.728126763739184946e-01 5.847217253987063712e-01 6.165829638928865819e-01 6.399926485378820695e-01 6.577065004373147117e-01 6.665046042597601028e-01 6.681238479649627138e-01 6.624585120015614725e-01 6.709542545872472230e-01
9.174575587463255910e-02 2.780754408835776070e-01 5.019256711488864209e-01 6.039660758704700205e-01 6.305318002937552180e-01 6.494112963733910115e-01 6.631355768736304501e-01 6.679554022146722003e-01 6.688770743517500339e-01 6.645121517167529301e-01 6.777278673467267422e-01
1.042192731030215230e-01 2.996850738210262155e-01 5.303371484742399611e-01 6.215209314428985499e-01 6.428630528553900270e-01 6.573577988473441325e-01 6.673772466936188641e-01 6.687787377743202866e-01 6.699021697757774341e-01 6.675945514517188650e-01 6.852502975022315423e-01
1.176125835351176374e-01 3.216706896353986322e-01 5.578383937909401347e-01 6.373733584827209198e-01 6.536162008795726175e-01 6.639044770480063695e-01 6.705546516501632581e-01 6.692009523247574032e-01 6.714633058461285664e-01 6.718159452577867619e-01 6.932915632361341673e-01
1.318835699140634421e-01 3.439497202989954538e-01 5.842410836430402821e-01 6.515322249223508555e-01 6.628446045499519768e-01 6.691372813184703894e-01 6.728137318718722115e-01 6.694769844288204208e-01 6.737960271685666802e-01 6.771892291379459916e-01 7.016013334716718619e-01
1.469760300614779691e-01 3.664381355454990885e-01 6.093809476070464193e-01 6.640246378381896575e-01 6.706146791529326023e-01 6.731580217406004651e-01 6.743263947545101722e-01 6.698824789474039365e-01 6.770811843048473166e-01 6.836264482711046364e-01 7.099386812790059453e-01
1.628199066224348124e-01 3.890507071776854175e-01 6.331204901590927747e-01 6.748929082205652463e-01 6.770061422366533410e-01 6.760875214465302818e-01 6.752925229637170013e-01 6.706995538438529358e-01 6.814206994224826230e-01 6.909504462685180926e-01 7.180957217446448659e-01
1.793318236384160991e-01 4.117013479793935615e-01 6.553506887468262265e-01 6.841923216541260233e-01 6.821133622081646530e-01 6.780693349387179047e-01 6.759395511627409592e-01 6.721961962368845356e-01 6.868211245092330497e-01 6.989199375278316584e-01 7.259119105732686483e-01
1.964160273272096968e-01 4.343035581640978804e-01 6.759916507354366555e-01 6.919899247468027648e-01 6.860477247568108616e-01 6.792734103495141618e-01 6.765181452510646842e-01 6.746009855373013009e-01 6.931902512695065077e-01 7.072626653865652369e-01 7.332785213101904453e-01
2.139658315335872529e-01 4.567710097212071552e-01 6.949922873380151023e-01 6.983644652863922886e-01 6.889407781285166177e-01 6.798987433215700760e-01 6.772926255107184490e-01 6.780768467782527509e-01 7.003492078811576205e-01 7.157094602366498304e-01 7.401350468875217414e-01
2.318656433606413325e-01 4.790182976336543885e-01 7.123291407160347033e-01 7.034075444787709630e-01 6.909477025949725126e-01 6.801737174181150536e-01 6.785253970722310290e-01 6.826991082026446778e-01 7.080583189614829687e-01 7.240225383471619036e-01 7.464604477183213183e-01
2.499935883951470428e-01 5.009618865391822773e-01 7.280045716632866926e-01 7.072259401124555422e-01 6.922503664188179862e-01 6.803525651451263201e-01 6.804559157979940265e-01 6.884434212732623015e-01 7.160511365481573298e-01 7.320138156806010876e-01 7.522622822736715342e-01
2.682246736223286021e-01 5.225212811544808211e-01 7.420445684068036618e-01 7.099449215777208222e-01 6.930589000584141957e-01 6.807064076345809012e-01 6.832765101103320804e-01 6.951875500090399784e-01 7.240690775160607551e-01 7.395521617157085892e-01 7.575661419449589706e-01
2.864343351374563085e-01 5.436204467397115492e-01 7.544964609915096876e-01 7.117121801196349962e-01 6.936104116026741151e-01 6.815078821420211819e-01 6.871092167499120995e-01 7.027278408322763514e-01 7.318897051677092369e-01 7.465611815336173906e-01 7.624068966054909913e-01
3.045021389272159484e-01 5.641894982456573393e-01 7.654268114527273958e-01 7.127017251650036300e-01 6.941633180646412660e-01 6.830096318782826748e-01 6.919888762440149499e-01 7.108073685870215375e-01 7.393443219170868774e-01 7.530106095230769681e-01 7.668223780468186312e-01
3.223153577537055114e-01 5.841666568055798869e-01 7.749196918138068213e-01 7.131167562322242581e-01 6.949859839514480608e-01 6.854188631199550352e-01 6.978572942489179587e-01 7.191497625564055030e-01 7.463238865688562873e-01 7.589046782148933801e-01 7.708494690463020271e-01
3.397721492090122752e-01 6.035004295216722658e-01 7.830754580371818152e-01 7.131901606791449799e-01 6.963391558458000841e-01 6.888723049313724145e-01 7.045710416425920997e-01 7.274916823128262378e-01 7.527750569723204999e-01 7.642702542751769190e-01 7.745221747280633950e-01
3.567841103762304233e-01 6.221518908774220646e-01 7.900099811993664956e-01 7.131810305628794033e-01 6.984531572307650649e-01 6.934173476697270688e-01 7.119220171526730034e-01 7.356080824704189780e-01 7.586896990632125970e-01 7.691465808017901029e-01 7.778710947966009925e-01
3.732780714290553914e-01 6.400968253675324293e-01 7.958541171753616972e-01 7.133656356059621118e-01 7.015027674800953239e-01 6.990048991213614338e-01 7.196665027926336666e-01 7.433270796670544689e-01 7.640914751864955612e-01 7.735775058745725241e-01 7.809237206598270697e-01
3.891970934890370826e-01 6.573273456843021778e-01 8.007530049567234132e-01 7.140218737765647861e-01 7.055845559406024314e-01 7.054971065647834827e-01 7.275564391302041800e-01 7.505342358760334065e-01 7.690225161899673090e-01 7.776063256753374953e-01 7.837050804229906964e-01
4.045007326234709710e-01 6.738524792447114775e-01 8.048646222634240344e-01 7.154075171817012579e-01 7.107022871904778993e-01 7.126891111045758898e-01 7.353667214050261247e-01 7.571683667297470777e-01 7.735321757505976281e-01 7.812728985708583540e-01 7.862383929647142056e-01
4.191647035589580739e-01 6.896972004883396012e-01 8.083569586614738345e-01 7.177345026356909408e-01 7.167650845683014582e-01 7.203399630137918841e-01 7.429142000396005141e-01 7.632120818416777697e-01 7.776688411064214268e-01 7.846124728477564814e-01 7.885455342960775438e-01
4.331801129304210796e-01 7.048995541835838541e-01 8.114032678345405314e-01 7.211436010547110920e-01 7.236002231029836640e-01 7.282054615481876603e-01 7.500667975055305137e-01 7.686802397444979507e-01 7.814749490474680593e-01 7.876556464694193238e-01 7.906472442970146064e-01
4.465524309769323685e-01 7.195058755283795238e-01 8.141751921032150952e-01 7.256851708317674232e-01 7.309785523621891157e-01 7.360659050589428709e-01 7.567436520880449491e-01 7.736087580654014140e-01 7.849848082809431915e-01 7.904289619441228210e-01 7.925630979303358581e-01
4.593003385178498488e-01 7.335645698315658159e-01 8.168341072164753136e-01 7.313114395801748602e-01 7.386471112875814260e-01 7.437441733915711728e-01 7.629087707214344816e-01 7.780452242937297980e-01 7.882245475336886464e-01 7.929557652312244631e-01 7.943113259157589257e-01
4.714545341162674763e-01 7.471192992496771268e-01 8.195216951469204147e-01 7.378834640216268559e-01 7.463618623349953518e-01 7.511129183130158538e-01 7.685611609870690586e-01 7.820418526843119222e-01 7.912134354445873319e-01 7.952570805718962577e-01 7.959085941587161761e-01
4.830565284798898351e-01 7.602025916337005196e-01 8.223512883386214778e-01 7.451921448193852271e-01 7.539141596368021947e-01 7.580925240845662882e-01 7.737240649834727924e-01 7.856507059161249584e-01 7.939658824318889252e-01 7.973523532646065171e-01 7.973698428163622509e-01
4.941574031551299595e-01 7.728308013474468607e-01 8.254016838030819869e-01 7.529888342849474503e-01 7.611470412166470023e-01 7.646431068732860714e-01 7.784351400419662337e-01 7.889207753672177192e-01 7.964935724581476695e-01 7.992599866339843429e-01 7.987082537056527931e-01
5.048164795889621415e-01 7.850010919798251496e-01 8.287147542183745941e-01 7.610187298896226027e-01 7.679605283066121002e-01 7.707540636647688403e-01 7.827385838303503318e-01 7.918964279331324185e-01 7.988073369283046343e-01 8.009976525522761737e-01 7.999353710989085542e-01
5.150998390780557878e-01 7.966907977660536710e-01 8.322973616082093296e-01 7.690502348754039152e-01 7.743076894607048288e-01 7.764339607749431993e-01 7.866795080787675198e-01 7.946167819512059971e-01 8.009185442373358832e-01 8.025823927886115428e-01 8.010613584395803732e-01
5.250786543352590208e-01 8.078592395559996975e-01 8.361270930841935289e-01 7.768955063517055670e-01 7.801846556822503720e-01 7.817024163038519546e-01 7.903004098938215538e-01 7.971156807305243008e-01 8.028399199120257457e-01 8.040305550695736603e-01 8.020953421289118701e-01
5.348273333746839109e-01 8.184518358456022158e-01 8.401605414591756249e-01 7.844204030819623696e-01 7.856180170241948701e-01 7.865845339393499058e-01 7.936393582575721473e-01 7.994220323123610861e-01 8.045858243935936072e-01 8.053576244616158508e-01 8.030457786917027940e-01
5.444215246864565483e-01 8.284061214806733853e-01 8.443424900965030844e-01 7.915447764036119827e-01 7.906524346289837135e-01 7.911076540920197742e-01 7.967294443439864038e-01 8.015603562903763635e-01 8.061720929296316562e-01 8.065780174359874488e-01 8.039207837507501564e-01
5.539360743995900282e-01 8.376590331764965924e-01 8.486144688561885197e-01 7.982357591268938179e-01 7.953403155943203906e-01 7.952997858314508894e-01 7.995990691147021323e-01 8.035514249287497579e-01 8.076155830108586731e-01 8.077049024360665186e-01 8.047283767057034076e-01
5.634430468198864395e-01 8.461545688653197006e-01 8.529215880832207164e-01 8.044972487241212056e-01 7.997343921054873572e-01 7.991890183479114507e-01 8.022727075628647286e-01 8.054129178540876399e-01 8.089335818232209485e-01 8.087500975540233839e-01 8.054766179002096349e-01
5.730099110804235396e-01 8.538507693675455590e-01 8.572171218192371489e-01 8.103584293167055419e-01 8.038832440874247309e-01 8.028033602151368742e-01 8.047718657950331256e-01 8.071600366554299022e-01 8.101432062821005697e-01 8.097240752740659797e-01 8.061736390382302497e-01
5.826979626495210063e-01 8.607250086082589569e-01 8.614648219535829821e-01 8.158633552955049106e-01 8.078292925268482083e-01 8.061706822489301816e-01 8.071160227468443527e-01 8.088060507274419386e-01 8.112608915734430548e-01 8.106360799982159637e-01 8.068275874529654557e-01
5.925610055494836548e-01 8.667768535939411878e-01 8.656393031623702550e-01 8.210626974528235644e-01 8.116085586248270589e-01 8.093186404991801197e-01 8.093234197185001921e-01 8.103627664718658918e-01 8.123020217678607047e-01 8.114943409655520634e-01 8.074465172800399104e-01
6.026442868445420764e-01 8.720282133302589278e-01 8.697250224513163319e-01 8.260079672027984543e-01 8.152514682462103091e-01 8.122745775244953892e-01 8.114116266382442877e-01 8.118409251700297036e-01 8.132807173331593198e-01 8.123063456345466227e-01 8.080382645053946211e-01
6.129836511306340219e-01 8.765210081471372927e-01 8.737144140201917875e-01 8.307479931313067611e-01 8.187840989919352719e-01 8.150654393152256816e-01 8.133978706557567495e-01 8.132505391121792604e-01 8.142097652078923442e-01 8.130791295762442861e-01 8.086103388913871148e-01
6.236048531677037543e-01 8.803130097729010561e-01 8.776056757832271238e-01 8.353271387958319805e-01 8.222294419366550366e-01 8.177177290153655465e-01 8.152991555072888197e-01 8.146011725845814233e-01 8.151006596420283801e-01 8.138195391958935598e-01 8.091698557793859381e-01
6.345229193691933611e-01 8.834727210071082748e-01 8.814005834019734698e-01 8.397846756457637563e-01 8.256084250567439220e-01 8.202574820123901267e-01 8.171322251246977419e-01 8.159021677151905294e-01 8.159637151949320488e-01 8.145344317249240129e-01 8.097235172045679219e-01
6.457414023616955268e-01 8.860741539119744159e-01 8.851025690978857607e-01 8.441547886634658271e-01 8.289405879163119772e-01 8.227102172391552726e-01 8.189134312054912046e-01 8.171628087218917313e-01 8.168082141121882911e-01 8.152307898613502246e-01 8.102776373031282953e-01
6.572513739343416317e-01 8.881921776579183581e-01 8.887151761270577488e-01 8.484668227203290281e-01 8.322443949632583049e-01 8.251008096136066561e-01 8.206585546409725929e-01 8.183924142123010226e-01 8.176425552451854761e-01 8.159157425173149125e-01 8.108381941605043997e-01
6.690300891415050799e-01 8.898988357608509370e-01 8.922409066277094958e-01 8.527455186992237701e-01 8.355372293649601101e-01 8.274532384801341900e-01 8.223826105095177752e-01 8.196003465070151872e-01 8.184743777777812035e-01 8.165964951064685895e-01 8.114108811575277969e-01
6.810394258375235266e-01 8.912607692008439608e-01 8.956804286402344495e-01 8.570111073925644751e-01 8.388351299630500968e-01 8.297901892533369184e-01 8.240996429284912494e-01 8.207959289418004234e-01 8.193106385941504310e-01 8.172801806709266703e-01 8.120011270388411972e-01
6.932244165983604267e-01 8.923376846269616136e-01 8.990320918007853601e-01 8.612792150496021426e-01 8.421523332852056676e-01 8.321325111862211132e-01 8.258224964340793450e-01 8.219882659864403696e-01 8.201576269498589422e-01 8.179736466083472601e-01 8.126140561567249954e-01
7.055123828916178841e-01 8.931816928637730246e-01 9.022917064730320291e-01 8.655605912554834580e-01 8.455006737503008019e-01 8.344985570323105728e-01 8.275625403960471527e-01 8.231859666857260782e-01 8.210209052528857354e-01 8.186831921853017224e-01 8.132543686884660117e-01
7.178132899646456622e-01 8.938373007438804585e-01 9.054525537745029551e-01 8.698607084434103465e-01 8.488888896693155273e-01 8.369034485498064724e-01 8.293293258141932744e-01 8.243967801482436908e-01 8.219051719759496999e-01 8.194142719160983912e-01 8.139261344096054840e-01
7.300218993811495860e-01 8.943418453524050182e-01 9.085056054415536764e-01 8.741793133717280506e-01 8.523218880122583885e-01 8.393583270572877453e-01 8.311301704960022407e-01 8.256271636555855276e-01 8.228140535652731513e-01 8.201711818911091578e-01 8.146325113871455414e-01
7.420220529532202125e-01 8.947261911132902146e-01 9.114399396552880228e-01 8.785100397444232101e-01 8.558000390883226949e-01 8.418696631060815783e-01 8.329696965834391120e-01 8.268818196132042830e-01 8.237498469831655568e-01 8.209567518018745513e-01 8.153754203809332468e-01
7.536929815390395193e-01 8.950155501844840877e-01 9.142433406101430071e-01 8.828402155380112859e-01 8.593185982709226067e-01 8.444387137843442082e-01 8.348493774700521675e-01 8.281632549824125000e-01 8.247132513376809193e-01 8.217720740789353773e-01 8.161552233681228508e-01
7.649169942688324175e-01 8.952303257962520577e-01 9.169030634219912379e-01 8.871510088978188380e-01 8.628673742638698352e-01 8.470612256640213111e-01 8.367671797499418584e-01 8.294714311747365398e-01 8.257031415734025215e-01 8.226163099664878242e-01 8.169704660286321030e-01
7.755874515678167214e-01 8.953869121460900082e-01 9.194067291179306434e-01 8.914180394012715114e-01 8.664307672760787060e-01 8.497274775150339687e-01 8.387173988544716075e-01 8.308035768569431712e-01 8.267164435306213477e-01 8.234866154035035413e-01 8.178177446871585099e-01
7.856157489581251374e-01 8.954984119855463609e-01 9.217432873452073849e-01 8.956125269426576940e-01 8.699882730684160848e-01 8.524227311010360575e-01 8.406907753722859811e-01 8.321542245156077211e-01 8.277481625692922895e-01 8.243782223846126689e-01 8.186917450248909489e-01
