1.547952353421991166e-08 5.898085469713251112e-07 1.371733474447867333e-05 3.915963032797585211e-05 7.278826766331885874e-05 1.216229293391634135e-04 1.838141269411729584e-04 3.078667097328447160e-04 7.803093920354697063e-04 1.683961829706644847e-03 3.390759486574696901e-03
2.194194463874069404e-08 8.360767554746585107e-07 1.944714797752328296e-05 5.552570991358192774e-05 1.032380838048517469e-04 1.725810233467166971e-04 2.610752735465943285e-04 4.375953323282640159e-04 1.108123109411826091e-03 2.373864341885148499e-03 4.667428060033099527e-03
3.110235433248567390e-08 1.185185682147970773e-06 2.757149444665355683e-05 7.873823892569450000e-05 1.464489933653428412e-04 2.449561724192223498e-04 3.709715602192062531e-04 6.220991313939200308e-04 1.572283778828570053e-03 3.334818704259382392e-03 6.377914833292034485e-03
4.408716758938423878e-08 1.680092249339960866e-06 3.909196687119184286e-05 1.116663952800351283e-04 2.077867933842432371e-04 3.477998197443268706e-04 5.273844151658032024e-04 8.844042260764541996e-04 2.227639711227490538e-03 4.663691352437574975e-03 8.642529106290885305e-03
6.249310711426493667e-08 2.381705219778294931e-06 5.542980397892640309e-05 1.583857085655100401e-04 2.948870847698065417e-04 4.940244195283854728e-04 7.501395436357649127e-04 1.256984117826909740e-03 3.149233668530989228e-03 6.485093827355459251e-03 1.160124263675855506e-02
8.858359073160668491e-08 3.376394002910228414e-06 7.860225051504121044e-05 2.246883023070809669e-04 4.186253341824825195e-04 7.020723806922058233e-04 1.067545049216973851e-03 1.785352390651808461e-03 4.438175470565828423e-03 8.955010167223168699e-03 1.541069996554759840e-02
1.255671416672392033e-07 4.786643364381965497e-06 1.114734438492769611e-04 3.188112023023238263e-04 5.945079626922214911e-04 9.983152622459116714e-04 1.519971523571241869e-03 2.532749962757532922e-03 6.228066526325039959e-03 1.226230205366146166e-02 2.023822498907540748e-02
1.779920926751671163e-07 6.786176000113923924e-06 1.581116249842484407e-04 4.524774536020312733e-04 8.446702132179740403e-04 1.420499418755621522e-03 2.164840536509924935e-03 3.586032177390506212e-03 8.691160593659253558e-03 1.662648021483474278e-02 2.625255617972745495e-02
2.523061846645156529e-07 9.621423417620968786e-06 2.242982498425154909e-04 6.423867985160670695e-04 1.200748142987004144e-03 2.022677866614293416e-03 3.083448667726818200e-03 5.062673175057082718e-03 1.204281175586812379e-02 2.228998636079497150e-02 3.361160918281414639e-02
3.576499901933936558e-07 1.364202214755600680e-05 3.182544464257264292e-04 9.123534299032119580e-04 1.708006107352167714e-03 2.882219648269036209e-03 4.390051921464988363e-03 7.118443381075475335e-03 1.654202425058036441e-02 2.950355422889880397e-02 4.244829868042637733e-02
5.069819407704035711e-07 1.934414996195357050e-05 4.516789474509617691e-04 1.296375619133428771e-03 2.431254544604702361e-03 4.109647320317228597e-03 6.243482079550985442e-03 9.954721115389726996e-03 2.248529492143497288e-02 3.850423988276098497e-02 5.285618387773207555e-02
7.186736857843263993e-07 2.743214384875608547e-05 6.412330001706130402e-04 1.843045549212396885e-03 3.463285844468299950e-03 5.862161085025446167e-03 8.861115711384542556e-03 1.382355194030136965e-02 3.019082453354901899e-02 4.948749321377214627e-02 6.487718824994649636e-02
1.018772656284717005e-06 3.890617194943275006e-05 9.106671679570319498e-04 2.621877635301219939e-03 4.936768356280313644e-03 8.361629139683914372e-03 1.253405702084509597e-02 1.902756035846426066e-02 3.997109825674614869e-02 6.257690233489665577e-02 7.849364269443767639e-02
1.444211307103488490e-06 5.518707407758700613e-05 1.293869384025005164e-03 3.732355625524411916e-03 7.040702327953878709e-03 1.191729195976939069e-02 1.764068799698490647e-02 2.591094568752825428e-02 5.209423861589124183e-02 7.779726517626653348e-02 9.362629340024870850e-02
2.047359914681467801e-06 7.829428369071498228e-05 1.839231245971518092e-03 5.316761334179169289e-03 1.004249182288425961e-02 1.695198719137540333e-02 2.465315226582126193e-02 3.483763913054700040e-02 6.673835833029545528e-02 9.505744017031989013e-02 1.101388009978186977e-01
2.902486787322009511e-06 1.110996326653382647e-04 2.615887442057948740e-03 7.578094629432994937e-03 1.431608361321797147e-02 2.402769779044329826e-02 3.412816170915598801e-02 4.615407482577769255e-02 8.394741078917805632e-02 1.141482025969695197e-01 1.278479524051553406e-01
4.114927408330386560e-06 1.576897136881098046e-04 3.722581193261377801e-03 1.080446976227159017e-02 2.037485952447557272e-02 3.386100557527970539e-02 4.667096241139847418e-02 6.013763949653316843e-02 1.035998388876870901e-01 1.347570517990187289e-01 1.465377235063409500e-01
5.834102570103323172e-06 2.238835655865722843e-04 5.300124729030825099e-03 1.540092822566306759e-02 2.890413113003149209e-02 4.731163844326344986e-02 6.286197875924429135e-02 7.693762470250195551e-02 1.254005677894656501e-01 1.564975801852329373e-01 1.659747932873832654e-01
8.272008151057834758e-06 3.179723800708673270e-04 7.548584502625862482e-03 2.192796523290249655e-02 4.078120078911487423e-02 6.531998023244821316e-02 8.314326697709771563e-02 9.652177193102140507e-02 1.489017035421743296e-01 1.789473007403492022e-01 1.859232158210885333e-01
1.172948752984957073e-05 4.517756861998665856e-04 1.075024629152446926e-02 3.114210007786709714e-02 5.706094108481772620e-02 8.876864130688409682e-02 1.076789719288447772e-01 1.186450120739147296e-01 1.735491318723786092e-01 2.016861961710045004e-01 2.061565635162151411e-01
1.663357954894066927e-05 6.421460951973585827e-04 1.529873507070799235e-02 4.402607709358454663e-02 7.889470002872353560e-02 1.182598941463958164e-01 1.362272798304756671e-01 1.428543103283104188e-01 1.987444771686691924e-01 2.243291436972724429e-01 2.264666848027515611e-01
2.359063455663386135e-05 9.131033976301546756e-04 2.173272515125256391e-02 6.178389775548934204e-02 1.073491276372207370e-01 1.538437723757217213e-01 1.680781431602560161e-01 1.685337021300023774e-01 2.239080602486225591e-01 2.465480672027673403e-01 2.466689974162216969e-01
3.346188151961457084e-05 1.298836856046614282e-03 3.076854677214120246e-02 8.576118203858140721e-02 1.431147196747125094e-01 1.947913408664103951e-01 2.021030801001153787e-01 1.949801553074125005e-01 2.485299848577845472e-01 2.680828510490230743e-01 2.666047914229940918e-01
4.747094678876042690e-05 1.847872772310981413e-03 4.331885540106845955e-02 1.172444399553966843e-01 1.861535616010492611e-01 2.395424621029202950e-01 2.369226607974849186e-01 2.214904678371357738e-01 2.722019240161321907e-01 2.887425621585011926e-01 2.861412946503521515e-01
6.735678084582221586e-05 2.628737847783918068e-03 6.047492528127475925e-02 1.571146636745414382e-01 2.354169612924129351e-01 2.859134539799123575e-01 2.711420277581129690e-01 2.474373978295255350e-01 2.946286322069842645e-01 3.083998380961409103e-01 3.051702984631434745e-01
9.559092874672781026e-05 3.737402621502564169e-03 8.342234925891454933e-02 2.054035725140924973e-01 2.888065060977860199e-01 3.315231233269168021e-01 3.035720744316415809e-01 2.723198943541682571e-01 3.156230743713184239e-01 3.269814902164150938e-01 3.236060348450028323e-01
1.356855113993653728e-04 5.306559117469899015e-03 1.132640202173478272e-01 2.609149301207964178e-01 3.434836676401958888e-01 3.742689850635730342e-01 3.333674244683228483e-01 2.957830663317521647e-01 3.350912359109162741e-01 3.444578486000203776e-01 3.413828169270310409e-01
1.926280408733783034e-04 7.516202365659693102e-03 1.507527076606902938e-01 3.211488174616332070e-01 3.964549608164749661e-01 4.126639542605376465e-01 3.600591277092214382e-01 3.176127480657337521e-01 3.530125058820258732e-01 3.608325754166075705e-01 3.584527641879107773e-01
2.734913649823245293e-04 1.060382505723552089e-02 1.959893134301882722e-01 3.826867482828454903e-01 4.451930496355534506e-01 4.459408037731249497e-01 3.835050137488053568e-01 3.377140736677532451e-01 3.694200431562016385e-01 3.761339002074701177e-01 3.747837659597265669e-01
3.882809948332922585e-04 1.487063999267274582e-02 2.481949838851153500e-01 4.419456287377299120e-01 4.880406435673334542e-01 4.739580721496388094e-01 4.038000061050425193e-01 3.560835186247406359e-01 3.843837336794149739e-01 3.904076299688231111e-01 3.903577088029637765e-01
5.510957052103308135e-04 2.067783971944612414e-02 3.056692646687281245e-01 4.959688632514770990e-01 5.242907944650146979e-01 4.970076802374642777e-01 4.211832367843306724e-01 3.727813564060969420e-01 3.979968277822640288e-01 4.037118880844365876e-01 4.051689088560029295e-01
7.816858751468430764e-04 2.842514537183139442e-02 3.659816199930221448e-01 5.429120394800179827e-01 5.540118950206696091e-01 5.156170035406936192e-01 4.359627003483309005e-01 3.879083965253783961e-01 4.103663195936038677e-01 4.161133087358241944e-01 4.192226471661232856e-01
1.107488742000900398e-03 3.850529475100356730e-02 4.263471872235703453e-01 5.820993457287414463e-01 5.777659257681194704e-01 5.303957821304897680e-01 4.484635879914104506e-01 4.015883797340750738e-01 4.216065615883048401e-01 4.276843099523484071e-01 4.325336990257801495e-01
1.566186450882118544e-03 5.123565273356157218e-02 4.840716476966471227e-01 6.137656994513827069e-01 5.963441773856523742e-01 5.419394524117214784e-01 4.589979248834794023e-01 4.139558471933139083e-01 4.318353664534077541e-01 4.385010472591378550e-01 4.451247705712810254e-01
2.208752361884279078e-03 6.678184670485512453e-02 5.369419180506310729e-01 6.386895684787216032e-01 6.105786886116904011e-01 5.507795666784432997e-01 4.678500155687342343e-01 4.251485445235791971e-01 4.411718035884450995e-01 4.486416827584632228e-01 4.570247989987576420e-01
3.102803752664583768e-03 8.510115514563003358e-02 5.834732706215240983e-01 6.578706946556368562e-01 6.212343795012390535e-01 5.573660919715348605e-01 4.752721905534663116e-01 4.353031914246912049e-01 4.497349527432160654e-01 4.581846756823965694e-01 4.682671268538587950e-01
4.335856123422542931e-03 1.059328732546935825e-01 6.229756117069810140e-01 6.723139218423157537e-01 6.289622409503849987e-01 5.620682004565157319e-01 4.814865404149659134e-01 4.445534934710287933e-01 4.576429786848447701e-01 4.672069014100518336e-01 4.788876149430771334e-01
6.017798977888197919e-03 1.288432245640221407e-01 6.554571871558110274e-01 6.829146645615756794e-01 6.342901481283574894e-01 5.651842306350084444e-01 4.866896642289798569e-01 4.530294290337662511e-01 4.650120177405263622e-01 4.757815288846239388e-01 4.889228014350269214e-01
8.281664689910881241e-03 1.533051075292413967e-01 6.814273374794604932e-01 6.904159964576986885e-01 6.376330735090052215e-01 5.669552179769270506e-01 4.910585278609934101e-01 4.608570250568106985e-01 4.719545188485956833e-01 4.839757189230448620e-01 4.984082373747616423e-01
1.128168461454931784e-02 1.787787432378786789e-01 7.016742437904055496e-01 6.954069142086956035e-01 6.393112002123312321e-01 5.675790150814029600e-01 4.947562460581569344e-01 4.681580108512093386e-01 4.785768637799849845e-01 4.918483285324091736e-01 5.073771256826731246e-01
1.518788717599151364e-02 2.047670514547760001e-01 7.170765213675298622e-01 6.983399632267909274e-01 6.395697225140029030e-01 5.672236051618017028e-01 4.979370293496757083e-01 4.750489118358892648e-01 4.849763023907123771e-01 4.994478940265450473e-01 5.158593618000761882e-01
2.017717437582986287e-02 2.308392467679564186e-01 7.284752589624481356e-01 6.995553529792531977e-01 6.385974926794089068e-01 5.660390408700294307e-01 5.007497684734377730e-01 4.816393308805251849e-01 4.912374619245907237e-01 5.068111943422756172e-01 5.238810254302658231e-01
2.642178637519582846e-02 2.566318372734621156e-01 7.366053831088430481e-01 6.993051044617457634e-01 6.365435417964017129e-01 5.641677807714862158e-01 5.033398599563319031e-01 4.880293764271804724e-01 4.974288876649716751e-01 5.139626514023667436e-01 5.314643149179265613e-01
3.407695814085670571e-02 2.818405984848134094e-01 7.420711872350365113e-01 6.977746087303433598e-01 6.335313967749027775e-01 5.617532430437023327e-01 5.058489891092633473e-01 4.943064310403100237e-01 5.036001952175682694e-01 5.209147107608713689e-01 5.386278612400686727e-01
4.326994564062214277e-02 3.062129944926158531e-01 7.453486556470507729e-01 6.951009828149571357e-01 6.296714389728292893e-01 5.589462843635802924e-01 5.084127473927875229e-01 5.005416847754668996e-01 5.097804147860076629e-01 5.276691879335897450e-01 5.453873183994230045e-01
5.409221995421844426e-02 3.295442219676341655e-01 7.468009519832848886e-01 6.913885160301861399e-01 6.250715536601579858e-01 5.559091448175829120e-01 5.111562120052460800e-01 5.067870348649999857e-01 5.159779622805519272e-01 5.342194036056965301e-01 5.517561079221725562e-01
6.659562792075718329e-02 3.516757801921029380e-01 7.466984483201701828e-01 6.867218049085167531e-01 6.198461470780869398e-01 5.528162758275930733e-01 5.141879606709398587e-01 5.130730167613903880e-01 5.221824008694428976e-01 5.405528064711353498e-01 5.577461981781289824e-01
8.079208912589722069e-02 3.724941546815084825e-01 7.452387391886883261e-01 6.811771673262643212e-01 6.141233446487959213e-01 5.498514932335009098e-01 5.175933856656136367e-01 5.194083362981944951e-01 5.283678241640052953e-01 5.466537258465085092e-01 5.633688201986725153e-01
9.665536693971912841e-02 3.919278533464702341e-01 7.425647269090890346e-01 6.748327526621850092e-01 6.080498991748894966e-01 5.472011720219209785e-01 5.214285049787095172e-01 5.257813152691189762e-01 5.344973892179147867e-01 5.525059157852195701e-01 5.686350531917537809e-01
1.141229254440505464e-01 4.099423125771434195e-01 7.387803276481988979e-01 6.677774924004977741e-01 6.017931134058375209e-01 5.450437767798049782e-01 5.257156095543206176e-01 5.321631963809606569e-01 5.405283377671277201e-01 5.580946341870778316e-01 5.735562469737119917e-01
1.330960144753929597e-01 4.265332131379828140e-01 7.339640263365536654e-01 6.601186997076592400e-01 5.955390222958187874e-01 5.435368513377220046e-01 5.304419170286063245e-01 5.385128779401084920e-01 5.464168131935659423e-01 5.634081156038732718e-01 5.781442784234326338e-01
1.534369161182504437e-01 4.417192113275969501e-01 7.281807203818408958e-01 6.519877666421419748e-01 5.894862995067341460e-01 5.428034704172961522e-01 5.355618917637869902e-01 5.447823744295885451e-01 5.521219011831459689e-01 5.684384131499083948e-01 5.824116608116851612e-01
1.749636530723611416e-01 4.555350816910053724e-01 7.214922382375839049e-01 6.435430953639839080e-01 5.838359228058686012e-01 5.429207530439681406e-01 5.410031348767417869e-01 5.509222035881168322e-01 5.576085420075991284e-01 5.731816781614906819e-01 5.863715372437227069e-01
1.974442700219124214e-01 4.680260028496138758e-01 7.139667135926096586e-01 6.349692523425077839e-01 5.787775160225919757e-01 5.439130081275042050e-01 5.466749602203958558e-01 5.568859974997359963e-01 5.628492100677564558e-01 5.776380032464688563e-01 5.900375934311250514e-01
2.205947466645764299e-01 4.792433922472394414e-01 7.056867090559050260e-01 6.264715001004360628e-01 5.744742773597918406e-01 5.457512605339336353e-01 5.524782054522272556e-01 5.626338745388325124e-01 5.678244678161399328e-01 5.818109744722606003e-01 5.934239227782008852e-01
2.440858533156792798e-01 4.892424195514312735e-01 6.967556770839452573e-01 6.182654587843660066e-01 5.710491513224690285e-01 5.483594533117982506e-01 5.583146615175533789e-01 5.681344041364412289e-01 5.725226382765095101e-01 5.857070694313920578e-01 5.965448708760078267e-01
2.675632790224636293e-01 4.980811352636279055e-01 6.873020986981152047e-01 6.105626711866891654e-01 5.685750248659688921e-01 5.516260159501250593e-01 5.640947654621194518e-01 5.733652614619171306e-01 5.769388948231137793e-01 5.893350111850436113e-01 5.994148791968839651e-01
2.906807846093820147e-01 5.058210259815251186e-01 6.774805480378714995e-01 6.035540611375626030e-01 5.670710228437624290e-01 5.554183111854843480e-01 5.697427599375886054e-01 5.783128480441100949e-01 5.810740532027255378e-01 5.927051545993495818e-01 6.020483407070823523e-01
3.131389634549433532e-01 5.125287165683541923e-01 6.674690810915592243e-01 5.973942400637116679e-01 5.665055761306351245e-01 5.595971169190884220e-01 5.751991635841174899e-01 5.829712302780241107e-01 5.849332945502487835e-01 5.958289495723725349e-01 6.044594742131265130e-01
3.347170106674039469e-01 5.182784488211712448e-01 6.574627742221442750e-01 5.921898308784409037e-01 5.668053034560587289e-01 5.640287863451215467e-01 5.804209216271041250e-01 5.873407360439516500e-01 5.885249753043697574e-01 5.987184998309782458e-01 6.066622198978636193e-01
3.552866686314376521e-01 5.231548566939807632e-01 6.476638802489294022e-01 5.879941758120866835e-01 5.678674768198423983e-01 5.685937445125360812e-01 5.853799050016695871e-01 5.914264823284408612e-01 5.918596101945589050e-01 6.013862180135587376e-01 6.086701556518205880e-01
3.748058729294251323e-01 5.272554340500240633e-01 6.382697642233690072e-01 5.848091664053091110e-01 5.695733534857958524e-01 5.731910792221640571e-01 5.900604908594533349e-01 5.952370174586359974e-01 5.949490591342327939e-01 6.038445671824059779e-01 6.104964322086466888e-01
3.932983453175949995e-01 5.306919869151991431e-01 6.294603150243606171e-01 5.825930937749249638e-01 5.718000144271854213e-01 5.777398147665993022e-01 5.944568506066219005e-01 5.987831761481886561e-01 5.978059116763377867e-01 6.061058741550178208e-01 6.121537244143244738e-01
4.108287679194081998e-01 5.335903418754415206e-01 6.213867231542599123e-01 5.812720860640429033e-01 5.744292661870139538e-01 5.821778687068892566e-01 5.985703817198416710e-01 6.020771786251956081e-01 6.004430422757839336e-01 6.081821992264838661e-01 6.136541958753819470e-01
4.274810042514528563e-01 5.360877210111419933e-01 6.141632922603957878e-01 5.807523166241316259e-01 5.773532081406616001e-01 5.864597237282161979e-01 6.024075223660715350e-01 6.051319612756157484e-01 6.028733019748586663e-01 6.100852482898027063e-01 6.150094744789621481e-01
4.433426047637412659e-01 5.383275419104038839e-01 6.078633580497980748e-01 5.809306975199772793e-01 5.804768806586455554e-01 5.905536397472168630e-01 6.059780296917959275e-01 6.079607033494133228e-01 6.051093127112184833e-01 6.118263157825492016e-01 6.162306366692090753e-01
4.584955511712566767e-01 5.404519378261950502e-01 6.025195717806899331e-01 5.817028171552994786e-01 5.837188277692000327e-01 5.944389389263234902e-01 6.092937001794201946e-01 6.105765069491270181e-01 6.071633352942320538e-01 6.134162494835588841e-01 6.173281987809355886e-01
4.730117092451244232e-01 5.425928981814970298e-01 5.981279746366036099e-01 5.829679431478299589e-01 5.870104569675977935e-01 5.981036285292155030e-01 6.123674594906189927e-01 6.129921897853090051e-01 6.090471883797794472e-01 6.148654305152901900e-01 6.183121141077483340e-01
4.869512735201946829e-01 5.448634078334153585e-01 5.946546581274919641e-01 5.846316440434921047e-01 5.902948930512958992e-01 6.015424367369859304e-01 6.152127354942574788e-01 6.152201570564044264e-01 6.107722018098651340e-01 6.161837638027742869e-01 6.191917746899990860e-01
5.003628671826744201e-01 5.473501223517855951e-01 5.920435296509921619e-01 5.866068763755820648e-01 5.935257537022072816e-01 6.047552315224243857e-01 6.178430358863106209e-01 6.172723268723223633e-01 6.123491926853755762e-01 6.173806756819638641e-01 6.199760170433136208e-01
5.132844348991435490e-01 5.501088641463940387e-01 5.902238206681387211e-01 5.888143189674522882e-01 5.966660330163099379e-01 6.077457534286745400e-01 6.202716682814445326e-01 6.191600909733541158e-01 6.137884563119251347e-01 6.184651163983535538e-01 6.206731312184450289e-01
5.257444429205127001e-01 5.531636245528960272e-01 5.891163947001141210e-01 5.911824818145562377e-01 5.996871184758979512e-01 6.105205929445953750e-01 6.225115578990023657e-01 6.208942983131526816e-01 6.150997668200904878e-01 6.194455659747306608e-01 6.212908727002587339e-01
5.377631451384888850e-01 5.565090054753535354e-01 5.886384531294948097e-01 5.936478313018144215e-01 6.025678922140544902e-01 6.130883592172996499e-01 6.245751321693961966e-01 6.224852532886928635e-01 6.162923840540615039e-01 6.203300424354196707e-01 6.218364767310811114e-01
5.493538122227054066e-01 5.601153688656995699e-01 5.887067130184088226e-01 5.961549573137404634e-01 6.052938567814265536e-01 6.154590044834438167e-01 6.264742517832326829e-01 6.239427232633557585e-01 6.173750644961124578e-01 6.211261117192947712e-01 6.223166746933926907e-01
5.605238911238675792e-01 5.639355633323445138e-01 5.892394241881617756e-01 5.986566955959283787e-01 6.078562490222245707e-01 6.176432812411704054e-01 6.282201744089580542e-01 6.252759518932187177e-01 6.183560747536507307e-01 6.218408988446653130e-01 6.227377122186618097e-01
5.712760947789279342e-01 5.679120272632380839e-01 5.901576777505519456e-01 6.011140975792236274e-01 6.102511377771887568e-01 6.196523157448763364e-01 6.298235415164726847e-01 6.264936759548995759e-01 6.192432066294297766e-01 6.224811000410183093e-01 6.231053687104550765e-01
5.816094364677676376e-01 5.719832735709736715e-01 5.913863845520123119e-01 6.034961748262283043e-01 6.124785264251901840e-01 6.214972835212996261e-01 6.312943814008119547e-01 6.276041441326911663e-01 6.200437931221121080e-01 6.230529956600172614e-01 6.234249779860888685e-01
5.915202296761399303e-01 5.760891197683147835e-01 5.928551510982559281e-01 6.057794002386213128e-01 6.145414937700415248e-01 6.231891725469248522e-01 6.326421232687642338e-01 6.286151367200235596e-01 6.207647249248642307e-01 6.235624637379547641e-01 6.237014497556551129e-01
6.010030751915013125e-01 5.801744068289503842e-01 5.944991271870094796e-01 6.079469975145346261e-01 6.164454071281380010e-01 6.247386192821311468e-01 6.338756185265513876e-01 6.295339855284574071e-01 6.214124671406963119e-01 6.240149941159175428e-01 6.239392916724224580e-01
6.100518515707584744e-01 5.841912555916679572e-01 5.962597901527214583e-01 6.099880816282305940e-01 6.181972335779665206e-01 6.261558028998424064e-01 6.350031663872843790e-01 6.303675935360039118e-01 6.219930760367660127e-01 6.244157030407027076e-01 6.241426317057202633e-01
6.186607117624538521e-01 5.881000980987719506e-01 5.980855802930875598e-01 6.118967244877598910e-01 6.198049637213497443e-01 6.274503840464228377e-01 6.360325416910661556e-01 6.311224539786068899e-01 6.225122157294743497e-01 6.247693481752926159e-01 6.243152406070866522e-01
6.268250681365471477e-01 5.918697971044992734e-01 5.999323025253688879e-01 6.136710156516561598e-01 6.212771506363754526e-01 6.286314761726011779e-01 6.369710234373830993e-01 6.318046687126332994e-01 6.229751747370766424e-01 6.250803439472224499e-01 6.244605542630410344e-01
6.345425239319143484e-01 5.954771604392223860e-01 6.017632413283898751e-01 6.153121743066934934e-01 6.226225572345748249e-01 6.297076395457811282e-01 6.378254229923798757e-01 6.324199657635489746e-01 6.233868823637442880e-01 6.253527771602948038e-01 6.245816957536104441e-01
6.418136871114585862e-01 5.989061050345702020e-01 6.035489793731111385e-01 6.168237513179012366e-01 6.238498989173528742e-01 6.306868901806282901e-01 6.386021112750689399e-01 6.329737160350080716e-01 6.237519248944890515e-01 6.255904227931161632e-01 6.246814969650116289e-01
6.486427897845429280e-01 6.021466588573595180e-01 6.052669497980033286e-01 6.182109431003115496e-01 6.249676652494776663e-01 6.315767178697374584e-01 6.393070444708682798e-01 6.334709491911628687e-01 6.240745615898156684e-01 6.257967599097852274e-01 6.247625196381247914e-01
6.550380386466410076e-01 6.051939269759354367e-01 6.069007796131121735e-01 6.194800246311104042e-01 6.259840037706775329e-01 6.323841091368213041e-01 6.399457879943794003e-01 6.339163687516221612e-01 6.243587404780350791e-01 6.259749876165049409e-01 6.248270757717814261e-01
6.610116420606665377e-01 6.080470990341172444e-01 6.084394949884113224e-01 6.206378980684037483e-01 6.269066502784716999e-01 6.331155722409421704e-01 6.405235385533272208e-01 6.343143664627945988e-01 6.246081139573078644e-01 6.261280410148996056e-01 6.248772473408629180e-01
6.665794955516727294e-01 6.107085408408253757e-01 6.098766599091933749e-01 6.216917462451706511e-01 6.277428921846640586e-01 6.337771623665650056e-01 6.410451442796687438e-01 6.346690360415588872e-01 6.248260542429995290e-01 6.262586071288451794e-01 6.249149053313394209e-01
6.717605528286871852e-01 6.131829903090552092e-01 6.112095114471891577e-01 6.226487763668239195e-01 6.284995542692816128e-01 6.343745059104375361e-01 6.415151230180535791e-01 6.349841864361406296e-01 6.250156687302576008e-01 6.263691408140217298e-01 6.249417281321211215e-01
6.765759538778421955e-01 6.154768643483466972e-01 6.124381416317093985e-01 6.235160379499568029e-01 6.291829989115020894e-01 6.349128234006403693e-01 6.419376790163626723e-01 6.352633548185213641e-01 6.251798153828862503e-01 6.264618806906792070e-01 6.249592193472813806e-01
6.810480147650362914e-01 6.175976757015323448e-01 6.135647610019768772e-01 6.243002997263921161e-01 6.297991354182700396e-01 6.353969511185636465e-01 6.423167184550659936e-01 6.355098196063876381e-01 6.253211182955179526e-01 6.265388651567190825e-01 6.249687250880491263e-01
6.851991982393808023e-01 6.195535551020054932e-01 6.145930648419435371e-01 6.250079722335786236e-01 6.303534352639632576e-01 6.358313619684045070e-01 6.426558644658749708e-01 6.357266138894152041e-01 6.254419835856223076e-01 6.266019485211411499e-01 6.249714507564488875e-01
6.890511782368642368e-01 6.213528731307241815e-01 6.155277112930239714e-01 6.256450654830417735e-01 6.308509518160062557e-01 6.362201865279226709e-01 6.429584724787452688e-01 6.359165396667919579e-01 6.255446157270587726e-01 6.266528172268989172e-01 6.249684772299139990e-01
6.926240888114377769e-01 6.230039566547619367e-01 6.163739115375499455e-01 6.262171738474081595e-01 6.312963443695428500e-01 6.365672354417983847e-01 6.432276468209828790e-01 6.360821832412342225e-01 6.256310343113355987e-01 6.266930059942851239e-01 6.249607761997316713e-01
6.959360162467080890e-01 6.245148955759979303e-01 6.171371258481648248e-01 6.267294826014326858e-01 6.316939069500104864e-01 6.368760242719467835e-01 6.434662593771527384e-01 6.362259319144153435e-01 6.257030910059361295e-01 6.267239135176942977e-01 6.249492242295773270e-01
6.990027596581550595e-01 6.258934355541468930e-01 6.178228548565773970e-01 6.271867919789780865e-01 6.320476022788614756e-01 6.371498014928451692e-01 6.436769707252995021e-01 6.363499917742270195e-01 6.257624861935195959e-01 6.267468171275687450e-01 6.249346149360180958e-01
7.018378551735658943e-01 6.271469502798122653e-01 6.184365121493087258e-01 6.275935549593757434e-01 6.323611005326585932e-01 6.373915794853711736e-01 6.438622534828049027e-01 6.364564058971350358e-01 6.258107844886130477e-01 6.267628856571467733e-01 6.249176686262513103e-01
7.044528332192514508e-01 6.282824822691241984e-01 6.189833617270543709e-01 6.279539243730539733e-01 6.326378212279603064e-01 6.376041672540015970e-01 6.440244167272722864e-01 6.365470718218889656e-01 6.258494281458962805e-01 6.267731897219820381e-01 6.248990388362080095e-01
7.068576569515752084e-01 6.293068346487525888e-01 6.194685019351522381e-01 6.282718037698732383e-01 6.328809751170381137e-01 6.377902024532448033e-01 6.441656295330244753e-01 6.366237568516288636e-01 6.258797474108844794e-01 6.267787088067553469e-01 6.248793155356416884e-01
7.090612723477135448e-01 6.302266898723095645e-01 6.198968766616669290e-01 6.285508955464355063e-01 6.330936019239232770e-01 6.379521795580168630e-01 6.442879411848059235e-01 6.366881097759674590e-01 6.259029671899695169e-01 6.267803349773058974e-01 6.248590252743707607e-01
