8.014555875929665690e-06 6.003660328213167411e-05 3.399893844613926402e-04 8.173994902383677078e-04 1.532692237333574663e-03 2.811887152661984943e-03 5.438236359706714873e-03 9.440421475465346837e-03 1.724568891294803522e-02 2.583166837459294207e-02 3.425933456460467791e-02
9.853280495848629856e-06 7.577103691475101750e-05 4.296103875715330013e-04 1.034704280168044369e-03 1.945949992206432886e-03 3.582361536663637627e-03 6.910009033113637643e-03 1.181294481816502935e-02 2.121546625151835008e-02 3.095437402642841479e-02 4.010112264196647597e-02
1.230286164000107674e-05 9.563384561004266502e-05 5.430695705332741355e-04 1.310938272425787214e-03 2.474289629227117201e-03 4.571337241176928225e-03 8.773320093941472039e-03 1.471476274167769077e-02 2.591027425193025147e-02 3.677973094713852392e-02 4.660495596152009617e-02
1.545756391213080517e-05 1.207110144262633558e-04 6.868411248294627311e-04 1.662747333251365532e-03 3.151366451297673340e-03 5.842126342600023441e-03 1.112121501640291055e-02 1.822733371962613480e-02 3.138923027780902986e-02 4.332193699226415118e-02 5.378980337158052044e-02
1.946891234894716110e-05 1.523759488378811260e-04 8.692365346860796019e-04 2.111798456485280799e-03 4.021023106575295769e-03 7.475063297028066746e-03 1.406036788635457030e-02 2.242906154835381735e-02 3.769453230074382155e-02 5.058077158823024583e-02 6.167182694612391436e-02
2.454407402759952494e-05 1.923665870770261473e-04 1.100966215503323617e-03 2.686382237660546370e-03 5.140115447074948031e-03 9.570311442720785128e-03 1.770829228653759968e-02 2.738922637903312696e-02 4.484730937894883945e-02 5.854279647219971100e-02 7.026578015743661920e-02
3.095201306629751951e-05 2.428838126085301329e-04 1.395886079838045942e-03 3.423489798520014046e-03 6.581734323157127468e-03 1.224979654735775490e-02 2.218792660788656418e-02 3.316144602619794379e-02 5.284524608793350620e-02 6.718376361455197232e-02 7.958639760183762457e-02
3.903525153167556222e-05 3.067173507290625709e-04 1.771987318132275122e-03 4.371430293925890505e-03 8.438554444191764120e-03 1.565729880702339955e-02 2.761926480622456728e-02 3.977756899879282548e-02 6.166244881980201958e-02 7.647187333345939475e-02 8.964962264173266526e-02
4.922656387816110930e-05 3.874072203288698806e-04 2.252697676128455426e-03 5.592993365163923501e-03 1.082578487890877884e-02 1.995549301772170728e-02 3.410821150528520890e-02 4.724303113771233242e-02 7.125164333326512722e-02 8.637143430402552391e-02 1.004735584749620741e-01
6.207075697542494951e-05 4.894512317652559806e-04 2.868565475701818218e-03 7.169035374305274960e-03 1.388287184836527535e-02 2.531868483527302191e-02 4.173355693600649258e-02 5.553460602865884638e-02 8.154838980112996683e-02 9.684648229597747626e-02 1.120790708754767911e-01
7.825218623244218274e-05 6.185720230031882885e-04 3.659384802015143000e-03 9.202156623635661739e-03 1.777277057496009019e-02 3.192032520448363081e-02 5.053375164813884296e-02 6.460112899290812449e-02 9.247668249469020996e-02 1.078639974654600764e-01 1.244900082405548808e-01
9.862899825938295734e-05 7.820606374535202026e-04 4.676778863915879297e-03 1.181982851714666501e-02 2.267737667056848525e-02 3.991524096186893633e-02 6.049577073451520293e-02 7.436724676223807617e-02 1.039551423104704553e-01 1.193964856007062592e-01 1.377330318245570950e-01
1.242753473274161484e-04 9.892173437100304067e-04 5.987172518977589009e-03 1.517594495440512808e-02 2.878776648061984536e-02 4.941790333651524536e-02 7.154851269525180912e-02 8.473968278255601672e-02 1.159030306403551341e-01 1.314238196926549029e-01 1.518370652381370312e-01
1.565330301817001977e-04 1.251913496028808637e-03 7.674938612820958114e-03 1.944938656766453597e-02 3.628843960816744568e-02 6.047971803937626095e-02 8.356268068700180296e-02 9.561507282547428155e-02 1.282454764084899335e-01 1.439343467546526922e-01 1.668323793044601544e-01
1.970741101420429376e-04 1.585299216730509490e-03 9.845288210868000794e-03 2.483795128124523591e-02 4.533591564991281547e-02 7.306971897715371089e-02 9.635795244689408789e-02 1.068882324186791050e-01 1.409175460812918668e-01 1.569253371098486838e-01 1.827493294655346823e-01
2.479761145705107516e-04 2.008677994081830686e-03 1.262620418745458682e-02 3.154614537514457279e-02 5.603373806563786280e-02 8.706348615190777351e-02 1.097167315995353082e-01 1.184597931909272955e-01 1.538670282015422996e-01 1.704028881777255588e-01 1.996167617352089252e-01
3.118112131918922541e-04 2.546557137237280208e-03 1.616843849862763596e-02 3.976609064368092500e-02 6.840779191295144612e-02 1.022440651439369269e-01 1.234023503331809352e-01 1.302424280128202938e-01 1.670559981898548374e-01 1.843813989913348494e-01 2.174601029947034470e-01
3.917503008706404218e-04 3.229857502096518049e-03 2.064240045708084018e-02 4.965232298678574213e-02 8.238715765864983165e-02 1.183161675965198611e-01 1.371787268461297782e-01 1.421652626464351699e-01 1.804613523518003027e-01 1.988827153408773141e-01 2.362991549030898364e-01
4.916819526266289452e-04 4.097221780383369753e-03 2.623079441617066215e-02 6.129338668777192106e-02 9.779573622008215505e-02 1.349317077008173882e-01 1.508284281138715377e-01 1.541764318850487314e-01 1.940745529698487959e-01 2.139350182850892068e-01 2.561456198413752383e-01
6.163445809350443253e-04 5.196294324708122109e-03 3.311626737948673849e-02 7.468529344719623819e-02 1.143581605190641948e-01 1.517219482125829466e-01 1.641667910718552781e-01 1.662440048099376733e-01 2.079008243610227236e-01 2.295714983500600770e-01 2.770004034220360789e-01
7.714675712943980376e-04 6.584758297867682360e-03 4.146418453326201903e-02 8.971318038215692070e-02 1.317203283993738927e-01 1.683302228109180287e-01 1.770508938695965206e-01 1.783556492688350703e-01 2.219580029400126664e-01 2.458288290466403014e-01 2.988507617365964153e-01
9.639134986758666037e-04 8.330818644106266838e-03 5.140189472916771585e-02 1.061469401756797576e-01 1.494812646736222717e-01 1.844397342427025188e-01 1.893833356113987787e-01 1.905174417143315202e-01 2.362751907598981682e-01 2.627454292915064049e-01 3.216673923772800925e-01
1.201808671695145858e-03 1.051273648246241026e-02 6.299719840506586011e-02 1.236538714182239818e-01 1.672302838157734284e-01 1.997928704908447928e-01 2.011116601557743633e-01 2.027521874921877354e-01 2.508913047296398302e-01 2.803594865163302474e-01 3.454016049655483367e-01
1.494643462055210859e-03 1.321699147827561961e-02 7.623973514117690642e-02 1.418271795386259193e-01 1.845825701104621408e-01 2.142009340440276244e-01 2.122247114320800765e-01 2.150975343051466371e-01 2.658535603051344065e-01 2.987067017822981896e-01 3.699827467098111278e-01
1.853317937700867417e-03 1.653472190234245645e-02 9.102920503536668373e-02 1.602249870854525471e-01 2.012074695996234619e-01 2.275452730708692750e-01 2.227472680510987069e-01 2.276040665463504031e-01 2.812158821989465540e-01 3.178177162952097734e-01 3.953160970730884016e-01
2.290103759108499080e-03 2.055630776474866653e-02 1.071734801958054289e-01 1.784120375176366513e-01 2.168463107195467698e-01 2.397720513951916432e-01 2.327341023272451181e-01 2.403334784386669531e-01 2.970371961772417246e-01 3.377151871011832007e-01 4.212814769714492980e-01
2.818492458146896421e-03 2.536432635862452545e-02 1.243978752137548105e-01 1.959963630915524391e-01 2.313193631730651179e-01 2.508832527974739213e-01 2.422642875280509867e-01 2.533568476650316925e-01 3.133795248456857085e-01 3.584105009238769957e-01 4.477328346019349148e-01
3.452905948790042662e-03 3.102556676827546156e-02 1.423646101841405942e-01 2.126555017714414353e-01 2.445237002214050437e-01 2.609262290536316642e-01 2.514362477420254427e-01 2.667529699308258118e-01 3.303057862057887650e-01 3.799001521661062308e-01 4.744990637381553689e-01
4.208259907575693202e-03 3.758321753925099318e-02 1.606994672461371509e-01 2.281501885120084394e-01 2.564248332373994521e-01 2.699834975895654132e-01 2.603637687687659907e-01 2.806066666031217238e-01 3.478771776496685231e-01 4.021618671710490145e-01 5.013862731480193125e-01
5.099395140317138607e-03 4.505057868828701156e-02 1.790213784140088082e-01 2.423264881190116682e-01 2.670451094132578196e-01 2.781638407512552202e-01 2.691729858065045611e-01 2.950069391766534377e-01 3.661500229487910096e-01 4.251506339761090270e-01 5.281816516004392836e-01
6.140423253960082019e-03 5.340756225821303993e-02 1.969704777226669035e-01 2.551092499830423521e-01 2.764513467351224496e-01 2.855952095542460545e-01 2.780002282087476462e-01 3.100448136428237689e-01 3.851719713024240876e-01 4.487948941671873193e-01 5.546589595186207644e-01
7.344063286565377831e-03 6.260080278134004528e-02 2.142309488130759443e-01 2.664903916352219793e-01 2.847434067776970501e-01 2.924195453576327597e-01 2.869905151697276779e-01 3.258106949038938605e-01 4.049774741079751328e-01 4.729932648632989567e-01 5.805855293570306719e-01
8.721064160246925698e-03 7.254750504637613728e-02 2.305464607215849671e-01 2.765151772394718876e-01 2.920446558848242002e-01 2.987893945524757733e-01 2.962964387776398367e-01 3.423910394366093679e-01 4.255825375548794587e-01 4.976122700106944130e-01 6.057304833500516406e-01
1.027980271336711819e-02 8.314241972960380311e-02 2.457276353914952804e-01 2.852688273535781138e-01 2.984946817072728908e-01 3.048660665722626728e-01 3.060771255777671174e-01 3.598641608088591348e-01 4.469788685380577387e-01 5.224856464719440652e-01 6.298736986387437620e-01
1.202611311926353628e-02 9.426678095315832451e-02 2.596523941803968172e-01 2.928648807178591551e-01 3.042442484844152251e-01 3.108190309182186639e-01 3.164969234674356313e-01 3.782950192921620824e-01 4.691277051273694543e-01 5.474158172112598697e-01 6.528148923460069808e-01
1.396334560221679580e-02 1.057978080423462447e-01 2.722609199339794950e-01 2.994359639081745628e-01 3.094522623782526849e-01 3.168262262538961704e-01 3.277234133405982908e-01 3.977289297246816013e-01 4.919538478764323153e-01 5.721780510356051508e-01 6.743820935003448369e-01
1.609258628701796742e-02 1.176174843461650910e-01 2.835472897136732118e-01 3.051270941507024381e-01 3.142844260544680468e-01 3.230749342681417668e-01 3.399242988736072002e-01 4.181842688264270080e-01 5.153406622873535348e-01 5.965276208024126170e-01 6.944387441247613646e-01
1.841291721101393289e-02 1.296196855481060450e-01 2.935496918906234654e-01 3.100913315955176608e-01 3.189132380611403583e-01 3.297628313046573889e-01 3.532626981801498256e-01 4.396444886183425993e-01 5.391270556869766084e-01 6.202099162589796988e-01 7.128887490790213333e-01
2.092157453809770362e-02 1.417151921417300064e-01 3.023407292272797808e-01 3.144874547676922982e-01 3.235189954211757923e-01 3.370987570747545625e-01 3.678903754696090656e-01 4.620500475478967473e-01 5.631075629761806978e-01 6.429729900541514276e-01 7.296789777899569396e-01
2.361388240141579220e-02 1.538345498667839650e-01 3.100188103571698273e-01 3.184792947308728306e-01 3.282914561286080501e-01 3.453026248405224874e-01 3.839385506471610920e-01 4.852912299028769860e-01 5.870366043686482405e-01 6.645814937798558697e-01 7.447989931646983308e-01
2.648289638615852412e-02 1.659290525093861379e-01 3.167011749985875757e-01 3.222363772791748127e-01 3.334317896252427804e-01 3.546037446915832336e-01 4.015061616221062835e-01 5.092031712237331531e-01 6.106376131859380108e-01 6.848305190982133528e-01 7.582781034126894193e-01
2.951877321238105187e-02 1.779702871158485300e-01 3.225187473644240965e-01 3.259355494169713374e-01 3.391543721328911798e-01 3.652366623248440303e-01 4.206458781450810869e-01 5.335646300950986909e-01 6.336170394553093388e-01 7.035576377840289108e-01 7.701801448411931261e-01
3.270797802205303861e-02 1.899487205128777001e-01 3.276127796892471800e-01 3.297632792532657064e-01 3.456878605281986649e-01 3.774334807597336527e-01 4.413488018954445646e-01 5.581019986557050894e-01 6.556822898193078730e-01 7.206515419136954037e-01 7.805966489860952651e-01
3.603253504641388411e-02 2.018717581302602315e-01 3.321331148401077682e-01 3.339182977370851457e-01 3.532748033074741834e-01 3.914116245245018999e-01 4.635295973749116172e-01 5.824995886293720115e-01 6.765616711250351800e-01 7.360561456349294929e-01 7.896391804701324846e-01
3.946960847239351644e-02 2.137616138548760480e-01 3.362378321642199297e-01 3.386141815842838021e-01 3.621688373772041225e-01 4.073562666249583297e-01 4.870146406038189935e-01 6.064163112557355850e-01 6.960236636679998368e-01 7.497697367579683192e-01 7.974316343166020227e-01
4.299175101084536099e-02 2.256532262345834206e-01 3.400940113137905785e-01 3.440813483518954663e-01 3.726283223721412186e-01 4.253973429881295343e-01 5.115363810376282183e-01 6.295075906460197990e-01 7.138926521636609346e-01 7.618395813936216232e-01 8.041031658746580213e-01
4.656815350705620360e-02 2.375923622821385084e-01 3.438793259292929894e-01 3.505677425565416616e-01 3.849051735234768068e-01 4.455823753843848878e-01 5.367371264932864205e-01 6.514500046087033924e-01 7.300587382106746848e-01 7.723530781603409334e-01 8.097822310439356519e-01
5.016714061717233303e-02 2.496339745582421554e-01 3.477841391470517518e-01 3.583372459923992448e-01 3.992278207019425151e-01 4.678482120414491074e-01 5.621845431279725025e-01 6.719651621397134678e-01 7.444803615269975916e-01 7.814269653681114036e-01 8.145919888765350558e-01
5.375996359546354741e-02 2.618408214033477455e-01 3.520136976298655629e-01 3.676645843120284751e-01 4.157778430704319184e-01 4.919969604162819365e-01 5.873991880164010082e-01 6.908391054938703979e-01 7.571798566049373624e-01 7.891961408016072710e-01 8.186471092859415322e-01
5.732564959439579583e-02 2.742823209648498906e-01 3.567898982974905264e-01 3.788253119371420286e-01 4.346610933045625957e-01 5.176830769320889258e-01 6.118916425656049096e-01 7.079342493440320405e-01 7.682333504651659428e-01 7.958034049153337453e-01 8.220518675021474264e-01
6.085633557874273181e-02 2.870335819718012882e-01 3.623519306240465254e-01 3.920794927671780727e-01 4.558760833530318690e-01 5.444186927159473388e-01 6.352040394503433163e-01 7.231923788771953410e-01 7.777572178833618288e-01 8.013910052534758410e-01 8.248993075338039160e-01
6.436225209381349344e-02 3.001745326215620735e-01 3.689548943488190624e-01 4.076481806372016514e-01 4.792847872099284534e-01 5.716017914952759016e-01 6.569489937514244593e-01 7.366290591753080763e-01 7.858935023048720936e-01 8.060943833503199096e-01 8.272712164043866112e-01
6.787544937842333870e-02 3.137890483927837648e-01 3.768653057978576526e-01 4.256829953624343688e-01 5.045930901438838712e-01 5.985666627987561439e-01 6.768390085787726607e-01 7.483213916204985994e-01 7.927963554055756923e-01 8.100381176770913294e-01 8.292386561640211484e-01
7.145154518426584389e-02 3.279639556450316684e-01 3.863523276785532090e-01 4.462311445846280367e-01 5.313487352007624231e-01 6.246494351133539125e-01 6.947015203246326154e-01 7.583919608097612342e-01 7.986208661999185665e-01 8.133337777766145305e-01 8.308628347124079605e-01
7.516918212566525703e-02 3.427877569068034647e-01 3.976737261378591737e-01 4.692009975545405887e-01 5.589626649241244971e-01 6.492560417444587229e-01 7.104782162833994663e-01 7.669919126926223463e-01 8.035148958387262619e-01 8.160792651298927058e-01 8.321961436203183515e-01
7.912736922304151876e-02 3.583488835992327259e-01 4.110561367886916284e-01 4.943360532427600873e-01 5.867547793463331329e-01 6.719183463592357519e-01 7.242108512778782092e-01 7.742855457732310542e-01 8.076139015474038674e-01 8.183591906729796861e-01 8.332832396792168028e-01
8.344126921594893775e-02 3.747332332169216462e-01 4.266703226107210201e-01 5.212065254980432494e-01 6.140184079290696983e-01 6.923274344031989935e-01 7.360182938665111863e-01 7.804378984550972564e-01 8.110383182465602525e-01 8.202458878643772433e-01 8.341620897153908532e-01
8.823715934517913084e-02 3.920206969286356702e-01 4.446036825548851379e-01 5.492262531286845606e-01 6.400916698217633538e-01 7.103399213749154173e-01 7.460703244862156858e-01 7.856058977553490585e-01 8.138928752167571279e-01 8.218007454074436335e-01 8.348649320990825240e-01
9.364722643072932728e-02 4.102803465952886142e-01 4.648339964852872264e-01 5.776974491294402103e-01 6.644211250062933560e-01 7.259605233729602425e-01 7.545629326017959659e-01 7.899329160430795804e-01 8.162672084610265166e-01 8.230756360980298059e-01 8.354191329357808504e-01
9.980463690435960322e-02 4.295639598284962113e-01 4.872096631778215503e-01 6.058779443802335685e-01 6.866051812661539966e-01 7.393091838730913024e-01 7.616981815638996789e-01 7.935461489857114081e-01 8.182372191881044365e-01 8.241143002093709313e-01 8.358479312786037951e-01
1.068390619424119947e-01 4.498976710266804346e-01 5.114418069230043384e-01 6.330580377831437344e-01 7.064108353108786709e-01 7.505824641812206544e-01 7.676698872469995827e-01 7.965560603576672394e-01 8.198667636681854498e-01 8.249536056044300958e-01 8.361710776130389933e-01
1.148726283800644010e-01 4.712718156379518408e-01 5.371121716631792609e-01 6.586304346479326943e-01 7.237648285570901230e-01 7.600172367388958738e-01 7.726549220495061432e-01 7.990571633083281000e-01 8.212093963708340105e-01 8.256246513779975649e-01 8.364053751475126752e-01
1.240161532726464511e-01 4.936295497248787689e-01 5.636978586978030892e-01 6.821390080661479116e-01 7.387261864373576570e-01 7.678615352102355907e-01 7.768091152326870308e-01 8.011295374032768590e-01 8.223100030233700952e-01 8.261537099483895474e-01 8.365651356472949551e-01
1.343655078044126705e-01 5.168555874996142441e-01 5.906104686105203561e-01 7.032991907900970618e-01 7.514496185438963582e-01 7.743542413185308115e-01 7.802664245509280949e-01 8.028406459401959960e-01 8.232062445835715003e-01 8.265630181785258435e-01 8.366625618661661656e-01
1.459980234214440786e-01 5.407672871242925616e-01 6.172441164589050899e-01 7.219912837796266247e-01 7.621484406125733635e-01 7.797130162515850671e-01 7.831401303578195972e-01 8.042471733714310345e-01 8.239297882730217681e-01 8.268714352970516490e-01 8.367080679008259692e-01
1.589689675513971390e-01 5.651110242262560313e-01 6.430249532117149336e-01 7.382342891645153893e-01 7.710628693822174640e-01 7.841287199430523325e-01 7.855250660221119174e-01 8.053967261767112085e-01 8.245073335492930644e-01 8.270949873775046424e-01 8.367105475690427285e-01
1.733082433785972098e-01 5.895668641094778950e-01 6.674546595494346146e-01 7.521502526396681709e-01 7.784363267741872816e-01 7.877642830861421031e-01 7.875002063775216055e-01 8.063293270243288013e-01 8.249614561430859139e-01 8.272473172776635408e-01 8.366775995307795810e-01
1.890175740808275884e-01 6.137635527257010448e-01 6.901418479868981493e-01 7.639279234804985386e-01 7.844998636778263146e-01 7.907562434439139309e-01 7.891312070370564147e-01 8.070786858497260852e-01 8.253112982242237772e-01 8.273400567819818585e-01 8.366157165207998014e-01
2.060684870310873773e-01 6.373037081667154435e-01 7.108180141551835307e-01 7.737914618564906144e-01 7.894633658081244842e-01 7.932176132652433154e-01 7.904726889907993659e-01 8.076732606626800814e-01 8.255731320429049447e-01 8.273831351360401154e-01 8.365304448349960564e-01
2.244013976088273521e-01 6.597963001218603019e-01 7.293379125081022041e-01 7.819766484105734605e-01 7.935117083881838562e-01 7.952412043311641865e-01 7.915701937268585509e-01 8.081371337497835761e-01 8.257608211095494033e-01 8.273850356898793112e-01 8.364265191468828187e-01
2.439260017760371269e-01 6.808910534854022423e-01 7.456671238544988478e-01 7.887146203816648438e-01 7.968041387224471528e-01 7.969029050206771769e-01 7.924618080833210065e-01 8.084907321979802886e-01 8.258861989436788731e-01 8.273530101858510566e-01 8.363079768292753791e-01
2.645230386945359724e-01 7.003083705186936569e-01 7.598613780249339200e-01 7.942218556385390871e-01 7.994755478570044760e-01 7.982646573132546886e-01 7.931794929728543941e-01 8.087514200374773532e-01 8.259593815635861702e-01 8.272932583957232078e-01 8.361782552068510732e-01
2.860473151849703966e-01 7.178592836327838400e-01 7.720425673891997409e-01 7.986947444014278474e-01 8.016387133237621310e-01 7.993770366124314242e-01 7.937501616832534079e-01 8.089339856952478813e-01 8.259890265783307317e-01 8.272110793168065968e-01 8.360402745492158116e-01
3.083317364459860488e-01 7.334525220956886749e-01 7.823755438639347082e-01 8.023072509316770962e-01 8.033869402877376054e-01 8.002814219661636974e-01 7.941965529593327799e-01 8.090510444404557244e-01 8.259825490589575159e-01 8.271109989339266999e-01 8.358965091108436773e-01
3.311919984849054366e-01 7.470889886989453554e-01 7.910483031968905676e-01 8.052105387408713399e-01 8.047967683473917777e-01 8.010117852296981811e-01 7.945379385423531060e-01 8.091133718158584065e-01 8.259463022490565187e-01 8.269968785924021182e-01 8.357490481147210604e-01
3.544315835109224100e-01 7.588466186512782263e-01 7.982566404623064882e-01 8.075338023358399342e-01 8.059305601052715318e-01 8.015961443739411108e-01 7.947906980537535748e-01 8.091301809311759463e-01 8.258857295242979513e-01 8.268720072599726745e-01 8.355996482437192396e-01
3.778467527490775857e-01 7.688599587894656695e-01 8.041932204730308786e-01 8.093858259172383995e-01 8.068388738180328756e-01 8.020577304897109627e-01 7.949687877520670298e-01 8.091093539603112506e-01 8.258054927249172117e-01 8.267391803431520803e-01 8.354497789334404123e-01
4.012313267080091506e-01 7.772987509609787793e-01 8.090403782612850536e-01 8.108569639939782192e-01 8.075625717970174033e-01 8.024159165634405788e-01 7.950841243223532029e-01 8.090576361587831222e-01 8.257095809792660557e-01 8.266007672337485346e-01 8.353006615406245450e-01
4.243811494600420731e-01 7.843487542256725176e-01 8.129657706388389027e-01 8.120213364104252873e-01 8.081346462274040521e-01 8.026869519580374090e-01 7.951469005148829039e-01 8.089807991059426717e-01 8.256014033448196843e-01 8.264587693690756964e-01 8.351533032826705671e-01
4.470982235776709279e-01 7.901966159291731184e-01 8.161200734448563754e-01 8.129390836173655543e-01 8.085817641206363149e-01 8.028845411988653202e-01 7.951658459921110422e-01 8.088837785926475954e-01 8.254838679664701084e-01 8.263148702749136820e-01 8.350085266987989918e-01
4.691945583880092752e-01 7.950193108076247794e-01 8.186361008386958682e-01 8.136585623279470880e-01 8.089255472421400528e-01 8.030202998999018682e-01 7.951484440005174292e-01 8.087707915502856393e-01 8.253594499545308105e-01 8.261704788083582551e-01 8.348669952658790416e-01
4.904957892942354847e-01 7.989777729243378035e-01 8.206289069009036208e-01 8.142183909029282463e-01 8.091836124161146948e-01 8.031041149542912372e-01 7.951011123112577961e-01 8.086454355987087173e-01 8.252302497899991485e-01 8.260267666166216660e-01 8.347292357075856151e-01
5.108446023240754696e-01 8.022138851294884354e-01 8.221965681579577190e-01 8.146492826798849007e-01 8.093704030974200325e-01 8.031444308070022631e-01 7.950293551574847406e-01 8.085107741389075953e-01 8.250980437525010647e-01 8.258847006688073700e-01 8.345956574608854872e-01
5.301039448886344374e-01 8.048498714549182642e-01 8.234214321125618019e-01 8.149756335026349108e-01 8.094978450315992724e-01 8.031484789606363472e-01 7.949378915489083708e-01 8.083694094007114472e-01 8.249643276220535171e-01 8.257450715939140817e-01 8.344665697065551946e-01
5.481599348644075054e-01 8.069892267926269680e-01 8.243716652811702295e-01 8.152168545553776235e-01 8.095758579494289897e-01 8.031224639579525038e-01 7.948307642958614139e-01 8.082235454523925000e-01 8.248303547175388495e-01 8.256085184644487152e-01 8.343421963282956488e-01
5.649243123745125716e-01 8.087184999812191410e-01 8.251029625361849806e-01 8.153884611531699855e-01 8.096127524539863396e-01 8.030717159511006065e-01 7.947114332674595216e-01 8.080750428673042496e-01 8.246971691922913017e-01 8.254755505957742656e-01 8.342226891356466778e-01
5.803362296582486035e-01 8.101094436629608930e-01 8.256603012743505277e-01 8.155029414227028539e-01 8.096155374151057238e-01 8.030008175440651597e-01 7.945828557897921529e-01 8.079254665027527649e-01 8.245656353996210219e-01 8.253465668802391075e-01 8.341081396653801106e-01
5.943631598643405178e-01 8.112212161297477353e-01 8.260796460168995381e-01 8.155704360468468694e-01 8.095901589843085278e-01 8.029137107683593788e-01 7.944475566109759912e-01 8.077761276559004555e-01 8.244364640549464163e-01 8.252218731329229451e-01 8.339985898580075663e-01
6.070007359829469040e-01 8.121024521326549728e-01 8.263895330413710827e-01 8.155992624771831734e-01 8.095416882595285468e-01 8.028137886853725647e-01 7.943076894689177214e-01 8.076281216931245899e-01 8.243102358383749273e-01 8.251016978788804357e-01 8.338940418804879906e-01
6.182714085002385396e-01 8.127931115878723745e-01 8.266124890897444955e-01 8.155963156225594091e-01 8.094744709253435255e-01 8.027039750578318644e-01 7.941650919390860208e-01 8.074823620691514714e-01 8.241874229788482831e-01 8.249862069420419441e-01 8.337944673196459044e-01
6.282219260692545326e-01 8.133260742135451915e-01 8.267662607162791222e-01 8.155673733548279847e-01 8.093922489599607584e-01 8.025867946594357205e-01 7.940213348554582273e-01 8.073396114230476650e-01 8.240684092121648430e-01 8.248755170829278338e-01 8.336998158880696286e-01
6.369197782223444682e-01 8.137284828755323440e-01 8.268648494356900525e-01 8.155173303490533820e-01 8.092982617099112597e-01 8.024644359776490488e-01 7.938777671368701938e-01 8.072005101271362282e-01 8.239535082879345662e-01 8.247697087591492338e-01 8.336100236531054364e-01
6.444488661995314560e-01 8.140228563941218631e-01 8.269193614306417084e-01 8.154503786000758536e-01 8.091953312145928612e-01 8.023388072311448127e-01 7.937355562869972125e-01 8.070656022594316914e-01 8.238429809078930965e-01 8.246688378456781265e-01 8.335250206188153932e-01
6.509047596562742566e-01 8.142279996611218040e-01 8.269386890552804514e-01 8.153701479696967569e-01 8.090859345609093811e-01 8.022115857572283959e-01 7.935957241923232708e-01 8.069353584973965043e-01 8.237370496336051673e-01 8.245729458733646045e-01 8.334447372794686615e-01
6.563899325658054673e-01 8.143597394301480552e-01 8.269300453631990289e-01 8.152798156896826631e-01 8.089722642825762922e-01 8.020842600019965074e-01 7.934591772139950594e-01 8.068101949746172563e-01 8.236359109719584293e-01 8.244820680819933134e-01 8.333691095681515781e-01
6.610093437006807626e-01 8.144315111847394428e-01 8.268993735171886739e-01 8.151821901722310360e-01 8.088562765097496721e-01 8.019581627382524891e-01 7.933267291278628397e-01 8.066904868443054433e-01 8.235397436415317074e-01 8.243962384309753144e-01 8.332980815182859935e-01
6.648666442382704656e-01 8.144548183882118764e-01 8.268516515476233009e-01 8.150797720284019832e-01 8.087397259212235623e-01 8.018344939750274847e-01 7.931991154270602307e-01 8.065765753253287818e-01 8.234487120714630848e-01 8.243154907736270909e-01 8.332316050217839498e-01
6.680611790084097779e-01 8.144395819136355241e-01 8.267911108132678377e-01 8.149747940644659350e-01 8.086241867435361996e-01 8.017143325138319510e-01 7.930769980424480226e-01 8.064687675029426073e-01 8.233629645862764468e-01 8.242398557589561969e-01 8.331696363635524571e-01
6.706858265234465488e-01 8.143943956401439310e-01 8.267213846715373293e-01 8.148692422351982989e-01 8.085110601253177043e-01 8.015986363073919208e-01 7.929609606930871912e-01 8.063673291307907887e-01 8.232826264896062618e-01 8.241693536752757732e-01 8.331121297310198903e-01
6.728256215577376187e-01 8.143267043635991076e-01 8.266456027504269777e-01 8.147648608017573624e-01 8.084015699700508595e-01 8.014882334892869942e-01 7.928514966539773612e-01 8.062724719585567801e-01 8.232077892379175976e-01 8.241039842701241014e-01 8.330590285384253946e-01
