1.361154272793134720e-17 8.206597856672074571e-17 2.062992854058352305e-17 3.806826849890001382e-17 6.839349400463033499e-17 1.311020905415937302e-16 3.581534496761511828e-16 1.072928036237035092e-15 1.788308161068898243e-15 3.632497451929972092e-15 9.163355568136345175e-15
1.929407489641452463e-17 1.163269010231223955e-16 2.924341848009086769e-17 5.396525668879802591e-17 9.696160122720011722e-17 1.858869068265575447e-16 5.079698002218448297e-16 1.522360561982021552e-15 2.539683858303434300e-15 5.166376506444768757e-15 1.304473536953294690e-14
2.734896855050394655e-17 1.648912671061309666e-16 4.145366997607289887e-17 7.650255384545249677e-17 1.374691568990853752e-16 2.635871295213934381e-16 7.205752641271918017e-16 2.160663134409422554e-15 3.608716273275642235e-15 7.354687050585219757e-15 1.858707264699976439e-14
3.876666368693406728e-17 2.337307074287718008e-16 5.876295208899104699e-17 1.084554626244761936e-16 1.949115520890620042e-16 3.738065753863851356e-16 1.022387194965979728e-15 3.067717054594545826e-15 5.131334389734286106e-15 1.048191387840842506e-14 2.651173390845095868e-14
5.495111530214621356e-17 3.313101025039564184e-16 8.330129826675922238e-17 1.537605937132494596e-16 2.763790357301380428e-16 5.301903008885689676e-16 1.451025327352543247e-15 4.357619263203117770e-15 7.302985567302034153e-15 1.496015032287479677e-14 3.785900933887364622e-14
7.789245042479105602e-17 4.696286480813702212e-16 1.180891031257290068e-16 2.180030203663768243e-16 3.919394731980784580e-16 7.521395926740124652e-16 2.060139166881735528e-15 6.193701117286984522e-15 1.040578569370885302e-14 2.138904169647420181e-14 5.413115664264604026e-14
1.104117249298452695e-16 6.656956964995200922e-16 1.674098023456136630e-16 3.091088757497477647e-16 5.558969453533132260e-16 1.067267888593709764e-15 2.926384196311013529e-15 8.810441253288144435e-15 1.484887790885814867e-14 3.064546508272144063e-14 7.749944261485395155e-14
1.565078957047429042e-16 9.436230085963328424e-16 2.373389978493744255e-16 4.383310265246334713e-16 7.885897649219282150e-16 1.514929956999126331e-15 4.159564671465422763e-15 1.254567632455133441e-14 2.122897511626625800e-14 4.401834524816574489e-14 1.111026679129698993e-13
2.218497087078329184e-16 1.337590980559982507e-15 3.364961128041119482e-16 6.216537634566454736e-16 1.118966042168413993e-15 2.151317274272027833e-15 5.917496182236521947e-15 1.788836500058623817e-14 3.042202813185497544e-14 6.341199452602629655e-14 1.594751937551010349e-13
3.144730522436893325e-16 1.896054121376506431e-15 4.771129568887342028e-16 8.817983811255413623e-16 1.588286682224927185e-15 3.056861610409594571e-15 8.428000953581097494e-15 2.555011827174646058e-14 4.372324983852306058e-14 9.165319965585898598e-14 2.291560885392693563e-13
4.457696427644140556e-16 2.687703884605397537e-15 6.765543529674764323e-16 1.251094022475364118e-15 2.255476234738574264e-15 4.347084635252275726e-15 1.202185804842521317e-14 3.657346659655569729e-14 6.306262909913092291e-14 1.329544577779634954e-13 3.295479716646750766e-13
6.318888300457990084e-16 3.809923861094750681e-15 9.594850647003703528e-16 1.775601523860639341e-15 3.204908150933843861e-15 6.188677755225657433e-15 1.718288267361723252e-14 5.249750792489698122e-14 9.133848421275299709e-14 1.936100742306834459e-13 4.741144260013501104e-13
8.957252810070745482e-16 5.400780291026691540e-15 1.360963578905225223e-15 2.521065713748129556e-15 4.557837491923868830e-15 8.823682352145345301e-15 2.462529088541555899e-14 7.561393123319074020e-14 1.329352072510892743e-13 2.830351937371449508e-13 6.820279541555360824e-13
1.269737656714774587e-15 7.656028276070001662e-15 1.930870724772202238e-15 3.581563656717329578e-15 6.489398161881948813e-15 1.260651450119362602e-14 3.541530850877623955e-14 1.093661448632073650e-13 1.945267094881901539e-13 4.153019513849065572e-13 9.804051771143767417e-13
1.799946144453118129e-15 1.085323577104953092e-14 2.740271897030085329e-15 5.092182957688901919e-15 9.254280136928145013e-15 1.806188552831409434e-14 5.116563729021345884e-14 1.589753813467405039e-13 2.863186482303025789e-13 6.113827263670168596e-13 1.407290383308672379e-12
2.551602682604769995e-15 1.538601173072423249e-14 3.890602531385928514e-15 7.247832872189519290e-15 1.322630199641756570e-14 2.597760226028153766e-14 7.435128973288093237e-14 2.324259345076461417e-13 4.239553318715685476e-13 9.023772897124470065e-13 2.015570050626360397e-12
3.617235235231311031e-15 2.181258387917300164e-14 5.527020190498344331e-15 1.033159872966161133e-14 1.896086433400976995e-14 3.755696513470859898e-14 1.088289568523478002e-13 3.420148563224645356e-13 6.314161113537264155e-13 1.334075208226094665e-12 2.878016726121391971e-12
5.128062712403567131e-15 3.092476669307310627e-14 7.857993872841685841e-15 1.475834664122420119e-14 2.729616008955231490e-14 5.467492201464349819e-14 1.606981250889020895e-13 5.067792546571676659e-13 9.453543136383831560e-13 1.973280428858459185e-12 4.093668243320911629e-12
7.270197587705015211e-15 4.384592400671408273e-14 1.118440332105250636e-14 2.114343196101326910e-14 3.952173530981315041e-14 8.031711001208659393e-14 2.397336111005999267e-13 7.562679119184664568e-13 1.421488813232462329e-12 2.916390694806812143e-12 5.795746786008231849e-12
1.030765279600595351e-14 6.217020067413121274e-14 1.594347351296221734e-14 3.041401522012744798e-14 5.766650877435873198e-14 1.193430090285496023e-13 3.617645998641035202e-13 1.136334071840150063e-12 2.143837014818563602e-12 4.300765861986593566e-12 8.161313708871086970e-12
1.461502573904393957e-14 8.816056696047822528e-14 2.277648391553549275e-14 4.399480006373384363e-14 8.500159133005424183e-14 1.798225546439028467e-13 5.525994753935185425e-13 1.717900130484552846e-12 3.237761555835929075e-12 6.319420091697296784e-12 1.142284640480155029e-11
2.072395758321948932e-14 1.250308141699032116e-13 3.263573059577499884e-14 6.412692754266050101e-14 1.269317474886043798e-13 2.753792429667525548e-13 8.544291212068664923e-13 2.609981237326557896e-12 4.887962822676250660e-12 9.239519252582271035e-12 1.588192410698989609e-11
2.938922411966782879e-14 1.773476423680383520e-13 4.695829179861607384e-14 9.442928254508199449e-14 1.925892984687189890e-13 4.292756564640354888e-13 1.336116550583383661e-12 3.978636877006418979e-12 7.362645055444860953e-12 1.342505067319450304e-11 2.192523689808192872e-11
4.168284504212116274e-14 2.516050236343552332e-13 6.795672371997137194e-14 1.409053944286849248e-13 2.976879847871410887e-13 6.814597420245866258e-13 2.109424923097934258e-12 6.073908457233246767e-12 1.104506751163650310e-11 1.936386688464815245e-11 3.004320732699001202e-11
5.912825582608105543e-14 3.570466088991236498e-13 9.911923479854352009e-14 2.137710235724294370e-13 4.696068769465594128e-13 1.100528229457726346e-12 3.354057777556200821e-12 9.267130240444008956e-12 1.647351841704555029e-11 2.769911960830683951e-11 4.085166008630918998e-11
8.389189893902163429e-14 5.068469720507963527e-13 1.460913882470953573e-13 3.307855944062381430e-13 7.563502314200734992e-13 1.803641546490660869e-12 5.355355286949425695e-12 1.410117656918818534e-11 2.439039152374324922e-11 3.926495292618001585e-11 5.511721443337847658e-11
1.190573562677567043e-13 7.198151357532086889e-13 2.182590009400743824e-13 5.233085486465782189e-13 1.242095283928145898e-12 2.988915430316266306e-12 8.559517855823408295e-12 2.135611862236976164e-11 3.580051618860209339e-11 5.512629881864806676e-11 7.378742432831642225e-11
1.690185811043290055e-13 1.022864073939640561e-12 3.316219319903142877e-13 8.472126858117166132e-13 2.073650915834181555e-12 4.986744248931079735e-12 1.365213978265137977e-11 3.213230350518224606e-11 5.203826685628164992e-11 7.662281468363656027e-11 9.802716339208942022e-11
2.400457846066438041e-13 1.454614056924651534e-12 5.140326621372196102e-13 1.402276228701871743e-12 3.504466449013322043e-12 8.338805480108638283e-12 2.166636469146525673e-11 4.795197723862653380e-11 7.484240861758859781e-11 1.054175224434713921e-10 1.292633485137177230e-10
3.411030587051160604e-13 2.070692774473852063e-12 8.147210881225589367e-13 2.366015957543980622e-12 5.965970648235829180e-12 1.391591240284912304e-11 3.412677889939462767e-11 7.087928716919914854e-11 1.064373513212243581e-10 1.435516323709196998e-10 1.692408137353122529e-10
4.850356132913172165e-13 2.951605946767304118e-12 1.321469270909428301e-12 4.051437485400957822e-12 1.017998311781391669e-11 2.308795073779720786e-11 5.323387977696458750e-11 1.036570023067584004e-10 1.496197693350278051e-10 1.935083974439729454e-10 2.200929797917287696e-10
6.903042275312592218e-13 4.214552913407636160e-12 2.191177372351230413e-12 7.003182177011461009e-12 1.733048333288160324e-11 3.796012227783711733e-11 8.209132827568556103e-11 1.498569487692377052e-10 2.078506872259594293e-10 2.582906206598832463e-10 2.844319147826773910e-10
9.835376701679167510e-13 6.031374659383632426e-12 3.703343364440987156e-12 1.215323995868131626e-11 2.931753620695758549e-11 6.168867959555510237e-11 1.249742051844837656e-10 2.140405176069970754e-10 2.853553595299880086e-10 3.415185398153995351e-10 3.654634622695900449e-10
1.403321010134358668e-12 8.656144769164785877e-12 6.351757039807566827e-12 2.106566261327568500e-11 4.911956633012512221e-11 9.888528590634312130e-11 1.876315569430134755e-10 3.019263271349200506e-10 3.872366725765208374e-10 4.475571069094995851e-10 4.671343611478531034e-10
2.005872889019518128e-12 1.246806028523633004e-11 1.099814714501621814e-11 3.630888048025626361e-11 8.129085461862821739e-11 1.561113752011270950e-10 2.776116304074163422e-10 4.205648664029941718e-10 5.196122580876821538e-10 5.816840180167501304e-10 5.943197622883373004e-10
2.873643981665749475e-12 1.803874125770400020e-11 1.912321974002975947e-11 6.200278519820280578e-11 1.326171720687977481e-10 2.424524734631185723e-10 4.045949540609810980e-10 5.785251811152045925e-10 6.897907101699910051e-10 7.503121310711935619e-10 7.530613586457756170e-10
4.128483875649184925e-12 2.623851852903668816e-11 3.322577709128028179e-11 1.045931433025770806e-10 2.129420294908107105e-10 3.701486889654746916e-10 5.807208727595352021e-10 7.861064891125800270e-10 9.065077538846978355e-10 9.612821260179101281e-10 9.508686220546803489e-10
5.952023466252991844e-12 3.840478718411622138e-11 5.743901723097411301e-11 1.739046060301467507e-10 3.361581022209610432e-10 5.552444503907772952e-10 8.208993929722995134e-10 1.055597627846379176e-09 1.180248391290614545e-09 1.224243546237641360e-09 1.197098551289546539e-09
8.617542846434724011e-12 5.660836950380288326e-11 9.845313593199527898e-11 2.845115209117596559e-10 5.213337758519540119e-10 8.182126871896922290e-10 1.143113823506518347e-09 1.401618522744865055e-09 1.523685533917759281e-09 1.551145004741783107e-09 1.503433089755936390e-09
1.254021387702424602e-11 8.407271384116650081e-11 1.668518044938129497e-10 4.574394428676693977e-10 7.939170159151655646e-10 1.184511705389262638e-09 1.568741076402180982e-09 1.841589140030982610e-09 1.952269299313872816e-09 1.956857789230319691e-09 1.884478215959685537e-09
1.835679359185876465e-11 1.258274551670256319e-10 2.789818780539722045e-10 7.221684850895109429e-10 1.186934811274235005e-09 1.685052504582138732e-09 2.122944254384061612e-09 2.396381324003337482e-09 2.485004321293873239e-09 2.459961921827466268e-09 2.358514942053649205e-09
2.705244995064681028e-11 1.897139792468393410e-10 4.594739585483962809e-10 1.118855629693981197e-09 1.742096268165581348e-09 2.356593643188275139e-09 2.835223035295744400e-09 3.091216581600390242e-09 3.145455912702241268e-09 3.083730557526383869e-09 2.948440430998164074e-09
4.016265118596588470e-11 2.879069457537050845e-10 7.445085717782906504e-10 1.700636298286950819e-09 2.510722534511202445e-09 3.242139409349766754e-09 3.740236674378227850e-09 3.956878158845727525e-09 3.963030987017700161e-09 3.857358098607991741e-09 3.682947593313532714e-09
6.009364713796617936e-11 4.391712912635471322e-10 1.185872302195875292e-09 2.535822354188060896e-09 3.554477173525808061e-09 4.391489048143866891e-09 4.879037157800910875e-09 5.031309679522253039e-09 4.974587850138397264e-09 4.817490215244851152e-09 4.598004382173203765e-09
9.062828411463122518e-11 6.721352737440437620e-10 1.855768063805422214e-09 3.709806376554992138e-09 4.945961138893409627e-09 5.862158870566196528e-09 6.300862385965316332e-09 6.361677399670182303e-09 6.226441965453389918e-09 6.010130753345077904e-09 5.738710234101351644e-09
1.377176049433409949e-10 1.029918965207582771e-09 2.852239418306253777e-09 5.326533946868606697e-09 6.769362849041837776e-09 7.720960643974389575e-09 8.065640372260534965e-09 8.006981934539231891e-09 7.776854112428619225e-09 7.493021989302182385e-09 7.161627536970312467e-09
2.107063567075018776e-10 1.576502124541125836e-09 4.304957267127496652e-09 7.509534567950256480e-09 9.121500620836570620e-09 1.004655473258057727e-08 1.024734849624193414e-08 1.004132176215180221e-08 9.699114305918002218e-09 9.338621706241617334e-09 8.937711705646994401e-09
3.242060686355504097e-10 2.405229588611280394e-09 6.381027798462840300e-09 1.040271141343964304e-08 1.211373650600137288e-08 1.293329656401910017e-08 1.293836425610230089e-08 1.255793839633531120e-08 1.208537049745068494e-08 1.163783422162359455e-08 1.115599575419138727e-08
5.009168669359887784e-10 3.649818738215567403e-09 9.290453576201452759e-09 1.417136310077413178e-08 1.587534711481282749e-08 1.649666176298247990e-08 1.625494629724169682e-08 1.567421472193359644e-08 1.505139644652879121e-08 1.450469428574738689e-08 1.392822588442980389e-08
7.758125975134248030e-10 5.498138005731009187e-09 1.329095993753216405e-08 1.900420661269822394e-08 2.055898188077425281e-08 2.088048272097748798e-08 2.034400839210231055e-08 1.953785561724299308e-08 1.874254944818328369e-08 1.808225472066064519e-08 1.739469574081358958e-08
1.202246568795978113e-09 8.208863752033740663e-09 1.869212482947666017e-08 2.511743113209018000e-08 2.634881000717678332e-08 2.626618261408982436e-08 2.539140467346815587e-08 2.433455499092490186e-08 2.334123762668578293e-08 2.254999348076349432e-08 2.173159137180718442e-08
1.860710085319817126e-09 1.213090939439899676e-08 2.585914006643932723e-08 3.276197588290381430e-08 3.347186402590607244e-08 3.288418320955383418e-08 3.163203832680745351e-08 3.029754693296136786e-08 2.907630100096052057e-08 2.813313701629204861e-08 2.716024008233604948e-08
2.871185285644841338e-09 1.772529504385703962e-08 3.521707071129036487e-08 4.223524539626931897e-08 4.221296590670534070e-08 4.102772000161272287e-08 3.936224014492205896e-08 3.771955269742634097e-08 3.623481453378385150e-08 3.511439892551278034e-08 3.395875867167163231e-08
4.410280443521424180e-09 2.558895611753574850e-08 4.725711136983768285e-08 5.389834420540764146e-08 5.293352722697585951e-08 5.106944282031173205e-08 4.895503609313789217e-08 4.696777314504721017e-08 4.517695050433148222e-08 4.384876159885764492e-08 4.247672558940471864e-08
6.734624680236059373e-09 3.647996741850643173e-08 6.254697108770741440e-08 6.819967156211282154e-08 6.609451305737752631e-08 6.348141825930928214e-08 6.087913116466693467e-08 5.850274388635732397e-08 5.635469920485592817e-08 5.478209104783147376e-08 5.315366431863754840e-08
1.021233894435520079e-08 5.134388703722693268e-08 8.174803962550993699e-08 8.570545725654051362e-08 8.228400730936183976e-08 7.885947369182016847e-08 7.572267905328265660e-08 7.290207643561960598e-08 7.033545060567285977e-08 6.847458032985852642e-08 6.654233064236414512e-08
1.536480634814737938e-08 7.134149107341652550e-08 1.056422939219906561e-07 1.071376669945550068e-07 1.022501496847645198e-07 9.795321350178689270e-08 9.422318746833666562e-08 9.089036526485714655e-08 8.783169704650024398e-08 8.563027613932073532e-08 8.333805549726036890e-08
2.292146006423734914e-08 9.787912340167311718e-08 1.351719366045116058e-07 1.334197875729882828e-07 1.269407338227540540e-07 1.217034784424360942e-07 1.173052388337508555e-07 1.133768633229458722e-07 1.097384427769019163e-07 1.071342703018734087e-07 1.044157219024814913e-07
3.389091982644395811e-08 1.326442059536517196e-07 1.714945381058520726e-07 1.657314135918724837e-07 1.575514360422530730e-07 1.512895008453479733e-07 1.461281058912802349e-07 1.415029367631483886e-07 1.371803183253519496e-07 1.340995507766795009e-07 1.308763666691112855e-07
4.965256945738562823e-08 1.776500470947033833e-07 2.160560944838902650e-07 2.055733351647571807e-07 1.955854411965073547e-07 1.881885421677801784e-07 1.821458400094562996e-07 1.767018270621608338e-07 1.715709186673947443e-07 1.679260276372844116e-07 1.641059175774049866e-07
7.207360261302052075e-08 2.352957825840469467e-07 2.706841158943908611e-07 2.548459403924352599e-07 2.429281077298431672e-07 2.342514176131984394e-07 2.271830428219881123e-07 2.207739044690522350e-07 2.146875420855683827e-07 2.103749065015061911e-07 2.058492326266627680e-07
1.036576804983609184e-07 3.084488862709771373e-07 3.377028808035503302e-07 3.159451180660205462e-07 3.019412547605361250e-07 2.917980687175071425e-07 2.835303417883795333e-07 2.759814266088866148e-07 2.687653368283573128e-07 2.636624105330158907e-07 2.583034353648278867e-07
1.477326255803159369e-07 4.005590220424934004e-07 4.200735833550700733e-07 3.918813830339860059e-07 3.755826877781229905e-07 3.637383084469274088e-07 3.540646267450775842e-07 3.451678647035791236e-07 3.366159098253977030e-07 3.305778972860677300e-07 3.242355840466864630e-07
2.086859700769331343e-07 5.158129926702126080e-07 5.215634625488526054e-07 4.864295887212178329e-07 4.675577808351998238e-07 4.537241147145163998e-07 4.424004253752935619e-07 4.319081833409393713e-07 4.217767722328721201e-07 4.146327349180088215e-07 4.071310290481256002e-07
2.922586139691088666e-07 6.593412421679603655e-07 6.469502272395187713e-07 6.043183483585035620e-07 5.825114180797414302e-07 5.663414747445175830e-07 5.530804706518756407e-07 5.406981288704193713e-07 5.286996618003627592e-07 5.202479650947015059e-07 5.113804739911392837e-07
4.059082520934110301e-07 8.374870289739251359e-07 8.022711625959143896e-07 7.514702578383703654e-07 7.262705122165129591e-07 7.073518799192092909e-07 6.918156296163394311e-07 6.771926860126609127e-07 6.629878820920532405e-07 6.529908774125058702e-07 6.425158515135096974e-07
5.592555784028554273e-07 1.058150410675792095e-06 9.951301192575622840e-07 9.353063831991370594e-07 9.061498257698417742e-07 8.839962478748256527e-07 8.657870305586799548e-07 8.485065156468855502e-07 8.316954472529735008e-07 8.198732661021243116e-07 8.075077682345959515e-07
7.646276558336900628e-07 1.331221072361421391e-06 1.235080023085287215e-06 1.165131491677194861e-06 1.131337097466391451e-06 1.105377438389855106e-06 1.084026585544421639e-06 1.063592532505859177e-06 1.043704161893271644e-06 1.029727477673376691e-06 1.015140608666653210e-06
1.037714530110360995e-06 1.669117313737653307e-06 1.534103540196675104e-06 1.452620448304066330e-06 1.413377708726183916e-06 1.382941800653036289e-06 1.357896337028415735e-06 1.333719000938047200e-06 1.310198979958316316e-06 1.293680569065824969e-06 1.276485595586566636e-06
1.398357701775125575e-06 2.087453644581398655e-06 1.907220167665238843e-06 1.812431365129274128e-06 1.766784528357398733e-06 1.731085560137716929e-06 1.701692389521266164e-06 1.673070848777129692e-06 1.645267302738251386e-06 1.625752208228196842e-06 1.605497413076287343e-06
1.871493286208402074e-06 2.605866768121679726e-06 2.373254564640727629e-06 2.262977784339264290e-06 2.209805408354725253e-06 2.167918606212965231e-06 2.133405909274152298e-06 2.099507612321536729e-06 2.066654582809906902e-06 2.043608651083892205e-06 2.019766696197349378e-06
2.488279699333341463e-06 3.249039488253327045e-06 2.955808865913222227e-06 2.827400739249590176e-06 2.765389404399854950e-06 2.716226739743236306e-06 2.675682152003073577e-06 2.635518893550262076e-06 2.596717061492677992e-06 2.569513584209230970e-06 2.541469141644326859e-06
3.287450809783869319e-06 4.047974436916862397e-06 3.684491687157815855e-06 3.534792378607637832e-06 3.462403596614695201e-06 3.404684145110834015e-06 3.357029171293255772e-06 3.309428893240298287e-06 3.263623141318174754e-06 3.231527290095422492e-06 3.198562655448284053e-06
4.316952029110311505e-06 5.041584714939588626e-06 4.596469338485083386e-06 4.421736488954322971e-06 4.337165955429362711e-06 4.269381347222538783e-06 4.213341348878923341e-06 4.156915059945954172e-06 4.102868361139192112e-06 4.065019050511000057e-06 4.026297405665977648e-06
5.635939930995300465e-06 6.278686988067744360e-06 5.738421320262741388e-06 5.534248404509420149e-06 5.435376762997719120e-06 5.355750936832534640e-06 5.289819904052818372e-06 5.222922895699597696e-06 5.159185930423050688e-06 5.114574683643462851e-06 5.069120620250650745e-06
7.317256501979969564e-06 7.820504997000991178e-06 7.169003497282555552e-06 6.930218367194385988e-06 6.814552591343515502e-06 6.720994822922183154e-06 6.643394005423085290e-06 6.564080406721856555e-06 6.488956212631822226e-06 6.436402533821924019e-06 6.383079384215223973e-06
9.450527383157102904e-06 9.743818935562847852e-06 8.961949592708525291e-06 8.682489565527864617e-06 8.547093929286752183e-06 8.437143864486881266e-06 8.345773187168302939e-06 8.251742744092303893e-06 8.163245587775060899e-06 8.101368260859262102e-06 8.038851707704187260e-06
1.214607944390767005e-05 1.214493028176223014e-05 1.120997619717251963e-05 1.088273632764767206e-05 1.072415172053858585e-05 1.059491491320284340e-05 1.048729592980112069e-05 1.037583171080724514e-05 1.027163923643637578e-05 1.019882287433319676e-05 1.012557022236350574e-05
1.553992663207759596e-05 1.514465446764833016e-05 1.402970008095234538e-05 1.364635113589704918e-05 1.346050118283972260e-05 1.330857340924595670e-05 1.318178234791630178e-05 1.304967786312783043e-05 1.292707541657613153e-05 1.284143147087986946e-05 1.275564586157260499e-05
1.980013458214477216e-05 1.889460778667304347e-05 1.756783143991603731e-05 1.711860359631126323e-05 1.690068564965649094e-05 1.672206403317966144e-05 1.657265325262995449e-05 1.641612722311532990e-05 1.627194306720685356e-05 1.617126437643410017e-05 1.607085310697304825e-05
2.513494528173385319e-05 2.358512325475464749e-05 2.200897563027441454e-05 2.148240313228432806e-05 2.122676171441984758e-05 2.101674042485386510e-05 2.084064632205347075e-05 2.065524304260455039e-05 2.048577296589153743e-05 2.036748076615922030e-05 2.025000673475243901e-05
3.180312617704307083e-05 2.945521647992918225e-05 2.758546252680021680e-05 2.696808355781290742e-05 2.666806325270734853e-05 2.642111122437417281e-05 2.621354630786523927e-05 2.599401920435555929e-05 2.579493877707335865e-05 2.565602091924867686e-05 2.551864605658547947e-05
4.012710843674605689e-05 3.680513137163697531e-05 3.458973126921150245e-05 3.386573618071891961e-05 3.351351031680478715e-05 3.322312803877896441e-05 3.297845449795308218e-05 3.271863008094205933e-05 3.248489252208212262e-05 3.232183142996715561e-05 3.216125078770245307e-05
5.050960369088728529e-05 4.601213186071859845e-05 4.338993403665158564e-05 4.254075383234310129e-05 4.212712458350540947e-05 4.178567653862782740e-05 4.149725819136830898e-05 4.118987714254167292e-05 4.091559442527560722e-05 4.072428308587904342e-05 4.053664803358561405e-05
6.345454581839233416e-05 5.755037533554493485e-05 5.444959135295615235e-05 5.345341691693505541e-05 5.296758168363150179e-05 5.256610043999370872e-05 5.222612942117718947e-05 5.186266100985787174e-05 5.154096544286247331e-05 5.131660943788564952e-05 5.109743816599916598e-05
7.959340269159478638e-05 7.201591165570957632e-05 6.835233882111031375e-05 6.718355975066271505e-05 6.661283787007322749e-05 6.614079515464671682e-05 6.574008910979647728e-05 6.531051451605954196e-05 6.493339759088245485e-05 6.467040085467509877e-05 6.441447408944147527e-05
9.971814812304582120e-05 9.015810190058500212e-05 8.583305474403146815e-05 8.446160476377794553e-05 8.379111772970570214e-05 8.323615704194696561e-05 8.276392191193070039e-05 8.225648132876434149e-05 8.181460611729326419e-05 8.150643773987244147e-05 8.120767724653415922e-05
1.248224757841253870e-04 1.129190415391952140e-04 1.078169480300465548e-04 1.062075418399148225e-04 1.054198392872313355e-04 1.047674637572786001e-04 1.042110164903900494e-04 1.036119140997435791e-04 1.030943969291237781e-04 1.027334359189139152e-04 1.023847630065023820e-04
1.561531599799217463e-04 1.414828896071924208e-04 1.354685024382007159e-04 1.335797465840578844e-04 1.326543693320466700e-04 1.318875776353773484e-04 1.312320223746471992e-04 1.305250824758139266e-04 1.299192390273841901e-04 1.294965935258463041e-04 1.290897643882135161e-04
1.952737831157804057e-04 1.773373118037998881e-04 1.702524800063393864e-04 1.680358381997551010e-04 1.669488087380717792e-04 1.660476710364392828e-04 1.652755215793920006e-04 1.644417883751529816e-04 1.637328388111072537e-04 1.632381358543032418e-04 1.627635502276690235e-04
2.441432741255696796e-04 2.223494637937605261e-04 2.140094066885935584e-04 2.114079984042903848e-04 2.101312285419830114e-04 2.090723938068060194e-04 2.081631345786071345e-04 2.071804075616037473e-04 2.063511349029946082e-04 2.057722765421476419e-04 2.052187559106229001e-04
3.052116865342957238e-04 2.788589290891751071e-04 2.690479555774550149e-04 2.659951665439863285e-04 2.644957719110966276e-04 2.632518979256155797e-04 2.621814756341115261e-04 2.610237724705777220e-04 2.600541284625283354e-04 2.593770100502520060e-04 2.587315416368154227e-04
3.815351421161387478e-04 3.497895461842187104e-04 3.382561718062816530e-04 3.346740575502301263e-04 3.329135699146561060e-04 3.314526683017573962e-04 3.301929073506559126e-04 3.288298471574648300e-04 3.276965006541557616e-04 3.269046876547270376e-04 3.261521309510476575e-04
4.769105016336064925e-04 4.387807496419712707e-04 4.252321883075549846e-04 4.210296593851849188e-04 4.189631314027327229e-04 4.172478230764805457e-04 4.157657604944511192e-04 4.141618632893902447e-04 4.128376883977465670e-04 4.119120496345469703e-04 4.110348036556173775e-04
5.960275804053261810e-04 5.503364067421534240e-04 5.344324633946269734e-04 5.295032565650116020e-04 5.270782612199430804e-04 5.250649440352024404e-04 5.233220853145505646e-04 5.214359894388041067e-04 5.198894952036813878e-04 5.188077936769942789e-04 5.177854260795059773e-04
7.446319673875740654e-04 6.899845349774438950e-04 6.713310131184003007e-04 6.655514808865053240e-04 6.627070216949416427e-04 6.603449635873441309e-04 6.582964710346374563e-04 6.560800812128584529e-04 6.542747927768026916e-04 6.530112409768262750e-04 6.518200854792975804e-04
9.296840761201667679e-04 8.644340940915270751e-04 8.425759745836469954e-04 8.358027717272252738e-04 8.324681424730387370e-04 8.296985322885432361e-04 8.272923742744909366e-04 8.246899708087206083e-04 8.225837853016155056e-04 8.211085814239746936e-04 8.197213186307055139e-04
1.159489489446377400e-03 1.081704799944282645e-03 1.056119662313839951e-03 1.048187478028653891e-03 1.044281145264117994e-03 1.041036162171381100e-03 1.038212277167571826e-03 1.035159643813372962e-03 1.032704204384214371e-03 1.030983080218721495e-03 1.029368330060996669e-03
1.443762031659143099e-03 1.351192666900957176e-03 1.321285125284997171e-03 1.312004708129805739e-03 1.307433338219961142e-03 1.303635341010649660e-03 1.300324906243680847e-03 1.296748572404723791e-03 1.293888732124251614e-03 1.291882563583987911e-03 1.290004536013220982e-03
1.793565394931309663e-03 1.683618788054243830e-03 1.648717103368629476e-03 1.637873954294313469e-03 1.632531769923387631e-03 1.628092760062217412e-03 1.624217701394791488e-03 1.620034443790169341e-03 1.616707927887179631e-03 1.614372485367895601e-03 1.612190759835419951e-03
