5.762710838155565687e-06 6.005408086894837655e-05 2.658983914107780101e-04 6.088864971099559528e-04 1.102062586526657978e-03 1.962609732978821877e-03 3.933705577362640350e-03 9.500643827747519421e-03 2.127263725480342538e-02 4.726321483793688438e-02 1.005393318801124924e-01
6.839513101024752311e-06 7.579191100898623212e-05 3.357706392021722499e-04 7.695138452345039052e-04 1.394679737445759203e-03 2.488798003805755155e-03 5.006497057871273255e-03 1.212082224921137708e-02 2.697197076100966984e-02 5.848651310368935263e-02 1.168803833904595163e-01
8.415571740256956685e-06 9.565834760971123627e-05 4.240881517715688735e-04 9.729210032794133800e-04 1.766287432562825251e-03 3.159488129616905543e-03 6.379023122132787549e-03 1.545004310872415479e-02 3.401456863098457906e-02 7.154301477953819988e-02 1.340358362125489144e-01
1.051259317551940850e-05 1.207389322332849739e-04 5.357712419223710151e-04 1.230736314992054428e-03 2.238866594814795889e-03 4.015692047661841881e-03 8.134908757622478365e-03 1.965430176045851116e-02 4.259279030772569752e-02 8.639667858609154094e-02 1.516558456993033210e-01
1.321280080319058283e-05 1.524062036089259204e-04 6.770825818500100877e-04 1.557871125410440231e-03 2.840761023442427494e-03 5.110182802569456645e-03 1.037839074362814987e-02 2.491893262965240441e-02 5.286808286351430547e-02 1.029033727339958987e-01 1.693758898698824178e-01
1.664728110440832399e-05 1.923964890987468876e-04 8.560093034420202321e-04 1.973494350345230807e-03 3.608526560885211894e-03 6.510472381992361141e-03 1.323676883100051611e-02 3.144014283583036057e-02 6.494676554164235949e-02 1.208114037002246122e-01 1.868466074811445665e-01
2.099511655012786731e-05 2.429078084334362940e-04 1.082760382479447088e-03 2.502298845577379405e-03 4.589224095160822185e-03 8.302084881934979413e-03 1.686136633563246889e-02 3.941135547065063860e-02 7.885679882449675437e-02 1.397764932440087315e-01 2.037590954478392391e-01
2.648919425436483839e-05 3.067249988559650887e-04 1.370414753945551310e-03 3.176128882807426838e-03 5.843158336985399860e-03 1.059178819151316946e-02 2.142589127912679359e-02 4.900458138887116288e-02 9.453019782026464424e-02 1.593891417077790140e-01 2.198624847004327088e-01
3.342699566096394236e-05 3.873800831179475775e-04 1.735764328024118818e-03 4.036032763213480423e-03 7.446971073040400263e-03 1.351018582089485998e-02 2.712097826863474337e-02 6.034833493932979104e-02 1.117954714778059966e-01 1.792095028409385615e-01 2.349727101662091588e-01
4.218597264146812967e-05 4.893584412942127192e-04 2.200404089639754375e-03 5.134777276711928636e-03 9.496843041314038600e-03 1.721276317541269030e-02 3.414386879632686639e-02 7.350501923603604271e-02 1.303828064632842898e-01 1.988035322675792416e-01 2.489732841778632688e-01
5.324388826735914720e-05 6.183646870411758402e-04 2.792125679442442748e-03 6.539796530718187777e-03 1.211133565405685293e-02 2.187819959061533884e-02 4.268278808702712090e-02 8.845176392217245220e-02 1.499420240760053202e-01 2.177745838712197846e-01 2.618100841441701188e-01
6.720504808356504755e-05 7.816664515674791357e-04 3.546665910468963304e-03 8.336429596480472021e-03 1.543312594662398993e-02 2.770262271052591554e-02 5.289664471262003898e-02 1.050688962533152804e-01 1.700704652355940205e-01 2.357864421947061528e-01 2.734825646849360359e-01
8.483383128760584166e-05 9.885396246904895254e-04 4.509839411402042503e-03 1.063111534082703501e-02 1.962860428195219165e-02 3.488866134845225453e-02 6.489208213305565354e-02 1.231392563134926788e-01 1.903458750786229947e-01 2.525761920695319129e-01 2.840335818119782418e-01
1.070974448641473183e-04 1.250844850715270235e-03 5.740034173082966991e-03 1.355395727776439498e-02 2.488411068474422061e-02 4.362880592242129874e-02 7.870129428557129381e-02 1.423595308182818153e-01 2.103587126842104971e-01 2.679575211869479334e-01 2.935394647507242882e-01
1.352204303466920075e-04 1.583771629473549984e-03 7.310958257414671389e-03 1.725977185798349342e-02 3.139762293774889940e-02 5.408377283347174519e-02 9.426486394766415977e-02 1.623622294967093371e-01 2.297391528271958416e-01 2.818165073326737158e-01 3.021013485244086194e-01
1.707542008327872615e-04 2.006791824797210955e-03 9.314386109744707265e-03 2.192645870413065246e-02 3.936513150614840556e-02 6.635814467230170821e-02 1.114237044813604083e-01 1.827446712101717941e-01 2.481758815093589865e-01 2.941025304115235661e-01 3.098382470448855508e-01
2.156658139387468084e-04 2.544866073252970758e-03 1.186246420263255275e-02 2.774940102487192042e-02 4.896184102578782227e-02 8.047710705142448184e-02 1.299227798504890841e-01 2.031000987719519257e-01 2.654258821171228688e-01 3.048168365940996383e-01 3.168819637748900298e-01
2.724513195518692295e-04 3.229940143100649974e-03 1.508891753538524512e-02 3.493077885072837230e-02 6.031967366946341252e-02 9.636901051877934388e-02 1.494269099702656145e-01 2.230461148702147789e-01 2.813161348921557892e-01 3.140007602110305718e-01 3.233737009137303553e-01
3.442803574809174031e-04 4.102747392341479088e-03 1.914829856998220836e-02 4.366330926898521342e-02 7.350403898758280097e-02 1.138581763544004866e-01 1.695463386210460388e-01 2.422468389742162276e-01 2.957391835045863893e-01 3.217249539997980023e-01 3.294621032373415970e-01
4.351801660366561757e-04 5.214890201468639318e-03 2.421231826275387425e-02 5.410907402724083465e-02 8.849398695291861572e-02 1.326706296951546682e-01 1.898677072046058290e-01 2.604269852961645371e-01 3.086448467993767042e-01 3.280803768502726370e-01 3.353024169017759237e-01
5.502686564625204352e-04 6.631099625417657441e-03 3.046239669842582334e-02 6.637561534397450058e-02 1.051701218196836735e-01 1.524526641654812276e-01 2.099852720201098033e-01 2.773778388463565836e-01 3.200301577184475055e-01 3.331713293525976338e-01 3.410564197496303573e-01
6.960474298184402648e-04 8.431463695491497878e-03 3.807796166702135526e-02 8.049297976301121593e-02 1.233136698768358130e-01 1.727992133619868087e-01 2.295277634119673449e-01 2.929564147741338664e-01 3.299291406766864942e-01 3.371105273066639096e-01 3.468927605984277740e-01
8.807660842583691111e-04 1.071327430403421627e-02 4.722074235982036405e-02 9.639628231746548426e-02 1.426179565487714074e-01 1.932869402972785533e-01 2.481778482299508426e-01 3.070797546436254688e-01 3.384035007322043764e-01 3.400160375051019535e-01 3.529873133210301162e-01
1.114868148165423485e-03 1.359198859495759810e-02 5.801627645587002086e-02 1.139180990726898629e-01 1.627108535445351556e-01 2.135064032039935000e-01 2.656830866511150635e-01 3.197164080879438819e-01 3.455348228143562683e-01 3.420098294166595276e-01 3.595230997226482317e-01
1.411525458598960735e-03 1.720067126918749245e-02 7.053486113873809471e-02 1.327933690217246165e-01 1.831843867071716869e-01 2.330886185014587053e-01 2.818589677438267382e-01 3.308768613719365037e-01 3.514185233729029134e-01 3.432176821457733062e-01 3.666892664846463923e-01
1.787260517565236696e-03 2.168723675021676234e-02 8.477492019979508686e-02 1.526768442767297562e-01 2.036264204775581066e-01 2.517232651205808525e-01 2.965857065984003893e-01 3.406042146618005750e-01 3.561595653235758996e-01 3.437701962159939173e-01 3.746785324831614639e-01
2.262643958813528085e-03 2.720891107076055249e-02 1.006519187755873651e-01 1.731703059543550915e-01 2.236494698288454541e-01 2.691678906763377288e-01 3.098009205492878726e-01 3.489659370998439702e-01 3.598698185021887430e-01 3.438046699146904417e-01 3.836824876516040095e-01
2.863035718365659378e-03 3.392363383123758042e-02 1.179953566530806269e-01 1.938547244572730033e-01 2.429130006032041988e-01 2.852491654809072852e-01 3.214902112612905150e-01 3.560471343319047688e-01 3.626668913092254143e-01 3.434675918215068791e-01 3.938841770283847410e-01
3.619313788585824115e-03 4.197862398049156951e-02 1.365550678810166785e-01 2.143219213307694382e-01 2.611374657342243610e-01 2.998581922655433329e-01 3.316772833906054263e-01 3.619454796433444477e-01 3.646742448574056272e-01 3.429174606517783053e-01 4.054476132111059505e-01
4.568505465497813521e-03 5.149696756905697975e-02 1.560163520066532306e-01 2.342011227738484413e-01 2.781101398129045554e-01 3.129421400659924135e-01 3.404147318294029612e-01 3.667677824780991580e-01 3.660224032046789922e-01 3.423275601587082440e-01 4.185042951568173630e-01
5.754207678337664583e-03 6.256370201683712773e-02 1.760218153040491174e-01 2.531775856351717313e-01 2.936841145406268172e-01 3.244942359917701857e-01 3.477761654988333340e-01 3.706280739053420814e-01 3.668510712078341673e-01 3.418881852166956725e-01 4.331375022671564712e-01
7.226663785392036486e-03 7.521328123930681731e-02 1.961966539541547261e-01 2.710025053027345088e-01 3.077724542592758517e-01 3.345436665083639238e-01 3.538499734328343638e-01 3.736470496482104386e-01 3.673119473644190780e-01 3.418076403554372034e-01 4.493660242858932286e-01
9.042365313705591143e-03 8.942035076047828712e-02 2.161737438049341764e-01 2.874950755669902214e-01 3.203395728621338812e-01 3.431464096838616751e-01 3.587347932072056933e-01 3.759527013719756727e-01 3.675719567107211816e-01 3.423111388795071486e-01 4.671298935179163947e-01
1.126307905196101758e-02 1.050953838237614624e-01 2.356153380975409828e-01 3.025385593141208807e-01 3.313915854025341612e-01 3.503775610645210037e-01 3.625365973809315800e-01 3.776819635469738645e-01 3.678165142339141491e-01 3.436365775975462888e-01 4.862812902573483420e-01
1.395426632578465782e-02 1.220860030198433893e-01 2.542292021868065022e-01 3.160725427123209919e-01 3.409669202160397483e-01 3.563253766508236997e-01 3.653672432500318923e-01 3.789831871093323756e-01 3.682522529600277261e-01 3.460261530822604237e-01 5.065837308371387016e-01
1.718295171923293549e-02 1.401839177915608359e-01 2.717782842948588407e-01 3.280833661524242828e-01 3.491280059954353643e-01 3.610870378304706918e-01 3.673443063008431375e-01 3.800192050852995163e-01 3.691084159980004276e-01 3.497130685325178234e-01 5.277216686029504444e-01
2.101518553210034515e-02 1.591365638762496093e-01 2.880841873723524182e-01 3.385942858233347841e-01 3.559544589563862216e-01 3.647660223923059886e-01 3.685920131514505704e-01 3.809706634367115430e-01 3.706358477890792091e-01 3.549033119567971406e-01 5.493207765603056458e-01
2.551329219365486636e-02 1.786619160672594242e-01 3.030255344009201157e-01 3.476564151042757511e-01 3.615379169577532803e-01 3.674709129193600154e-01 3.692430846617474338e-01 3.820391395587851013e-01 3.731023015061503134e-01 3.617537399545472931e-01 5.709768410995089694e-01
3.073308339389531352e-02 1.984646564560916815e-01 3.165327271397042619e-01 3.553410465362607518e-01 3.659784935883871326e-01 3.693154604291795096e-01 3.694412768572995498e-01 3.834493560816806812e-01 3.767827443125651432e-01 3.703493313617824967e-01 5.922890676059604509e-01
3.672115253163715787e-02 2.182519213052193929e-01 3.285806360252568337e-01 3.617336160867374306e-01 3.693827325673327278e-01 3.704197231850419603e-01 3.693443512250075833e-01 3.854495326276313194e-01 3.819436863152739781e-01 3.806840094260585117e-01 6.128924097991849118e-01
4.351230210938501763e-02 2.377471557579330375e-01 3.391805474004335186e-01 3.669293476474737026e-01 3.718629038590928193e-01 3.709120987594097252e-01 3.691271039255243358e-01 3.883086523521297462e-01 3.888214844790297553e-01 3.926501268334534611e-01 6.324837456050088624e-01
5.112713360742703744e-02 2.567010737960551681e-01 3.483723653903933459e-01 3.710304882061564169e-01 3.735374721254059449e-01 3.709320454591260030e-01 3.689839272328587216e-01 3.923092581890221808e-01 3.975961606504376800e-01 4.060408667929459314e-01 6.508382899875485572e-01
5.956985767213734961e-02 2.748992409171422957e-01 3.562177238363206655e-01 3.741449851755713207e-01 3.745325636871259523e-01 3.706332327256939840e-01 3.691301684606804745e-01 3.977345064415125364e-01 4.083643061089267112e-01 4.205672596155572984e-01 6.678149956139599608e-01
6.882642724364375353e-02 2.921662744312555904e-01 3.627943715285583681e-01 3.763864394880738762e-01 3.749842414378540267e-01 3.701867564119883380e-01 3.698013159554687235e-01 4.048488075501777694e-01 4.211164891989831460e-01 4.358878961905997551e-01 6.833520195167567257e-01
7.886311689694060212e-02 3.083670267062068593e-01 3.681919767153513101e-01 3.778751675550893752e-01 3.750413515606004777e-01 3.697838951828404941e-01 3.712488399299779251e-01 4.138726509104828089e-01 4.357252972330548091e-01 4.516460157724481728e-01 6.974549408870048817e-01
8.962565670069991275e-02 3.234053509592034192e-01 3.725093536379126546e-01 3.787402022570960369e-01 3.748686164313185798e-01 3.696376700826857764e-01 3.737314617480197998e-01 4.249541231675744712e-01 4.519489171679132444e-01 4.675067259484980697e-01 7.101810311896402661e-01
1.010390015751297665e-01 3.372211499293176762e-01 3.758530296886322675e-01 3.791220405856559061e-01 3.746495028650546066e-01 3.699822235630347289e-01 3.775008859876811673e-01 4.381417980599168760e-01 4.694518917587306439e-01 4.831873085573700766e-01 7.216226418626127126e-01
1.130078138659920822e-01 3.497863999020716652e-01 3.783370263461431349e-01 3.791758874286668690e-01 3.745881903894749954e-01 3.710688184631119046e-01 3.827817908840115413e-01 4.533652828984974792e-01 4.878402971364161900e-01 4.984756643071664994e-01 7.318920272668858473e-01
1.254177798397492216e-01 3.611007615396664150e-01 3.800836994513361322e-01 3.790750361905119159e-01 3.749097160422115160e-01 3.731571893756777114e-01 3.897472446915953848e-01 4.704297290449817037e-01 5.067046950016050877e-01 5.132351331745620415e-01 7.411089956464862460e-01
1.381379602329811107e-01 3.711872702857098583e-01 3.812254552833260202e-01 3.790138554397531334e-01 3.758571312296803968e-01 3.765012375985010151e-01 3.984925829947669751e-01 4.890283562240837489e-01 5.256623236170714364e-01 5.273971721497664467e-01 7.493919135547146837e-01
1.510244452848996111e-01 3.800884713597539877e-01 3.819071108780479062e-01 3.792096140243530478e-01 3.776843774635018636e-01 3.813288529858158138e-01 4.090126661065824343e-01 5.087727313357821579e-01 5.443907224920637722e-01 5.409457814605743708e-01 7.568519134616700228e-01
1.639255751500916236e-01 3.878632462588543217e-01 3.822885851489355447e-01 3.799020946369031648e-01 3.806437391909261447e-01 3.878171015203999983e-01 4.211885047535499638e-01 5.292355399981426567e-01 5.626478376243797541e-01 5.538986121240865312e-01 7.635897281116581503e-01
1.766888273453653124e-01 3.945844781600266193e-01 3.825474810442912044e-01 3.813496787581946434e-01 3.849673695526307782e-01 3.960660109647847205e-01 4.347886043829199409e-01 5.499968891575461871e-01 5.802773985797862188e-01 5.662893062863125770e-01 7.696943992158788994e-01
1.891691351336932114e-01 4.003376235278416351e-01 3.828809469035769908e-01 3.838204590793140025e-01 3.908436656620384309e-01 4.060761591114552260e-01 4.494876189131039590e-01 5.706843897704981794e-01 5.972016876687025189e-01 5.781541962921361577e-01 7.752431383537854437e-01
2.012379397581815221e-01 4.052201915968426937e-01 3.835060041905634098e-01 3.875771479206635006e-01 3.983911429310711960e-01 4.177362333773935732e-01 4.649005623576059065e-01 5.909996879241808942e-01 6.134058703582545569e-01 5.895246364753202739e-01 7.803017819965231139e-01
2.127918505072360633e-01 4.093420734098234259e-01 3.846573460386983889e-01 3.928553450193080221e-01 4.076344915917392564e-01 4.308256654730952540e-01 4.806263899880365842e-01 6.107285661869223947e-01 6.289185982075590209e-01 6.004245685532578758e-01 7.849254991706149376e-01
2.237595980935241924e-01 4.128265967650192048e-01 3.865815347517948530e-01 3.998362856212085981e-01 4.184888445658979661e-01 4.450340296841329146e-01 4.962920227496981918e-01 6.297362971673384768e-01 6.437929305676239888e-01 6.108718288185502887e-01 7.891596091260691948e-01
2.341061680958785585e-01 4.158121012527660199e-01 3.895266839447718565e-01 4.086174312567563138e-01 4.307579528205113806e-01 4.599940990653905715e-01 5.115879949797634829e-01 6.479529833246947534e-01 6.580903020406810855e-01 6.208813183170052152e-01 7.930405017444908111e-01
2.438335701269749578e-01 4.184537189247862221e-01 3.937272380068594368e-01 4.191866384950177493e-01 4.441494061187449272e-01 4.753213239765544107e-01 5.262897241701565143e-01 6.653545407966517944e-01 6.718688286619394212e-01 6.304683635101759887e-01 7.965967092686047080e-01
2.529784259338117569e-01 4.209249074316099848e-01 3.993844304810857393e-01 4.314070780162863605e-01 4.583057260805346589e-01 4.906509910713765521e-01 5.402626456853263370e-01 6.819441389193714453e-01 6.851760658803560666e-01 6.396511489309631981e-01 7.998501646256294118e-01
2.616071634914785005e-01 4.234181227462807118e-01 4.066443255410017721e-01 4.450193540913997547e-01 4.728456261803653526e-01 5.056660297004768045e-01 5.534534418597392147e-01 6.977371458871138854e-01 6.980455698712024759e-01 6.484517418326024574e-01 8.028176269468426662e-01
2.698098890016961682e-01 4.261438684258845311e-01 4.155767070420846032e-01 4.596637818702382638e-01 4.874068542619368616e-01 5.201122501677172272e-01 5.658720942631969564e-01 7.127507880902830273e-01 7.104962716290383895e-01 6.568957551402582196e-01 8.055121924307625525e-01
2.776939522123427762e-01 4.293272777063414924e-01 4.261589773636403344e-01 4.749202579606308094e-01 5.016819707159091424e-01 5.338017778330400587e-01 5.775701466764983083e-01 7.269983317810502221e-01 7.225336545598470828e-01 6.650110138725799924e-01 8.079447665798314970e-01
2.853779403862786723e-01 4.332014622703971307e-01 4.382691673988000081e-01 4.903577122345052497e-01 5.154409995773262532e-01 5.466080399988305638e-01 5.886197772709677034e-01 7.404868196762993682e-01 7.341518989618253110e-01 6.728256992761723065e-01 8.101253668709285094e-01
2.929864927559739374e-01 4.379971938060441272e-01 4.516909041814481385e-01 5.055821997032776682e-01 5.285388467922045308e-01 5.584563886590893089e-01 5.990967510049537426e-01 7.532171725356939795e-01 7.453363996793886948e-01 6.803664012628842794e-01 8.120641523756216840e-01
3.006460401614048372e-01 4.439291258410267837e-01 4.661309230979676088e-01 5.202736070688214198e-01 5.409091414024047584e-01 5.693137443284399524e-01 6.090686922204263665e-01 7.651856083776729101e-01 7.560662932536533765e-01 6.876563900873393642e-01 8.137721261199288847e-01
3.084813928836980801e-01 4.511796557074637115e-01 4.812470228317801690e-01 5.342051225631253564e-01 5.525486218208807143e-01 5.791793270555812834e-01 6.185887677809498442e-01 7.763856359528248374e-01 7.663168090651507613e-01 6.947142873802170104e-01 8.152615097929394317e-01
3.166130149568864294e-01 4.598824500099691348e-01 4.966819997361451300e-01 5.472450100844413745e-01 5.634970321337884336e-01 5.880772723361398224e-01 6.276939540801361739e-01 7.868101864926014821e-01 7.760613790795535261e-01 7.015532119264347166e-01 8.165458340120337333e-01
3.251547993533523417e-01 4.701082652642082360e-01 5.120977552345601369e-01 5.593446234515898619e-01 5.738170032777790697e-01 5.960510523917513792e-01 6.364065848283584348e-01 7.964536703748993363e-01 7.852735115748932238e-01 7.081804070832624642e-01 8.176398127358813772e-01
3.342121589351446653e-01 4.818556673412489055e-01 5.272038620926619013e-01 5.705187188181086722e-01 5.835771337075096321e-01 6.031591883079694405e-01 6.447377771898357146e-01 8.053138606521520471e-01 7.939284657902178077e-01 7.145973177805913235e-01 8.185590769252022447e-01
3.438802524719150044e-01 4.950484958750255293e-01 5.417763939020646680e-01 5.808239543240655278e-01 5.928399928477026126e-01 6.094716462789061540e-01 6.526915093904457343e-01 8.133935362774512567e-01 8.020047643506469370e-01 7.208000638546622207e-01 8.193198347376423607e-01
3.542421731212478941e-01 5.095406681892439282e-01 5.556652859494868313e-01 5.903398300331210713e-01 6.016554246495309233e-01 6.150664292565545255e-01 6.602684513840103575e-01 8.207018070923034481e-01 8.094855564014147298e-01 7.267802435585152265e-01 8.199385100881505517e-01
3.653669529692284423e-01 5.251276221167739955e-01 5.687911019217142261e-01 5.991542361479917922e-01 6.100585316183804174e-01 6.200260926277394447e-01 6.674690153408106008e-01 8.272550305382122549e-01 8.163598081218736979e-01 7.325259912791129979e-01 8.204313944762233746e-01
3.773072994158078730e-01 5.415627601265144975e-01 5.811340383541006016e-01 6.073539968935049993e-01 6.180711425730427422e-01 6.244341463414353477e-01 6.742954106164583683e-01 8.330772409494336950e-01 8.226232634747341343e-01 7.380232048193560157e-01 8.208143326979294718e-01
3.900970866988990871e-01 5.585768193802200798e-01 5.927188599774562139e-01 6.150196663612418346e-01 6.257053841987610943e-01 6.283714953663586122e-01 6.807527183395234438e-01 8.382000510192972875e-01 8.282791004353097231e-01 7.432568500720447835e-01 8.211024531309077945e-01
4.037487699365393534e-01 5.758980287322176261e-01 6.035992423797857942e-01 6.222233611294981648e-01 6.329680917379145733e-01 6.319131776356802233e-01 6.868491401207739155e-01 8.426620415412322540e-01 8.333382141713012725e-01 7.482122461146322179e-01 8.213099474722306281e-01
4.182510377755004338e-01 5.932710102258725859e-01 6.138440611154175608e-01 6.290284264965240180e-01 6.398650778835143216e-01 6.351256749607068208e-01 6.925956396354396860e-01 8.465077133021405853e-01 8.378190876297201273e-01 7.528762347730197924e-01 8.214499018269529884e-01
4.335671208559360723e-01 6.104725344599124526e-01 6.235269690256481923e-01 6.354900016393064677e-01 6.464046103918489328e-01 6.380650171977749752e-01 6.980052064477056950e-01 8.497861191681918003e-01 8.417472531714410566e-01 7.572381491552597765e-01 8.215341793991749464e-01
4.496341710141627535e-01 6.273225170835832198e-01 6.327195221948462844e-01 6.416558846704095709e-01 6.525997502743101641e-01 6.407758075977803003e-01 7.030919483441810947e-01 8.525493165537412210e-01 8.451543942092444306e-01 7.612905177082327501e-01 8.215733536294430595e-01
4.663639915525605861e-01 6.436891919293591391e-01 6.414873639525758842e-01 6.475673874527833052e-01 6.584694443116365647e-01 6.432911983583087245e-01 7.078701779861126253e-01 8.548507796944879722e-01 8.480771722386998279e-01 7.650294727728532695e-01 8.215766889619665614e-01
4.836451595471541465e-01 6.594882565008849395e-01 6.498886134198671449e-01 6.532600694585973811e-01 6.640384483913670532e-01 6.456337549944862753e-01 7.123536142604151022e-01 8.567438922124881451e-01 8.505558854433530325e-01 7.684548702200134640e-01 8.215521645438256249e-01
5.013463232643956546e-01 6.746767961924077239e-01 6.579735730046559761e-01 6.587643524208742773e-01 6.693362883197941926e-01 6.478170675104538700e-01 7.165547762363555506e-01 8.582806108028248060e-01 8.526330686917132917e-01 7.715701617695120973e-01 8.215065343713469082e-01
5.193202870712740893e-01 6.892436505668209090e-01 6.657850474529768414e-01 6.641060634650806094e-01 6.743955436518515034e-01 6.498478941103910111e-01 7.204846115065199896e-01 8.595103578927921761e-01 8.543521339982258489e-01 7.743820863547260513e-01 8.214454160624377055e-01
5.374084777932778278e-01 7.031983132973712580e-01 6.733588237905763219e-01 6.693069558581598022e-01 6.792497667790875493e-01 6.517285654419412433e-01 7.241523707637965712e-01 8.604791704760637039e-01 8.557561304790399781e-01 7.769002565152027806e-01 8.213733997855073854e-01
5.554455078817275293e-01 7.165603596019328725e-01 6.807240954411177825e-01 6.743852320273632239e-01 6.839313286968301542e-01 6.534593488236118963e-01 7.275657150483083591e-01 8.612291073004278985e-01 8.568866788855254990e-01 7.791367097245368578e-01 8.212941689782362609e-01
5.732637363888810622e-01 7.293508778171868823e-01 6.879037740764769593e-01 6.793560584693943971e-01 6.884694282258915221e-01 6.550404879413244119e-01 7.307310200085557206e-01 8.617978983431057172e-01 8.577831122627784799e-01 7.811054764521441207e-01 8.212106252518452942e-01
5.906978880962224787e-01 7.415866696453918827e-01 6.949147142398138799e-01 6.842320294180557205e-01 6.928884319797473657e-01 6.564736996256411716e-01 7.336538232606301113e-01 8.622188087007245372e-01 8.584818338510642466e-01 7.828221929650258648e-01 8.211250111128963747e-01
6.075898590951301914e-01 7.532773012668175783e-01 7.017678995691054578e-01 6.890235153181757388e-01 6.972066452555035765e-01 6.577630153934926893e-01 7.363393485434476249e-01 8.625206825319063908e-01 8.590158872001684154e-01 7.843037642294856671e-01 8.210390256258360830e-01
6.237937836411074910e-01 7.644245825859669052e-01 7.084686325204690993e-01 6.937388288617608589e-01 7.014355594338050892e-01 6.589149777293369370e-01 7.387930362794249417e-01 8.627281301969592642e-01 8.594147217037518827e-01 7.855680660272968963e-01 8.209539296789404306e-01
6.391812610279233864e-01 7.750237773870981561e-01 7.150167530790153547e-01 6.983841570787067132e-01 7.055795815890644196e-01 6.599383104724164673e-01 7.410210156985107544e-01 8.628618220617583212e-01 8.597041289190190394e-01 7.866336679877229399e-01 8.208706389360159728e-01
6.536463762678255129e-01 7.850657838319961002e-01 7.214068991406055176e-01 7.029632410214091687e-01 7.096362238530621314e-01 6.608432545204155906e-01 7.430304681399743094e-01 8.629388546635968771e-01 8.599063204682981798e-01 7.875195601125964950e-01 8.207898037369530941e-01
6.671098828611756737e-01 7.945396152769844678e-01 7.276288190274269319e-01 7.074768310342042232e-01 7.135967094472798200e-01 6.616407815604310461e-01 7.448298516413779380e-01 8.629731584237212427e-01 8.600401164020532452e-01 7.882448718342134342e-01 8.207118760836545901e-01
6.795217891800502397e-01 8.034346892765209525e-01 7.336677574109803368e-01 7.119219997204252470e-01 7.174469365532901710e-01 6.623418714376367866e-01 7.464289792427581949e-01 8.629759203634040921e-01 8.601212131102261571e-01 7.888285811807742576e-01 8.206371643957809381e-01
6.908617283309638202e-01 8.117426393538541562e-01 7.395049571676973743e-01 7.162914484708063911e-01 7.211687296701092542e-01 6.629569771938532696e-01 7.478389632509162555e-01 8.629559999776715840e-01 8.601625017559048070e-01 7.892892192256988348e-01 8.205658769744853531e-01
7.011369088509978864e-01 8.194585559858154067e-01 7.451183426339911264e-01 7.205729857806052463e-01 7.247413007213856506e-01 6.634957266560834732e-01 7.490720517383681054e-01 8.629203212569368509e-01 8.601744113770075639e-01 7.896445800018495609e-01 8.204981551502289472e-01
7.103779956674358687e-01 8.265817114719616887e-01 7.504834602766308205e-01 7.247493728911704736e-01 7.281428376116024781e-01 6.639668415750966668e-01 7.501413902500767561e-01 8.628742286021066077e-01 8.601652548890308392e-01 7.899114482829336925e-01 8.204340970286286838e-01
7.186337240990482433e-01 8.331159115619972688e-01 7.555747358695362736e-01 7.287987107146655097e-01 7.313521332067298708e-01 6.643782097129374842e-01 7.510607414077721256e-01 8.628217988977214814e-01 8.601415608729998663e-01 7.901053578766779051e-01 8.203737727165433258e-01
7.259652230522860572e-01 8.390696395854676526e-01 7.603670540251773469e-01 7.326954726777129556e-01 7.343501598934938368e-01 6.647370280480456861e-01 7.518441897530711016e-01 8.627661061806389808e-01 8.601083789068625363e-01 7.902403923387639750e-01 8.203172320164323628e-01
7.324408861010618388e-01 8.444561229920523049e-01 7.648375810580445577e-01 7.364121738830956554e-01 7.371214841816713381e-01 6.650499437165675598e-01 7.525058515610314469e-01 8.627094390642220390e-01 8.600695509584863618e-01 7.903290388096297914e-01 8.202645058599459249e-01
7.381322908245275816e-01 8.492933773724143931e-01 7.689676570036477754e-01 7.399215275427870608e-01 7.396554079476425070e-01 6.653231446220564393e-01 7.530596022767671593e-01 8.626534742080383955e-01 8.600279456677215606e-01 7.903821037666287630e-01 8.202156031523127888e-01
