1.086780562566195811e-17 1.305695302266204533e-18 4.125265160627140459e-19 2.394746721208124786e-19 3.594855867536640325e-19 1.031176135619658149e-20 1.824544271618160495e-18 2.037937200044354875e-17 1.601443806979465658e-17 1.065984221649629222e-17 9.063725177577736268e-16
1.540485463476224112e-17 1.850801999324986583e-18 5.848836451145621434e-19 3.400674767790593393e-19 5.116053266721664273e-19 2.073829550060810650e-20 2.611872884325703979e-18 2.904254107874164822e-17 2.336685277104776076e-17 1.835929914928132554e-17 1.325018456177827574e-15
2.183602096153421833e-17 2.623488241309963254e-18 8.293329133867993386e-19 4.832766020168658125e-19 7.292886736502532360e-19 4.171754126232461699e-20 3.753746900539472284e-18 4.147709374428921150e-17 3.447218354014556766e-17 3.267248569577720935e-17 1.956000573202489834e-15
3.095206278078366945e-17 3.718773370231418548e-18 1.176108365179998295e-18 6.875188764133030835e-19 1.041982369223226921e-18 8.394517098097862951e-20 5.424393134203905851e-18 5.941333355237694919e-17 5.160301600464365771e-17 5.991575670435339464e-17 2.922273241589257582e-15
4.387386978977849542e-17 5.271354979341143387e-18 1.668203732049559088e-18 9.795306260081632178e-19 1.493525215469442917e-18 1.689800955994200113e-19 7.897500917948286984e-18 8.546254108893104429e-17 7.871300220895047440e-17 1.127239193952389857e-16 4.428120829651603236e-15
6.219029286233543952e-17 7.472183208390253016e-18 2.366837684778241124e-18 1.398478450213853718e-18 2.150284840455139142e-18 3.403108595230991510e-19 1.161517686199971937e-17 1.236476401186204015e-16 1.228973686784507258e-16 2.164091747237869615e-16 6.817533760852235900e-15
8.815352060724902213e-17 1.059196366900792273e-17 3.359340101170370737e-18 2.002432062929728971e-18 3.114858046450295592e-18 6.857417479978981524e-19 1.731404191613115893e-17 1.803235011012899574e-16 1.972400311125701954e-16 4.215759825313500943e-16 1.067478214614778777e-14
1.249560324317404699e-16 1.501449055032889331e-17 4.770610862129912046e-18 2.878841770995061215e-18 4.549873886696879945e-18 1.382739318345612552e-18 2.626182525021930676e-17 2.658226114073375400e-16 3.264004569049010875e-16 8.288564480968808274e-16 1.699576381386423278e-14
1.771231936559447538e-16 2.128393161800803596e-17 6.779926071065956803e-18 4.162018955652164923e-18 6.720615093294451495e-18 2.790426721907842561e-18 4.071087502013350779e-17 3.974776077774704725e-16 5.575935522989181777e-16 1.636724853467586231e-15 2.747552435270851883e-14
2.510697873019441380e-16 3.017192509094065917e-17 9.645895337568674251e-18 6.063227508156172994e-18 1.007345885311604190e-17 5.636506174178558257e-18 6.478225130653426252e-17 6.052922521034794695e-16 9.821044690283979945e-16 3.232395668979024087e-15 4.498179661560388287e-14
3.558889526522668114e-16 4.277282971671912310e-17 1.374412548783640251e-17 8.924091873442058329e-18 1.538371724298764949e-17 1.139765299578925506e-17 1.062109017877546483e-16 9.427437942784927472e-16 1.777154530764864613e-15 6.361385903302960376e-15 7.431823421806244235e-14
5.044706099717241483e-16 6.063902129447364969e-17 1.962522367604299719e-17 1.331410331552809874e-17 2.403985370760477233e-17 2.307469308468473715e-17 1.798198251925794982e-16 1.507543834441806301e-15 3.286522477042949329e-15 1.243724647892117487e-14 1.234251322424432631e-13
7.150870238513618157e-16 8.597323302863467897e-17 2.810634204508916692e-17 2.021310721588780466e-17 3.859864863655621600e-17 4.677385388426489899e-17 3.144689896503911888e-16 2.481660970666471110e-15 6.173711427232819939e-15 2.409451103018027220e-14 2.052188644377140621e-13
1.013640705488955820e-15 1.219023109936451750e-16 4.041981399595871541e-17 3.136004584594134333e-17 6.388313986445132868e-17 9.493349614188775479e-17 5.669726884272809776e-16 4.208312165748296442e-15 1.170824808943064402e-14 4.615173083090095811e-14 3.403297852787211246e-13
1.436851493478422993e-15 1.728674869683700407e-16 5.846209871906489026e-17 4.993084054524470314e-17 1.091742432269135885e-16 1.929051696585624322e-16 1.049921788453649001e-15 7.339089702377500511e-15 2.229091625557699379e-14 8.724492158076341838e-14 5.610530138355347368e-13
2.036775495982785752e-15 2.451820418208690051e-16 8.522432762157441557e-17 8.187382985452093458e-17 1.926141464369548882e-16 3.923527988347566400e-16 1.987035796489390302e-15 1.311217010183116962e-14 4.239738473784368520e-14 1.625212037765603195e-13 9.168627158941905878e-13
2.887213005114096979e-15 3.478307151537496247e-16 1.255605584503566688e-16 1.385677214035194738e-16 3.500893491171195496e-16 7.984462034066368334e-16 3.822449239792211433e-15 2.387115153603820593e-14 8.023505574132322049e-14 2.979501109759537719e-13 1.481838197563926485e-12
4.092795976685391561e-15 4.936207779582949357e-16 1.875984812724277186e-16 2.421516764062941459e-16 6.531807043569655225e-16 1.624777118091017620e-15 7.434282527179579411e-15 4.401658216002335170e-14 1.505808063684216398e-13 5.370093464005906914e-13 2.364286367444794155e-12
5.801877380003723422e-15 7.008496917620817553e-16 2.853950141995489267e-16 4.362683258902076338e-16 1.245412672283979088e-15 3.303495875330143112e-15 1.454672216512539836e-14 8.171773591297726522e-14 2.795133839018782586e-13 9.507112342656985639e-13 3.718699616904481980e-12
8.224816315968169064e-15 9.957415674349268624e-16 4.440385252155570633e-16 8.077779213651992935e-16 2.415242852378199142e-15 6.704215842864334881e-15 2.851321884744735586e-14 1.519265282949675970e-13 5.120840288651903108e-13 1.652113584606852571e-12 5.759952125294898293e-12
1.165992388113420413e-14 1.416047283324767389e-15 7.096088466021653740e-16 1.530675424415398939e-15 4.742258636540892380e-15 1.356426548357480508e-14 5.577954816145064824e-14 2.815605839148291844e-13 9.243788898298381141e-13 2.816538149796207592e-12 8.779324929465162762e-12
1.653029087073352043e-14 2.016443774796907952e-15 1.168846543581301388e-15 2.954774444577922021e-15 9.387786552720198368e-15 2.732310923401129233e-14 1.085646162278976578e-13 5.181925635776712395e-13 1.641887200899023736e-12 4.708614755849317211e-12 1.316160826921408478e-11
2.343608285398190703e-14 2.876787379158744956e-15 1.988292965410893654e-15 5.784110912611418973e-15 1.866684500723058951e-14 5.471566363962790128e-14 2.096693625502541906e-13 9.442255111997283610e-13 2.866530201747865773e-12 7.716886603934960682e-12 1.940224598575663462e-11
3.322883955022519442e-14 4.115029825769441679e-15 3.492488232641413573e-15 1.143365235296700082e-14 3.716010376588423636e-14 1.087615426966619431e-13 4.009065094325196070e-13 1.699354444136995485e-12 4.915006323627181061e-12 1.239598081595330288e-11 2.812338455396034960e-11
4.711711441692032266e-14 5.907997562977746591e-15 6.320316732884433530e-15 2.273653820295672127e-14 7.384459798250294805e-14 2.142641086281704239e-13 7.575155651118721105e-13 3.015072436982574080e-12 8.271094660329734058e-12 1.951525960760582997e-11 4.008791046088832829e-11
6.681682065336127559e-14 8.525864700486522865e-15 1.173688013876098893e-14 4.533131983412807599e-14 1.461092005388385101e-13 4.177106185515116386e-13 1.412168204845277486e-12 5.265960839508905849e-12 1.365402327840281373e-11 3.011152381093658209e-11 5.621123089765979164e-11
9.476548278868745897e-14 1.239120151316220376e-14 2.225244059078455751e-14 9.034775756927388143e-14 2.871819906990231552e-13 8.046830097010060771e-13 2.593833455433857322e-12 9.043293022032596646e-12 2.210375602774729869e-11 4.554199466079805263e-11 7.757174135949949279e-11
1.344280910830740815e-13 1.818329449321184369e-14 4.284129622211155393e-14 1.795279415193866049e-13 5.595881078175789110e-13 1.529714396770378985e-12 4.688846251924514066e-12 1.525675099389147410e-11 3.508197758444223937e-11 6.753286584205643920e-11 1.054225926855975546e-10
1.907347414433420346e-13 2.702761071311859323e-14 8.331768349176406098e-14 3.548224615972780717e-13 1.078992408381776114e-12 2.866124450241043635e-12 8.333864753951445128e-12 2.526938367053377158e-11 5.458475465994330902e-11 9.821873024865527575e-11 1.412093494259607682e-10
2.707087785288930637e-13 4.084778156081714572e-14 1.629092967645389074e-13 6.960257797584002949e-13 2.055428108940227000e-12 5.286844707256587735e-12 1.455267151958154138e-11 4.106888500985669978e-11 8.325971828908059634e-11 1.401696931851787940e-10 1.866001239680855377e-10
3.843720149617977044e-13 6.303055201177905555e-14 3.189325534273346096e-13 1.352499588257395838e-12 3.862760343978444009e-12 9.591557182744393628e-12 2.495037610394239362e-11 6.547452253800759631e-11 1.245179149834670556e-10 1.964063811797051642e-10 2.435364037149480664e-10
5.460560435546077981e-13 9.969542418130393738e-14 6.229751130391328800e-13 2.598926261857123525e-12 7.152522915895388568e-12 1.710028733503998678e-11 4.197865025304669482e-11 1.023736112427255022e-10 1.826293256472420865e-10 2.704083908423448634e-10 3.143137104681630375e-10
7.763142835068039724e-13 1.621308148503033290e-13 1.210525169038431913e-12 4.930869656101484300e-12 1.303505935510238649e-11 2.993815437116326542e-11 6.928312557415973083e-11 1.569748728187124511e-10 2.627927436837971428e-10 3.661285348897448320e-10 4.017012366802004751e-10
1.104732325655216921e-12 2.714673829151394191e-13 2.334126277262599632e-12 9.224228837481501831e-12 2.335888457205754139e-11 5.143897660808456872e-11 1.121379985659718977e-10 2.360596620691184710e-10 3.711763919424711290e-10 4.880325151387758375e-10 5.091087494831571088e-10
1.574097634519667220e-12 4.676010227068731167e-13 4.456657905784288751e-12 1.699380065118827981e-11 4.112743459594414929e-11 8.669498678946835876e-11 1.779626324059980994e-10 3.482079862231581744e-10 5.149359221551590165e-10 6.411899400394255756e-10 6.408077252018401153e-10
2.246651965565511404e-12 8.260859891142774713e-13 8.411211416257208701e-12 3.079998394914026697e-11 7.109911404433770583e-11 1.432738069868454958e-10 2.769008737173309511e-10 5.039771674964828255e-10 7.022308452148667859e-10 8.314463661428638544e-10 8.022125643990549544e-10
3.213573319571669951e-12 1.489744980004924066e-12 1.566830481201862707e-11 5.486812154978518825e-11 1.206190426329854062e-10 2.321100007457073680e-10 4.224277580412306305e-10 7.160196135576955370e-10 9.422772569395735664e-10 1.065706126989987318e-09 1.000227711750611654e-09
4.609519325661644673e-12 2.726968896111697189e-12 2.877076824059508608e-11 9.599966048625059012e-11 2.007255914419909667e-10 3.685559244189306014e-10 6.319339648689052018e-10 9.991443617010596128e-10 1.245490993025391866e-09 1.352351870219931655e-09 1.243668415866144520e-09
6.635169888067892433e-12 5.037450159870838533e-12 5.202187979516596090e-11 1.648640165631101860e-10 3.275579296995240946e-10 5.735463641550104875e-10 9.272313137526916429e-10 1.370354957949489259e-09 1.623787409248767467e-09 1.701819971728883263e-09 1.543767314578076126e-09
9.592481707052846146e-12 9.340363203636820556e-12 9.254238322417837657e-11 2.777587328250822078e-10 5.240595911091997581e-10 8.747979899158926462e-10 1.334929353728119627e-09 1.848931336645329649e-09 2.091108456342157281e-09 2.127343659991825786e-09 1.914786209750413174e-09
1.394018935721362424e-11 1.730244106761789988e-11 1.618440289842085789e-10 4.589060061122564772e-10 8.219274369583343043e-10 1.307936377645547988e-09 1.886659826939771751e-09 2.456660362301638765e-09 2.664242723643758322e-09 2.645871023298208653e-09 2.374762039745787303e-09
2.038152309714748901e-11 3.189736806700348459e-11 2.780956148489913129e-10 7.433091369488789482e-10 1.263699959823453515e-09 1.917432263793540247e-09 2.619176007697904094e-09 3.218351103240053737e-09 3.363990388698305536e-09 3.279166534991740530e-09 2.946427587839891807e-09
3.000299300268037749e-11 5.833723958636127653e-11 4.692732677578060385e-10 1.180119357257014182e-09 1.904824595536194956e-09 2.757248571320130839e-09 3.574426226883254992e-09 4.162788783312571113e-09 4.216706411758860134e-09 4.055115035724780060e-09 3.658360273055702307e-09
4.449360934163202515e-11 1.055851693311147806e-10 7.773780628101571200e-10 1.836365113191767043e-09 2.815508297027045262e-09 3.891162561198864565e-09 4.799787310952183152e-09 5.324279796574956187e-09 5.256238535409278447e-09 5.009267465768101088e-09 4.546426186595620078e-09
6.648976930033181628e-11 1.887477186384302319e-10 1.263857877634182264e-09 2.800786171373944001e-09 4.082161739904362402e-09 5.392838685789471098e-09 6.348729601471920888e-09 6.744917951684163382e-09 6.526269843257043675e-09 6.186697404499078103e-09 5.655601762745684362e-09
1.001146209071063788e-10 3.327557651452725105e-10 2.016275615743467451e-09 4.187420834357925140e-09 5.808318219475420242e-09 7.345881656870444273e-09 8.282251758624363069e-09 8.477664597230826456e-09 8.083086405607521625e-09 7.644274451010708295e-09 7.042273359804635239e-09
1.518153148032316351e-10 5.778662710408528637e-10 3.156118965064813216e-09 6.138555198496176616e-09 8.115059784101695575e-09 9.844276312650563528e-09 1.067145218802900441e-08 1.059029462023360588e-08 9.998823862285173960e-09 9.453501803989776471e-09 8.777137639312022284e-09
2.316516905646382966e-10 9.876406783114332468e-10 4.847457860534149925e-09 8.826704220198538145e-09 1.114121642217868402e-08 1.299378874491302791e-08 1.360158295162073654e-08 1.317023349313955239e-08 1.236530356833702935e-08 1.170410875926501599e-08 1.094885559735832221e-08
3.552617108268617744e-10 1.660153986595831754e-09 7.305954788006689134e-09 1.245549585601068122e-08 1.504389795942177442e-08 1.691502293268281783e-08 1.717786277800333122e-08 1.633031545925001018e-08 1.529864584882154289e-08 1.450863362186632271e-08 1.366865323598617339e-08
5.468304001883512858e-10 2.743227674765646426e-09 1.080757291849761576e-08 1.725969172881696715e-08 2.000022710509018330e-08 2.174886419071140506e-08 2.153322656080212539e-08 2.021554353413886445e-08 1.894493876670672373e-08 1.800828045243482507e-08 1.707611483011432452e-08
8.435304619071457215e-10 4.454418529662806726e-09 1.569628088901375663e-08 2.350508444135814536e-08 2.621140136654399968e-08 2.766497774132707274e-08 2.683809415129053203e-08 2.501103410815308987e-08 2.348733893889306061e-08 2.238038814726341493e-08 2.134648291590601294e-08
1.302096726879291146e-09 7.106294227243944935e-09 2.239020311954053149e-08 3.148960032028205441e-08 3.391035259272484110e-08 3.487387864507523828e-08 3.331219625879734173e-08 3.095147854263726854e-08 2.915508202410300247e-08 2.784791819814436523e-08 2.669986475037480539e-08
2.008457600865744983e-09 1.113715912599739677e-08 3.138608254174011151e-08 4.154750042543472728e-08 4.337424422544956505e-08 4.364289184012900415e-08 4.123854454976058990e-08 3.833263901538455083e-08 3.623498485411510362e-08 3.469145437311463362e-08 3.341285072377485813e-08
3.091689912906633588e-09 1.714686488609443504e-08 4.326264360284854588e-08 5.405898021415913329e-08 5.494283690148688064e-08 5.431614883359389173e-08 5.097980864713928844e-08 4.752560045755161046e-08 4.508613476607494822e-08 4.326431983523069649e-08 4.183317990177617934e-08
4.744002968031541703e-09 2.593670360943722161e-08 5.868444007633843994e-08 6.946759716485508867e-08 6.904340928507239891e-08 6.733870267353276268e-08 6.299767403056942041e-08 5.899471276889295420e-08 5.615859586718364940e-08 5.401156146008621109e-08 5.239824750238819772e-08
7.249003143712655855e-09 3.855175209093112472e-08 7.840893848769962522e-08 8.830773759118001278e-08 8.622254974676797221e-08 8.328495679943410964e-08 7.787618457164044153e-08 7.332037573416247964e-08 7.001713215636192467e-08 6.749373540589351671e-08 6.565844759318745474e-08
1.102114517530193524e-08 5.632359597678881461e-08 1.033007422073685384e-07 1.112437940948229369e-07 1.071848871382252589e-07 1.028919369327009449e-07 9.635058234162283293e-08 9.122805538140125669e-08 8.737117165382471236e-08 8.441666399058293210e-08 8.230659411560032368e-08
1.666003462741297336e-08 8.091134533150623247e-08 1.343577759292992443e-07 1.391220023284862067e-07 1.328388680257533090e-07 1.270984871358593837e-07 1.193436967760706930e-07 1.136252011810597656e-07 1.091125336089083143e-07 1.056686391712609883e-07 1.032149809065416126e-07
2.502409354055780824e-08 1.143395085615534680e-07 1.727547079483468592e-07 1.730352195686875059e-07 1.643501442437384212e-07 1.570922024187473932e-07 1.480124647425420144e-07 1.416480950086185861e-07 1.363628338971636571e-07 1.323669474756294111e-07 1.294820471654552662e-07
3.732901832059291330e-08 1.590328332259919589e-07 2.199087537155306766e-07 2.144006108088255178e-07 2.032040686443096464e-07 1.943667629157002072e-07 1.838076672787908463e-07 1.767211460350148712e-07 1.705329962833490855e-07 1.659161179851941216e-07 1.624911335182749511e-07
5.527742802101041076e-08 2.178507617247912331e-07 2.775722965939976640e-07 2.650505142432372297e-07 2.512801767196867456e-07 2.407932604486247481e-07 2.285504695963780566e-07 2.206317903952776053e-07 2.133979586271644983e-07 2.080809881607752229e-07 2.039844748732096610e-07
8.122711583283751907e-08 2.941276366919676859e-07 3.479556943404215331e-07 3.273378665728817404e-07 3.109432406734977116e-07 2.987100961215371943e-07 2.845299106043068271e-07 2.756249968362566171e-07 2.671905096939374520e-07 2.610785847694791445e-07 2.561564148135270243e-07
1.184063890945449075e-07 3.917289754522439818e-07 4.338826171691923780e-07 4.042595143261965492e-07 3.851573553392003025e-07 3.710371199347680349e-07 3.546262038534534938e-07 3.445224545226462469e-07 3.347192693447935665e-07 3.276939724398340343e-07 3.217708851280625238e-07
1.711861447746518921e-07 5.151385720352675937e-07 5.389798181948865062e-07 4.996034054714083687e-07 4.776313961760735372e-07 4.614209759213398141e-07 4.424657041972143614e-07 4.308728673181864082e-07 4.195171885747502929e-07 4.114266733638152361e-07 4.043095265240020830e-07
2.454196165506209340e-07 6.695953036058914771e-07 6.679039198160284911e-07 6.181288276879558420e-07 5.930059950875325086e-07 5.744202420869555642e-07 5.526147955544261565e-07 5.391414560355912490e-07 5.260286647790322194e-07 5.166760529753930782e-07 5.081585002309166170e-07
3.488621658189807847e-07 8.613017253435361557e-07 8.266100466793849799e-07 7.657922982307608402e-07 7.370939500068830690e-07 7.157410610988070942e-07 6.908218995589808063e-07 6.749488578314779036e-07 6.598455257239626488e-07 6.489762515950021960e-07 6.388441419086096566e-07
4.916850391448629969e-07 1.097728387257056548e-06 1.022671159653574917e-06 9.500352527392347542e-07 9.171879060082790558e-07 8.925366886894711872e-07 8.643194288732076312e-07 8.453722255435490130e-07 8.280048368158839682e-07 8.152938962171213728e-07 8.033302507734942229e-07
6.870985690250100793e-07 1.388038166961915018e-06 1.265662685031514567e-06 1.180153311921163666e-06 1.142451542864867489e-06 1.113787876486367054e-06 1.082200958301090219e-06 1.059324624126558717e-06 1.039364861301228701e-06 1.024405063933607269e-06 1.010393131555677395e-06
9.521016809139765172e-07 1.743654112772337466e-06 1.567634192548700507e-06 1.467770790556549642e-06 1.424413796541516779e-06 1.390785391941114311e-06 1.355893332115339805e-06 1.328032993724209112e-06 1.305079720357334958e-06 1.287371961622430501e-06 1.271094697650901754e-06
1.308375637809332645e-06 2.178993196222368283e-06 1.943698045198152899e-06 1.827448586384789838e-06 1.777590287773146852e-06 1.737741426646384639e-06 1.699749081933189603e-06 1.665640242320830096e-06 1.639198579122664712e-06 1.618144785944446345e-06 1.599379232334220075e-06
1.783340761289424899e-06 2.712388356991722450e-06 2.412773778633358687e-06 2.277459115537674736e-06 2.220262566666460446e-06 2.172563382020153567e-06 2.131791674059523696e-06 2.089963740801451639e-06 2.059421812558423473e-06 2.034320577425406359e-06 2.012826083286940336e-06
2.411395958206742805e-06 3.367224028130670131e-06 2.998536372826305181e-06 2.840769118762256354e-06 2.775454387893735134e-06 2.717831862717173277e-06 2.674655094952703207e-06 2.623450980875979886e-06 2.588054954495857443e-06 2.558099030807518641e-06 2.533599001251021872e-06
3.235363614807744927e-06 4.173317817928546388e-06 3.730626846362628452e-06 3.546280618945235863e-06 3.472155334145555782e-06 3.402035078121931850e-06 3.356770563549988907e-06 3.294383870636038204e-06 3.253211782768154491e-06 3.217485729285769764e-06 3.189643487786221291e-06
4.308169245814077256e-06 5.168594873659052073e-06 4.646195473111710593e-06 4.430392853115175499e-06 4.346856042491434371e-06 4.261124806573356754e-06 4.213867272358567976e-06 4.138396650582908987e-06 4.090331248424689926e-06 4.047806804181168628e-06 4.016196969843770276e-06
5.694799817505153255e-06 6.401122861615629717e-06 5.791862547146604633e-06 5.538964564759417157e-06 5.445476522326507442e-06 5.340475331368592665e-06 5.290871662049142670e-06 5.200389437732099805e-06 5.144089875045753567e-06 5.093616374070979801e-06 5.057693600030300437e-06
7.474611381526848637e-06 7.931605003953403393e-06 7.226200482842693812e-06 6.929777715648673787e-06 6.825790333021476012e-06 6.697347238326806342e-06 6.644311633332344618e-06 6.536940869240254925e-06 6.470812676151618664e-06 6.411100211440201685e-06 6.370166910498279035e-06
9.744100151651668008e-06 9.836466093727919260e-06 9.022865822390057342e-06 8.675631688279533750e-06 8.560473911277617957e-06 8.403983886532741073e-06 8.345359319370600727e-06 8.219350390989511786e-06 8.141512732563691024e-06 8.071107008105489179e-06 8.024280584594143068e-06
1.262031495440486135e-05 1.221171133087616720e-05 1.127454225371994589e-05 1.086823273013974891e-05 1.074094386974709295e-05 1.055150133149154462e-05 1.048367992773264096e-05 1.033747489765598595e-05 1.024572379156698397e-05 1.016297367163078441e-05 1.010915171527585830e-05
1.624517419427954639e-05 1.517778971839242438e-05 1.409789796616471718e-05 1.362308816994219945e-05 1.348218800516176621e-05 1.325477459435110075e-05 1.317229651324536218e-05 1.300456753134514563e-05 1.289633341553503542e-05 1.279935490184280159e-05 1.273717393396382692e-05
2.079105471629049030e-05 1.888575286956883483e-05 1.763981475674505423e-05 1.708567044896038724e-05 1.692885097957702508e-05 1.665857711273041603e-05 1.655373375767206300e-05 1.636338080035599579e-05 1.623567860418400789e-05 1.612232192101783343e-05 1.605010203166171159e-05
2.646813714192686480e-05 2.352506800070550247e-05 2.208521482532982001e-05 2.143918435976974223e-05 2.126290651331789609e-05 2.094529926958448303e-05 2.080777101929044513e-05 2.059386466986157729e-05 2.044323430827780450e-05 2.031106330557933115e-05 2.022672804964434413e-05
3.353411374993184497e-05 2.933352407203714885e-05 2.766689741540981890e-05 2.691435505760059643e-05 2.671333807543110404e-05 2.634465994175099360e-05 2.616121996779308080e-05 2.592287646687898683e-05 2.574531141168497756e-05 2.559160579937753982e-05 2.549256487543916482e-05
4.230698219507457181e-05 3.660976799692527262e-05 3.467790557209032414e-05 3.380175875675284583e-05 3.356836331214753898e-05 3.314593637535396582e-05 3.290024970107797731e-05 3.263642767686758431e-05 3.242728894673675591e-05 3.224907910864420512e-05 3.213206150756307068e-05
5.318175654261697599e-05 4.572913090438246258e-05 4.348707862106507434e-05 4.246734858811688677e-05 4.219087787936611926e-05 4.171337702693486493e-05 4.138591765859469244e-05 4.109512812110416519e-05 4.084904068324097073e-05 4.064318129332136233e-05 4.050400949663240008e-05
6.665202904483326840e-05 5.716356107846874192e-05 5.455861481580316234e-05 5.337199246976859392e-05 5.303796622084789279e-05 5.250563400906789485e-05 5.207373352674765806e-05 5.175365629304571041e-05 5.146438451533515444e-05 5.122766656054658847e-05 5.106096833238424321e-05
8.333742429455058966e-05 7.150667867382748020e-05 6.847667743000876255e-05 6.709604616286452894e-05 6.668553429558165754e-05 6.610026068333211939e-05 6.553829087862345602e-05 6.518529134514754490e-05 6.484558981592847228e-05 6.457488114575553090e-05 6.437374425986170919e-05
1.040181227027085412e-04 8.950521340856222932e-05 8.597633108530971298e-05 8.437023919648082605e-05 8.385936499546096359e-05 8.322456827575487788e-05 8.250425067891899655e-05 8.211279104359107983e-05 8.171422681379875120e-05 8.140661989862062100e-05 8.116220584226031701e-05
1.296778154149571258e-04 1.120983795760308949e-04 1.079823923168458363e-04 1.061144539004049269e-04 1.054741790809559293e-04 1.047944211040688378e-04 1.038852498802306012e-04 1.034471892935956373e-04 1.029799313981088712e-04 1.026328651863609522e-04 1.023340088761303941e-04
1.615566999519906649e-04 1.404670692274228889e-04 1.356581056888832174e-04 1.334863143157674940e-04 1.326825900369914756e-04 1.319628606021468729e-04 1.308326234647176753e-04 1.303364031346510076e-04 1.297889751013725154e-04 1.294002878489315406e-04 1.290331195716331355e-04
2.012164177930258623e-04 1.760950663742889323e-04 1.704658765696039188e-04 1.679418325138778327e-04 1.669361354852909709e-04 1.661807500773789361e-04 1.647961333940135668e-04 1.642258461912135287e-04 1.635848371334753441e-04 1.631527011908688086e-04 1.627003320764539517e-04
2.506191007611519657e-04 2.208447231568632914e-04 2.142425250298646766e-04 2.113106021389711249e-04 2.100607765541322278e-04 2.092718525236094828e-04 2.075991174119530601e-04 2.069334673023546275e-04 2.061831971411890352e-04 2.057058870873624526e-04 2.051481984484335164e-04
3.122227788549507147e-04 2.770495478424084518e-04 2.692915279326126184e-04 2.658880336499807912e-04 2.643492419914346891e-04 2.635247561816999999e-04 2.615304648747216690e-04 2.607416291780315499e-04 2.598637636896787041e-04 2.593392174241963008e-04 2.586527860526399735e-04
3.890950420957936485e-04 3.476256930827502150e-04 3.384942489635736087e-04 3.345466488994466186e-04 3.326721238644631223e-04 3.318036145514242159e-04 3.294553618194907461e-04 3.285077781385977369e-04 3.274808901873606758e-04 3.269060391462491394e-04 3.260642151638444650e-04
4.850456396414346829e-04 4.362030346814253995e-04 4.254408561844174913e-04 4.208671286249448498e-04 4.186083504000801003e-04 4.176784099930075291e-04 4.149454651611468570e-04 4.137945744225653838e-04 4.125936495058477038e-04 4.119635182866770301e-04 4.109366509875095417e-04
6.047760928107887967e-04 5.472738900130023464e-04 5.345789922078218346e-04 5.292871349425400281e-04 5.265930726271769551e-04 5.255728803509577976e-04 5.224265682801968683e-04 5.210175563586246731e-04 5.196134443848252028e-04 5.189200496484256417e-04 5.176758332495805465e-04
7.540397344260630101e-04 6.863528194124585580e-04 6.713736765060865667e-04 6.652613025355699457e-04 6.620764899943685881e-04 6.609237428456020890e-04 6.573372923295268217e-04 6.556038875609401535e-04 6.539627098933643726e-04 6.531938201590882596e-04 6.516977104132409479e-04
9.397981963251212430e-04 8.601337423355260702e-04 8.424647452200881292e-04 8.354185837908495275e-04 8.316800651227411901e-04 8.303377598470308924e-04 8.262852416780574029e-04 8.241486480876271002e-04 8.222311809138841158e-04 8.213690287071839444e-04 8.195846690120782039e-04
1.170349784874880148e-03 1.076620327683483567e-03 1.055797915983547938e-03 1.047692909649645347e-03 1.043326473617605006e-03 1.041723046522761596e-03 1.037176940066514112e-03 1.034545020598255302e-03 1.032306094308644640e-03 1.031326155863793604e-03 1.029215754167884167e-03
1.455391493891245933e-03 1.345192352083978771e-03 1.320692366332661301e-03 1.311389973710375178e-03 1.306306545238359804e-03 1.304357865068740295e-03 1.299284772022063191e-03 1.296051644848398524e-03 1.293439625666202401e-03 1.292309597605510816e-03 1.289834218216671631e-03
1.805960701181038913e-03 1.676555506367577355e-03 1.647792568413561799e-03 1.637137911877299895e-03 1.631231385176608404e-03 1.628844998052590178e-03 1.623199112608410309e-03 1.619245384454488920e-03 1.616201839344246719e-03 1.614880944710505748e-03 1.612000724176002086e-03
