3.480648940984044625e-08 2.145118330377681541e-05 3.531890465960383363e-01 5.011491899783380166e-01 5.575428169001376277e-01 1.000000000000068390e+00 5.540911487764972332e-01 1.113242870517276717e-02 8.464396088640326055e-02 6.006412724099700062e-01 1.152185880220970710e-01
4.933751727292866303e-08 3.040699368809367885e-05 3.532924381169176287e-01 5.016277318509866356e-01 5.583678719354316922e-01 1.000000000000052625e+00 5.575998976463570900e-01 1.575234450928948357e-02 1.140132333779872997e-01 6.608092938048448772e-01 1.499253557507919388e-01
6.993504916903761689e-08 4.310188131029838002e-05 3.534388933240819042e-01 5.023047358068840618e-01 5.595324943717497890e-01 1.000000000000039302e+00 5.624754372030925653e-01 2.225772447958254338e-02 1.512163909447976906e-01 7.204476441331573167e-01 1.904877284028090034e-01
9.913183022780451759e-08 6.109688327506657157e-05 3.536462812558833768e-01 5.032616603437712888e-01 5.611733777949020618e-01 1.000000000000029532e+00 5.691941146655351558e-01 3.138022669934226183e-02 1.970025250649400927e-01 7.761827117250377217e-01 2.359253254712418146e-01
1.405180686023537127e-07 8.660464803895101895e-05 3.539398146598686790e-01 5.046125236746070719e-01 5.634791460641419558e-01 1.000000000000021094e+00 5.783478235712909976e-01 4.409383707454401363e-02 2.515963420456839295e-01 8.254097573019754108e-01 2.847321402123622613e-01
1.991829829664692831e-07 1.227612650599287168e-04 3.543549945341654128e-01 5.065160270736802639e-01 5.667070119885813106e-01 1.000000000000014433e+00 5.906292673918268621e-01 6.165243707133523376e-02 3.145186507208488913e-01 8.667047583451352732e-01 3.351067343113234287e-01
2.823407504367167342e-07 1.740112789102019931e-04 3.549416600329156068e-01 5.091912916384149224e-01 5.712017705270253654e-01 1.000000000000009548e+00 6.067778030041636184e-01 8.558993112228062417e-02 3.844555357592651657e-01 8.998291320076935440e-01 3.851953649083693088e-01
4.002178886896110086e-07 2.466527645847485777e-04 3.557694821365336990e-01 5.129373610967039587e-01 5.774143196730001648e-01 1.000000000000005773e+00 6.274685980494832949e-01 1.176385810378600405e-01 4.592135729512479281e-01 9.254326411756877979e-01 4.332906645689311720e-01
5.673113057112108815e-07 3.496084729437840747e-04 3.569352640411609379e-01 5.181555360173146774e-01 5.859133851667617243e-01 1.000000000000002887e+00 6.531394294266580358e-01 1.595085563261369188e-01 5.358298184558037969e-01 9.446525578140777535e-01 4.779812849304579392e-01
8.041719239962766268e-07 4.955156860939750104e-04 3.585723446087513699e-01 5.253712881480964159e-01 5.973788274475104743e-01 1.000000000000000888e+00 6.837770775515182864e-01 2.124854220356205414e-01 6.108983166708790158e-01 9.587676867488245103e-01 5.182569992761122402e-01
1.139933582239532594e-06 7.022641533562877080e-04 3.608621333115978880e-01 5.352482598150285487e-01 6.125588570833447877e-01 9.999999999999996669e-01 7.187242365286876655e-01 2.768712314017163778e-01 6.810893219079642291e-01 9.689745331238549531e-01 5.535564711985928588e-01
1.615898862816140767e-06 9.951614373646909539e-04 3.640471563327755677e-01 5.485802518518511084e-01 6.321705281771781149e-01 9.999999999999987788e-01 7.565999616860415999e-01 3.514262590755304339e-01 7.437169528680847019e-01 9.762807011015850467e-01 5.837441876936373397e-01
2.290623997460180560e-06 1.409971486324304926e-03 3.684437290351358363e-01 5.662391765400437427e-01 6.567306912837360677e-01 9.999999999999985567e-01 7.954229838066619873e-01 4.331005164063455037e-01 7.971518564797470674e-01 9.814794003062047301e-01 6.090255126226867821e-01
3.247130297335953495e-06 1.997157661576985307e-03 3.744503232761215994e-01 5.890524446309851614e-01 6.863318329163015097e-01 9.999999999999983347e-01 8.329604932374593540e-01 5.173397650469485631e-01 8.409349143760709300e-01 9.851675897242291313e-01 6.298305001390566149e-01
4.603132744152389916e-06 2.827764679786175239e-03 3.825451329843437831e-01 6.175927233673592642e-01 7.204236728098519782e-01 9.999999999999983347e-01 8.672037042248498251e-01 5.990058265203980215e-01 8.755916030417326690e-01 9.877811041684205762e-01 6.467004841227153022e-01
6.525550391707113242e-06 4.001484653580553857e-03 3.932646214206998447e-01 6.518998641044598807e-01 7.577052620904310976e-01 9.999999999999986677e-01 8.967749308818753207e-01 6.735703279959820433e-01 9.022743197619842448e-01 9.896317473917317642e-01 6.601994519454514876e-01
9.251095023571380137e-06 5.657539538185554773e-03 4.071569724484499497e-01 6.912200138729254206e-01 7.962314744192648952e-01 9.999999999999987788e-01 9.210978756962766578e-01 7.380379269158225952e-01 9.223929945708214673e-01 9.909396375227406129e-01 6.708568640400799366e-01
1.311549113566369581e-05 7.989002222043893944e-03 4.247138980642363171e-01 7.339053120649688955e-01 8.337597515940072812e-01 9.999999999999991118e-01 9.403055917111882156e-01 7.912380308216850899e-01 9.373395960434292018e-01 9.918588404410648707e-01 6.791381236594373760e-01
1.859495754787027818e-05 1.126091815862420575e-02 4.463003553870836249e-01 7.776001448364650015e-01 8.682315378461710198e-01 9.999999999999994449e-01 9.549945371960543161e-01 8.335248197845195328e-01 9.483340600857922409e-01 9.924965807035963650e-01 6.854348050941201365e-01
2.636511569282374204e-05 1.583179309101890447e-02 4.721128149182474143e-01 8.197093877877951185e-01 8.981898360865948616e-01 9.999999999999995559e-01 9.659630590638289549e-01 8.661941984151222407e-01 9.563683034564743890e-01 9.929271448765056851e-01 6.900668948890745780e-01
3.738467743480244069e-05 2.217621221945595758e-02 5.021841879458651681e-01 8.579723815620323712e-01 9.229668499106227220e-01 9.999999999999996669e-01 9.740187188287031672e-01 8.909226116100058546e-01 9.622100285958070653e-01 9.932017195450508762e-01 6.932912030059910080e-01
5.301438493351445016e-05 3.090293818034511517e-02 5.364145123912739122e-01 8.908961186540116373e-01 9.426134923714736269e-01 9.999999999999995559e-01 9.798725472112036483e-01 9.093795370670076927e-01 9.664341996411643931e-01 9.933552512355431352e-01 6.953121974622170631e-01
7.518612235104193096e-05 4.275737566128651190e-02 5.745723847726085243e-01 9.178949453564175798e-01 9.576698963897877226e-01 9.999999999999998890e-01 9.841008216136010178e-01 9.230259514711259827e-01 9.694620553449360134e-01 9.934111838904196023e-01 6.962931618599564887e-01
1.066434514116111772e-04 5.859057443778502988e-02 6.162235776889712913e-01 9.391551949039319558e-01 9.689087344060676177e-01 1.000000000000000000e+00 9.871465426192433945e-01 9.330466987718903926e-01 9.715975834730217198e-01 9.933847095745861333e-01 6.963666575410258908e-01
1.512838138940285294e-04 7.927291788396363670e-02 6.606021460756660302e-01 9.553577411487733650e-01 9.771371585528179082e-01 1.000000000000000222e+00 9.893386992565292859e-01 9.403577213348971453e-01 9.730576872837293223e-01 9.932849892143151838e-01 6.956438900861070529e-01
2.146453439263537480e-04 1.055382040593069587e-01 7.065031279067540693e-01 9.673975245428786396e-01 9.830812557048713707e-01 1.000000000000000222e+00 9.909161755616296974e-01 9.456453721575982518e-01 9.739955235578404702e-01 9.931166658511884071e-01 6.942228743383691558e-01
3.045990100808621047e-04 1.377739236568631953e-01 7.522967283774170122e-01 9.761786530542462259e-01 9.873386590763379989e-01 1.000000000000000222e+00 9.920499461795191376e-01 9.494133389330984274e-01 9.745178527212677855e-01 9.928808970124844979e-01 6.921953814538844840e-01
4.323313231356723995e-04 1.758251973327004947e-01 7.961198400277459397e-01 9.825002718734884288e-01 9.903737731134475419e-01 1.000000000000000222e+00 9.928612791228329515e-01 9.520257592429227644e-01 9.746976221409275887e-01 9.925760670404238928e-01 6.896526209305045008e-01
6.137358424563337704e-04 2.189203506462922000e-01 8.362072698835517626e-01 9.870133814091522906e-01 9.925338128671281623e-01 1.000000000000000222e+00 9.934356930199000901e-01 9.537425770307408346e-01 9.745829515962964873e-01 9.921982969238586358e-01 6.866895216219992548e-01
8.713743783388690862e-04 2.657991382620685794e-01 8.712360527303628643e-01 9.902205567134879649e-01 9.940716769848515488e-01 1.000000000000000000e+00 9.938332382580529201e-01 9.547468084970223146e-01 9.742034898433833412e-01 9.917418420125653222e-01 6.834073791278408860e-01
1.237220230040108953e-03 3.150145660226099098e-01 9.005385232257330230e-01 9.924958861475742244e-01 9.951683603208290041e-01 1.000000000000000222e+00 9.940958840379614525e-01 9.551648192894215406e-01 9.735748927925593765e-01 9.911994516631079666e-01 6.799145817665147584e-01
1.756449866845577294e-03 3.652664764604434677e-01 9.241127239809002747e-01 9.941109544530696285e-01 9.959519169669641681e-01 1.000000000000000000e+00 9.942527437243849908e-01 9.550810749051592552e-01 9.727019868876107811e-01 9.905627543134155610e-01 6.763251621202218677e-01
2.492588704214398175e-03 4.156163402202091572e-01 9.424654461570963759e-01 9.952596277058020080e-01 9.965122961144174951e-01 1.000000000000000222e+00 9.943237349813508485e-01 9.545487338235169039e-01 9.715810385651647563e-01 9.898227210133427878e-01 6.727550845272607383e-01
3.534302166915806280e-03 4.655274357898599447e-01 9.563861194054543713e-01 9.960787729557646353e-01 9.969124121598036403e-01 1.000000000000000000e+00 9.943221274113337449e-01 9.535972161878537579e-01 9.702014497108615299e-01 9.889702431394414850e-01 6.693164813393029933e-01
5.003980591160786008e-03 5.147706497210948751e-01 9.667428461957724428e-01 9.966643651175371987e-01 9.971961575951802104e-01 1.000000000000000222e+00 9.942563077722464948e-01 9.522376356647324069e-01 9.685471318082508052e-01 9.879968283439796162e-01 6.661104544912367365e-01
7.067873067149959762e-03 5.632646338510185480e-01 9.743459274203002396e-01 9.970834594992851185e-01 9.973940878900938722e-01 1.000000000000000000e+00 9.941309978588549479e-01 9.504667785107756561e-01 9.665977678281776342e-01 9.868953674083241756e-01 6.632194693967320420e-01
9.946719558977473383e-03 6.109022232285471476e-01 9.798809784201037987e-01 9.973828356836264009e-01 9.975274013149049157e-01 1.000000000000000000e+00 9.939480905012534340e-01 9.482701627445441206e-01 9.643301386694062005e-01 9.856608563350350849e-01 6.607006500203719268e-01
1.392449140444348976e-02 6.574019506450011763e-01 9.838921859679663484e-01 9.975951186075423527e-01 9.976107003805991802e-01 1.000000000000000000e+00 9.937072199971883624e-01 9.456246056161813351e-01 9.617196549846155351e-01 9.842908906694303184e-01 6.585813048374151712e-01
1.935112286934523654e-02 7.022261316430166156e-01 9.867933846318933666e-01 9.977430578184711685e-01 9.976538961542202877e-01 1.000000000000000000e+00 9.934061498503975463e-01 9.425006554560138028e-01 9.587421771496293932e-01 9.827857182015737880e-01 6.568577019305193998e-01
2.663382294187295607e-02 7.446023436146763652e-01 9.888903691811554708e-01 9.978424940354219119e-01 9.976635153010973145e-01 1.000000000000000000e+00 9.930410390331517734e-01 9.388651852859905000e-01 9.553761075427009697e-01 9.811476834677982373e-01 6.554975025356633012e-01
3.621254752626269779e-02 7.836533006466727125e-01 9.904048289288340801e-01 9.979044043961132759e-01 9.976435931800603507e-01 9.999999999999998890e-01 9.926066352091461598e-01 9.346843757844323086e-01 9.516045910597775714e-01 9.793800419329320439e-01 6.544455032892029234e-01
4.852074952764066917e-02 8.185904367870332488e-01 9.914954767264239077e-01 9.979363069612877668e-01 9.975962810212016807e-01 1.000000000000000000e+00 9.920964372157531352e-01 9.299272056793558283e-01 9.474174779833925975e-01 9.774853289565695880e-01 6.536316454920032548e-01
6.394240756588226438e-02 8.488924034359396353e-01 9.922749892055151566e-01 9.979432214967854931e-01 9.975222565148771370e-01 1.000000000000000000e+00 9.915028675637859168e-01 9.245693921453000952e-01 9.428125450585906897e-01 9.754636488077574885e-01 6.529798331085593377e-01
8.278395404755420350e-02 8.743991177874280707e-01 9.928228536942330651e-01 9.979283229967811364e-01 9.974210008472391698e-01 1.000000000000000000e+00 9.908174962070226410e-01 9.185974736626717485e-01 9.377954328654869443e-01 9.733113037236315046e-01 6.524160761975280609e-01
1.052743250005313408e-01 8.952991752450247809e-01 9.931947809126610016e-01 9.978933816498943843e-01 9.972909879982064796e-01 1.000000000000000000e+00 9.900313555296850199e-01 9.120124351944171037e-01 9.323779393329308940e-01 9.710200748198463128e-01 6.518748203354832738e-01
1.315865471226113081e-01 9.120384709726138128e-01 9.934294508971056592e-01 9.978390533296500609e-01 9.971298214543176108e-01 1.000000000000000000e+00 9.891353778341976932e-01 9.048320328183643291e-01 9.265747375275549258e-01 9.685772506408939497e-01 6.513028888597041099e-01
1.618562246023698969e-01 9.252003485297095597e-01 9.935532785030294356e-01 9.977650645478849389e-01 9.969343474472270872e-01 1.000000000000000000e+00 9.881209639274651790e-01 8.970909267398873288e-01 9.203991480872397712e-01 9.659662841637439712e-01 6.506610527211071915e-01
1.961724755832051081e-01 9.353994484582238700e-01 9.935837481002368632e-01 9.976703224768339595e-01 9.967007707412788298e-01 1.000000000000000000e+00 9.869806497751486551e-01 8.888380162587016242e-01 9.138590506359894894e-01 9.631678332479921556e-01 6.499236827008149087e-01
2.345321798115214962e-01 9.432093845214545302e-01 9.935317333312686516e-01 9.975529723003170313e-01 9.964247971072046628e-01 9.999999999999998890e-01 9.857087799117291160e-01 8.801310189827694641e-01 9.069541135125344100e-01 9.601609245724020969e-01 6.490771491105492563e-01
2.767641909962181290e-01 9.491251845261386988e-01 9.934031077493969963e-01 9.974104196229619523e-01 9.961018237716605661e-01 1.000000000000000000e+00 9.843020370662780572e-01 8.710291906934256589e-01 8.996751642329711141e-01 9.569240428934641107e-01 6.481176289234634735e-01
3.224385765970086415e-01 9.535517377647230175e-01 9.931998693572504644e-01 9.972393342076916189e-01 9.957271926163180353e-01 1.000000000000000000e+00 9.827596475102752249e-01 8.615858127325345395e-01 8.920058578086644818e-01 9.534360366111946927e-01 6.470488355587443730e-01
3.707808712304367371e-01 9.568077621836024171e-01 9.929209433764986104e-01 9.970356523595153009e-01 9.952965077930043813e-01 9.999999999999998890e-01 9.810831144340497190e-01 8.518423316062228023e-01 8.839261231498228844e-01 9.496768130554823495e-01 6.458799918750043334e-01
4.206214322570718256e-01 9.591370044931906147e-01 9.925627877053428971e-01 9.967945980982255705e-01 9.948059977439547286e-01 9.999999999999998890e-01 9.792754400661639602e-01 8.418256529649059683e-01 8.754164500855184938e-01 9.456278587723307982e-01 6.446241889818109527e-01
4.704239493657504934e-01 9.607214412457550923e-01 9.921198986607189241e-01 9.965107465464990710e-01 9.942528724659760453e-01 9.999999999999998890e-01 9.773399519779430999e-01 8.315491946468301920e-01 8.664620302169708799e-01 9.412726575232440718e-01 6.432971436114480746e-01
5.184336855370549335e-01 9.616937392451561095e-01 9.915852947127630213e-01 9.961781543922082482e-01 9.936355968801926508e-01 1.000000000000000000e+00 9.752789833091584093e-01 8.210172484794842074e-01 8.570560189951880181e-01 9.365970891697299461e-01 6.419162888097863506e-01
5.629419623458548072e-01 9.621478468992807898e-01 9.909510366946837623e-01 9.957905784783087633e-01 9.929539834361755801e-01 1.000000000000000000e+00 9.730927046453186069e-01 8.102313860926778633e-01 8.472015847786624754e-01 9.315898751551996426e-01 6.405000978381379939e-01
6.025920021496787848e-01 9.621474798538838247e-01 9.902088183705094471e-01 9.953417908079060794e-01 9.922090176132645212e-01 9.999999999999998890e-01 9.707783473496476301e-01 7.991973161304254392e-01 8.369127920717520652e-01 9.262430967814235805e-01 6.390675389704608689e-01
6.366067437671816265e-01 9.617326869142133194e-01 9.893506272070313745e-01 9.948259744191997322e-01 9.914023788191461684e-01 9.999999999999996669e-01 9.683299330299142138e-01 7.879307708376916963e-01 8.262146224717382692e-01 9.205527657644854145e-01 6.376375802764185918e-01
6.648471457861880873e-01 9.609248423833656183e-01 9.883694324669228815e-01 9.942381519747253149e-01 9.905356998384627909e-01 9.999999999999996669e-01 9.657384968120886759e-01 7.764614969596738137e-01 8.151425266153679017e-01 9.145193915885402314e-01 6.362286991909398282e-01
6.876970174128920199e-01 9.597304425315678067e-01 9.872598141731633303e-01 9.935745660881777352e-01 9.896096940275869169e-01 9.999999999999998890e-01 9.629927103000884836e-01 7.648350135410569850e-01 8.037418402725288180e-01 9.081484806082233963e-01 6.348583906018212542e-01
7.058523781742535030e-01 9.581440622601690160e-01 9.860184158682587796e-01 9.928329107585445179e-01 9.886233347823724094e-01 9.999999999999995559e-01 9.600797818313896448e-01 7.531122867506142571e-01 7.920672445279461904e-01 9.014509187090092857e-01 6.335426978781218965e-01
7.201132292187033546e-01 9.561507896330480039e-01 9.846440996204987028e-01 9.920123193443153298e-01 9.875732702211870162e-01 9.999999999999995559e-01 9.569865176634354542e-01 7.413677647298773099e-01 7.801822770363234794e-01 8.944432207480852437e-01 6.322958055216481021e-01
7.312377490338171082e-01 9.537284138523961508e-01 9.831377077298322220e-01 9.911130509617699369e-01 9.864535961096329020e-01 9.999999999999994449e-01 9.537004446640223732e-01 7.296863113942007040e-01 7.681587720840253874e-01 8.871476580574739756e-01 6.311297282302578138e-01
7.398690001365776370e-01 9.508495959892873106e-01 9.815013856045675666e-01 9.901358771355396327e-01 9.852560145870552510e-01 9.999999999999996669e-01 9.502109101370215249e-01 7.181595330215002626e-01 7.560760548679827941e-01 8.795922856298232784e-01 6.300541142328847100e-01
7.465154141692363909e-01 9.474841940707865451e-01 9.797374855722279507e-01 9.890812375486421892e-01 9.839703086412231459e-01 9.999999999999994449e-01 9.465100861264964527e-01 7.068818798502974898e-01 7.440197377343867879e-01 8.718108792041359134e-01 6.290761599042519192e-01
7.515609536007776814e-01 9.436018365533475061e-01 9.778471498738694478e-01 9.879482880530719990e-01 9.825849914023715437e-01 9.999999999999994449e-01 9.425938172558691042e-01 6.959467893959692120e-01 7.320800363225864471e-01 8.638427665319508009e-01 6.282006166338325315e-01
7.552870320576601237e-01 9.391747367504681421e-01 9.758287615840844920e-01 9.867339899797845648e-01 9.810879615550575084e-01 9.999999999999991118e-01 9.384622653905695389e-01 6.854430540185482146e-01 7.203496090323880940e-01 8.557325105606455873e-01 6.274298646000825430e-01
7.578961750886229476e-01 9.341806203308524736e-01 9.736765361729309287e-01 9.854323817170826949e-01 9.794670147957541539e-01 9.999999999999992228e-01 9.341203212911348697e-01 6.754515493735783194e-01 7.089210002571448843e-01 8.475293889232460298e-01 6.267640314366066390e-01
7.595330825128037144e-01 9.286055140605175007e-01 9.713795617426719264e-01 9.840341380663112369e-01 9.777101187653269854e-01 9.999999999999990008e-01 9.295777718825122271e-01 6.660424405281040183e-01 6.978838258841573161e-01 8.392866219152945728e-01 6.262011430105558496e-01
7.603018769928976406e-01 9.224460410011673384e-01 9.689215404289249767e-01 9.825264741618018327e-01 9.758054386067510633e-01 9.999999999999990008e-01 9.248492308075568769e-01 6.572729700346694459e-01 6.873218771189525400e-01 8.310603296272045526e-01 6.257373035828218688e-01
7.602796995774702138e-01 9.157108159987304985e-01 9.662813323489456430e-01 9.808934022806760078e-01 9.737411788356357123e-01 9.999999999999992228e-01 9.199538585554118963e-01 6.491859123604784010e-01 6.773103367958693832e-01 8.229082402653815631e-01 6.253669093071531071e-01
7.595272467373086478e-01 9.084205693050652064e-01 9.634342050847436445e-01 9.791163087769819695e-01 9.715053604925887321e-01 9.999999999999991118e-01 9.149149147041973906e-01 6.418087458928417588e-01 6.679133012363126509e-01 8.148882142156862463e-01 6.250829003366931147e-01
7.580968537853143285e-01 9.006067750009690842e-01 9.603535234723807879e-01 9.771747854689545321e-01 9.690856652422531470e-01 9.999999999999994449e-01 9.097591953774977203e-01 6.351535498507564492e-01 6.591817802927463221e-01 8.070566807362894446e-01 6.248770530348224383e-01
7.560385888930785114e-01 8.923088308328839258e-01 9.570125391140429372e-01 9.750476238862227918e-01 9.664694508310769372e-01 9.999999999999996669e-01 9.045164102780552939e-01 6.292175861207517373e-01 6.511523100398836084e-01 7.994670988535054201e-01 6.247403068709114216e-01
7.534046561194591707e-01 8.835701852651314248e-01 9.533859738491673452e-01 9.727138627623906908e-01 9.636439908307737889e-01 9.999999999999996669e-01 8.992185439089983578e-01 6.239844830995822100e-01 6.438462610243543827e-01 7.921685491951868663e-01 6.246631131026242345e-01
7.502522723339909438e-01 8.744341360931208174e-01 9.494512078497046037e-01 9.701537731477954951e-01 9.605969375309313385e-01 1.000000000000000222e+00 8.938992268320201662e-01 6.194259055806727865e-01 6.372698666479407192e-01 7.852045424947041719e-01 6.246357866060762154e-01
7.466451116080874417e-01 8.649402017801883780e-01 9.451890281802741711e-01 9.673496766365797805e-01 9.573169666889366214e-01 1.000000000000000444e+00 8.885931208348069044e-01 6.155035740388169474e-01 6.314149383560860862e-01 7.786121000537523651e-01 6.246488396438812929e-01
7.426534145841734436e-01 8.551218901612481771e-01 9.405840163704893842e-01 9.642865228236879860e-01 9.537945419967760463e-01 1.000000000000000666e+00 8.833353041866626176e-01 6.121714884693854053e-01 6.262601832398302371e-01 7.724211291375289168e-01 6.246932773372507741e-01
7.383529303408227218e-01 8.450063492965468326e-01 9.356247220800747444e-01 9.609521988285029126e-01 9.500227314831243275e-01 1.000000000000001554e+00 8.781606358370127596e-01 6.093782150994804248e-01 6.217730002478116802e-01 7.666540883389107996e-01 6.247608386135868885e-01
7.338229597000387461e-01 8.346158854288852069e-01 9.303037779781080374e-01 9.573375969489997805e-01 9.459980100592273455e-01 1.000000000000001554e+00 8.731030826666758005e-01 6.070691071954175122e-01 6.179116064173545420e-01 7.613259180600617793e-01 6.248441723649779123e-01
7.291438522728527216e-01 8.239708500052622675e-01 9.246180729095461182e-01 9.534365132555059352e-01 9.417209865914855094e-01 1.000000000000001998e+00 8.681950094544235164e-01 6.051883519452736504e-01 6.146273354696235591e-01 7.564442003207142440e-01 6.249369452309763151e-01
7.243943332216219444e-01 8.130930986049638154e-01 9.185690406064926927e-01 9.492454786647206433e-01 9.371969991664514943e-01 1.000000000000001998e+00 8.634664515397436624e-01 6.036807617047537100e-01 6.118669570356588538e-01 7.520095088441461906e-01 6.250338836952948895e-01
7.196489867873994140e-01 8.020091898088921312e-01 9.121630626532076791e-01 9.447636290930568892e-01 9.324365307490852794e-01 1.000000000000002442e+00 8.589444086890282160e-01 6.024932570094049256e-01 6.095748832835268249e-01 7.480159123272615007e-01 6.251307582536526075e-01
7.149761220528109140e-01 7.907526903069715951e-01 9.054119419264130553e-01 9.399927044855811431e-01 9.274554117960965849e-01 1.000000000000002220e+00 8.546522099708961928e-01 6.015760176643220047e-01 6.076951571455876389e-01 7.444515982544357424e-01 6.252243208311137890e-01
7.104361308590513291e-01 7.793652750131546680e-01 8.983333815209474382e-01 9.349372352090753457e-01 9.222747970713077725e-01 1.000000000000001998e+00 8.506090005922796182e-01 6.008833040880958709e-01 6.061731484362724576e-01 7.412995893027000127e-01 6.253122083053176405e-01
7.060803543624544210e-01 7.678966333951873224e-01 8.909514023300202368e-01 9.296049373568905372e-01 9.169209282650467863e-01 1.000000000000001998e+00 8.468293926488551504e-01 6.003739717516762830e-01 6.049569167610054921e-01 7.385385278725266067e-01 6.253928250939893019e-01
7.019504222166369489e-01 7.564034267732676620e-01 8.832966442970084930e-01 9.240073026760917685e-01 9.114247167949939277e-01 1.000000000000001554e+00 8.433233051066657548e-01 6.000117158844692211e-01 6.039982298326496135e-01 7.361435060293122223e-01 6.254652166260544766e-01
6.980780157220818349e-01 7.449476516729519604e-01 8.754065147497501753e-01 9.181603372236216698e-01 9.058211962565503317e-01 1.000000000000001332e+00 8.400959980313618125e-01 5.997650915907520863e-01 6.032532503112810751e-01 7.340869183730599490e-01 6.255289435463562420e-01
6.944850184868387455e-01 7.335947630062720215e-01 8.673251646862037978e-01 9.120853758386413546e-01 9.001488966045440021e-01 1.000000000000000888e+00 8.371482863123209661e-01 5.996073569956614779e-01 6.026829224152021602e-01 7.323393147614351006e-01 6.255839641143993157e-01
6.911840346065670770e-01 7.224118341778800190e-01 8.591032834653971051e-01 9.058098765628858073e-01 8.944491806264315281e-01 1.000000000000000666e+00 8.344769022393236924e-01 5.995161853999528834e-01 6.022531011878137219e-01 7.308702292583293403e-01 6.256305298010839122e-01
6.881792564609717777e-01 7.114659199341611950e-01 8.507976992444569175e-01 8.993680804435619791e-01 8.887655599690066355e-01 1.000000000000000222e+00 8.320749662121332824e-01 5.994732881457610629e-01 6.019344730624145434e-01 7.296489619402160010e-01 6.256690968276943376e-01
6.854676418754312994e-01 7.008226747210692942e-01 8.424707561622137852e-01 8.928014092476854735e-01 8.831429789835200106e-01 1.000000000000000000e+00 8.299325211219279463e-01 5.994639842469233759e-01 6.017023172924990115e-01 7.286452917759602688e-01 6.257002544908357722e-01
6.830403171506498339e-01 6.905451856662622179e-01 8.341894151976406713e-01 8.861584693251364220e-01 8.776270284297222890e-01 1.000000000000000000e+00 8.280370880488088225e-01 5.994767467119863635e-01 6.015361551127041961e-01 7.278301018686976764e-01 6.257246696444356271e-01
6.808840756045498877e-01 6.806929169268243207e-01 8.260240053108479641e-01 8.794945381673396900e-01 8.722630365821411047e-01 1.000000000000000000e+00 8.263742078278781822e-01 5.995027494086301312e-01 6.014193283317523786e-01 7.271759027341662129e-01 6.257430456629623494e-01
6.789828146027748756e-01 6.713206378891546366e-01 8.180465499169770061e-01 8.728704362208840051e-01 8.670949898991620053e-01 1.000000000000000000e+00 8.249279434062177785e-01 5.995354325392706629e-01 6.013385424593948869e-01 7.266572445362742272e-01 6.257560935460099172e-01
6.773187655752734848e-01 6.624772257047822910e-01 8.103286248460477292e-01 8.663507357798638786e-01 8.621642629953867321e-01 1.000000000000000222e+00 8.236813301033386603e-01 5.995700994466915956e-01 6.012834022919028021e-01 7.262510147054708209e-01 6.257645124912254442e-01
6.758734227432924291e-01 6.542042927267783803e-01 8.029387745540437216e-01 8.600013349209789659e-01 8.575081866578760925e-01 1.000000000000000222e+00 8.226167728644703248e-01 5.996035526648030300e-01 6.012459608261369048e-01 7.259366225448624643e-01 6.257689772203214318e-01
6.746281502647302197e-01 6.465346826047740914e-01 7.959396175340376356e-01 8.538865247638370848e-01 8.531585446872392842e-01 1.000000000000000666e+00 8.217163990240492488e-01 5.996337730365600693e-01 6.012202959973215188e-01 7.256960768875997392e-01 6.257701295675698328e-01
6.735645175538852447e-01 6.394909836288426019e-01 7.893848877770448524e-01 8.480657890870820781e-01 8.491401501167469279e-01 1.000000000000001110e+00 8.209623798138333539e-01 5.996596425211579984e-01 6.012021244348478843e-01 7.255139665008850658e-01 6.257685723074849493e-01
6.726644560418274521e-01 6.330842921082923125e-01 7.833167516105539185e-01 8.425906703684994392e-01 8.454696892959896459e-01 1.000000000000001332e+00 8.203372326692330851e-01 5.996807091249573007e-01 6.011884573914101360e-01 7.253773558839160529e-01 6.257648638558167553e-01
