9.999999999999999167e-02 6.700620000000000118e+02 8.007630000000000337e+02 9.132630000000000337e+02 1.280281999999999925e+03 1.529007000000000062e+03 1.588420000000000073e+03 1.695727000000000089e+03 1.380633000000000038e+03 1.424664999999999964e+03 1.501945999999999913e+03 1.863384999999999991e+03 1.878949000000000069e+03 2.111440999999999804e+03
1.262600109874855159e-01 6.722929591943280911e+02 8.029488604798061715e+02 9.165432178942194241e+02 1.284860375828687665e+03 1.533472343607480752e+03 1.593271251595035892e+03 1.701444831957622910e+03 1.384820900882700016e+03 1.429606449024079893e+03 1.507823675502763990e+03 1.869674843501306896e+03 1.884918585541220409e+03 2.117684603047176552e+03
1.594159037455999683e-01 6.750583143735445901e+02 8.056736064216718205e+02 9.206483827834586009e+02 1.290578841482643384e+03 1.539099133530770587e+03 1.599339977168618361e+03 1.708609328162374368e+03 1.390037488432048804e+03 1.435792778629492204e+03 1.515180896005361774e+03 1.877530531742875837e+03 1.892376809594574752e+03 2.125468333100672226e+03
2.012785375849938385e-01 6.784542619731826107e+02 8.090486227043901408e+02 9.257638697821662390e+02 1.297683437871053229e+03 1.546182798602260846e+03 1.606897451141290958e+03 1.717553343310393984e+03 1.396491945431286240e+03 1.443505651773235286e+03 1.524351349945512766e+03 1.887289599686101838e+03 1.901646845860677104e+03 2.135111327377343514e+03
2.541343036702639058e-01 6.820714172238599531e+02 8.126673672120942911e+02 9.312700553964407391e+02 1.305315362035173166e+03 1.553831949496934612e+03 1.615032389504969160e+03 1.727200562545975117e+03 1.403395716110991316e+03 1.451809398661567684e+03 1.534238565362860072e+03 1.897778011475293852e+03 1.911612559023146332e+03 2.145450124178252736e+03
3.208699997370449974e-01 6.862649772203968723e+02 8.168753650216959841e+02 9.376686993409958859e+02 1.314177998340128624e+03 1.562702868056908756e+03 1.624494968550768363e+03 1.738427067694009111e+03 1.411401142669157707e+03 1.461463624365847181e+03 1.545746601239121901e+03 1.909962005066928668e+03 1.923193726274491610e+03 2.157450476769666238e+03
4.051304969235378084e-01 6.906375591914151073e+02 8.212861928921463459e+02 9.443037653002982097e+02 1.323363587717813516e+03 1.571738461797758191e+03 1.634361813012088987e+03 1.750118958668858340e+03 1.419693331739794303e+03 1.471498392229362025e+03 1.557754618476464884e+03 1.922604665197974327e+03 1.935231025528587452e+03 2.169897724258300514e+03
5.115178099293145042e-01 6.952334564479311894e+02 8.259360661782341140e+02 9.512684934465449942e+02 1.332998173188989085e+03 1.581114321409877448e+03 1.644742084044939247e+03 1.762411556319663532e+03 1.428385238007281487e+03 1.482037104026811221e+03 1.570395908533163492e+03 1.935873492370147915e+03 1.947874104536789218e+03 2.182949359617253322e+03
6.458424430196978427e-01 7.001844658510090085e+02 8.309604626979270279e+02 9.587611870045378737e+02 1.343354930021313749e+03 1.591080553943071209e+03 1.655934929812987775e+03 1.775657930868713265e+03 1.437722438112344662e+03 1.493380655480765881e+03 1.584036083591907527e+03 1.950145976067585480e+03 1.961484138458351936e+03 2.196974817038227684e+03
8.154407395185152563e-01 7.044165782188140383e+02 8.352828962040429133e+02 9.652684055656168312e+02 1.352309478420998630e+03 1.599442374808316345e+03 1.665642437080381796e+03 1.787117893342097886e+03 1.445756981524220009e+03 1.503187511203325130e+03 1.595882409380483750e+03 1.962457169986709687e+03 1.973196407969375059e+03 2.208998191480165133e+03
1.029575567312512652e+00 7.090133585111528873e+02 8.399745544173877079e+02 9.723673143574832238e+02 1.362077102434319841e+03 1.608462060662221120e+03 1.676226188761521826e+03 1.799612098568783040e+03 1.454501872856914133e+03 1.513877724040701423e+03 1.608816880060236826e+03 1.975863770697710606e+03 1.985939219649688312e+03 2.222061142690873567e+03
1.299942224413244807e+00 7.134256180485278946e+02 8.444626409252598478e+02 9.792371135780221039e+02 1.371536206237575243e+03 1.616994459440793207e+03 1.686454749855560522e+03 1.811693448179642928e+03 1.462929854167916346e+03 1.524211945667399959e+03 1.621362514482255847e+03 1.988795376830211580e+03 1.998207029024065832e+03 2.234600561787442075e+03
1.641307195375129924e+00 7.178729129403961906e+02 8.489305422645708177e+02 9.860959642974868302e+02 1.381044709395890550e+03 1.625453502503075470e+03 1.696689139719199375e+03 1.823864043830958053e+03 1.471379534555529744e+03 1.534605505313140156e+03 1.634011460512866961e+03 2.001745890211716869e+03 2.012168242121151025e+03 2.247107201552288643e+03
2.072314645219029305e+00 7.228066415533996860e+02 8.538552336729229637e+02 9.936657247150761805e+02 1.391573027395185818e+03 1.634746871273295937e+03 1.707995218966432958e+03 1.837361652966508700e+03 1.480724795103879160e+03 1.546121680509812904e+03 1.648047303445784792e+03 2.016061117145239905e+03 2.028643134848874070e+03 2.260892771917483515e+03
2.616504698748823632e+00 7.272291438194093871e+02 8.582506148745096652e+02 1.000409436342675008e+03 1.400944534330024453e+03 1.642922693020097313e+03 1.718055954690628369e+03 1.849454699757353410e+03 1.489057447353648058e+03 1.556424147460386848e+03 1.660643269105167747e+03 2.028823936309659757e+03 2.044728873993460638e+03 2.273066002724882765e+03
3.303599120128339450e+00 7.320036898649598243e+02 8.630134621951921190e+02 1.007727118295107630e+03 1.411037414121375832e+03 1.651757829559400079e+03 1.728904923920575357e+03 1.862502464886394591e+03 1.498072670985750392e+03 1.567557260979479906e+03 1.674258147660793611e+03 2.042643548149158050e+03 2.059134053691125700e+03 2.286152655096472699e+03
4.171124612056515524e+00 7.370850027463058041e+02 8.681063850831213813e+02 1.015565807740017021e+03 1.421745065193122855e+03 1.661172254897826633e+03 1.740433660457916858e+03 1.876377712754319418e+03 1.507693496441215757e+03 1.579420107706277804e+03 1.688770010889709511e+03 2.057406961520714958e+03 2.070412530086557581e+03 2.300004037950865495e+03
5.266462393484280469e+00 7.416744344340775115e+02 8.727158392878594668e+02 1.022738068318304499e+03 1.431424672790582463e+03 1.669799680664100606e+03 1.750857914675495522e+03 1.888973379481539268e+03 1.516431756363398790e+03 1.590218720044207430e+03 1.702003043095634894e+03 2.070875009344833870e+03 2.073649390553029662e+03 2.312449140651283415e+03
6.649435996665046034e+00 7.467331910984760270e+02 8.777933308025420729e+02 1.030673682576860529e+03 1.442092226214173252e+03 1.679407824121697331e+03 1.762347054693692144e+03 1.902885988590828902e+03 1.526071552729419636e+03 1.602159339894649065e+03 1.716659008192332067e+03 2.085774500299979081e+03 2.074551333678343326e+03 2.326135033721915988e+03
8.395578619995104575e+00 7.517169221482328112e+02 8.827776741042707727e+02 1.038530099877902330e+03 1.452589286269220338e+03 1.689123038408864659e+03 1.773654124107317557e+03 1.916646963907086274e+03 1.535562070542967604e+03 1.613993558255920561e+03 1.731248360426319550e+03 2.100545691369566157e+03 2.071130069660402569e+03 2.339554372437956772e+03
1.060025848806882465e+01 7.566977171392541095e+02 8.877363699976411908e+02 1.046349311009154917e+03 1.462990707883477626e+03 1.698860966750708712e+03 1.784884716380929603e+03 1.930343383787473840e+03 1.544988739274490626e+03 1.625786980578074235e+03 1.745862130344946991e+03 2.115272057623885757e+03 2.065649426956075786e+03 2.352844938963654386e+03
1.338388753173756385e+01 7.621353195559329379e+02 8.931310896914887962e+02 1.054856662636316059e+03 1.474270735586281262e+03 1.709506272507032918e+03 1.797087544297216937e+03 1.945247477146157507e+03 1.555232009927769695e+03 1.638630685228124548e+03 1.761835851291869403e+03 2.131313236359647362e+03 2.058131944734475837e+03 2.367257237220357638e+03
1.689849786812456856e+01 7.671853208210919775e+02 8.980916281480851922e+02 1.062630632144007222e+03 1.484511903457383141e+03 1.719208339817445903e+03 1.808265167021584148e+03 1.958916116254397139e+03 1.564622119262870456e+03 1.650393882699446976e+03 1.776539702899190161e+03 2.145972356562686855e+03 2.051150360102624745e+03 2.380448354064711566e+03
2.133604526501410703e+01 7.726704395556394047e+02 9.034576379029872442e+02 1.071062938974938788e+03 1.495582563678778570e+03 1.729714281601292214e+03 1.820385168958437589e+03 1.973746522745710990e+03 1.574806738287393500e+03 1.663148217852796279e+03 1.792501175438962719e+03 2.161838234936779827e+03 2.044202698306713955e+03 2.394738508687132253e+03
2.693889309590172587e+01 7.782605695387665037e+02 9.088881588967200287e+02 1.079636676042678801e+03 1.506772997923241064e+03 1.740365479100709763e+03 1.832701132729704113e+03 1.988833069651602273e+03 1.585160974041603367e+03 1.676107704720744323e+03 1.808752041307327772e+03 2.177909779151721523e+03 2.038229125213607858e+03 2.409236855134100551e+03
3.401304938279253065e+01 7.836077784503928569e+02 9.140405157013194639e+02 1.087906671417975076e+03 1.517501258124962533e+03 1.750524955035698440e+03 1.844577783179553762e+03 2.003318445460648945e+03 1.595094395096467224e+03 1.688561762565903109e+03 1.824408672532249739e+03 2.193301250706633255e+03 2.036066447639818762e+03 2.423143601809416396e+03
4.294487988789272492e+01 7.894929138574167382e+02 9.196894533366679525e+02 1.097038011886356344e+03 1.529312138694473106e+03 1.761682331902781016e+03 1.857696004637292845e+03 2.019285998320113777e+03 1.606033912123612936e+03 1.702295916241045688e+03 1.841700650651344176e+03 2.210241701296611609e+03 2.035958620756400023e+03 2.438459473197960051e+03
5.422221006501586515e+01 7.950184254484554458e+02 9.249524488134534295e+02 1.105649143919179551e+03 1.540381869921473935e+03 1.772086418821687403e+03 1.870092800083242764e+03 2.034315800217756760e+03 1.616294369536330123e+03 1.715234641504465117e+03 1.858056309797295398e+03 2.226123020980946876e+03 2.041369470136615519e+03 2.452830872611349605e+03
6.846096838574656829e+01 8.007444172463754057e+02 9.303902829750958290e+02 1.114563366854406468e+03 1.551805867878898880e+03 1.782819256129126188e+03 1.882947353002541377e+03 2.049918854390376964e+03 1.626910588653370041e+03 1.728651895552748783e+03 1.875056588391220430e+03 2.242500305037840917e+03 2.051944978952582460e+03 2.467702466387358527e+03
8.643882620598270705e+01 8.070054547778910319e+02 9.363210273260082204e+02 1.124301730991313661e+03 1.564252636096752667e+03 1.794508992377037430e+03 1.897010576046267488e+03 2.067006241795706501e+03 1.638503218706183816e+03 1.743331445671480651e+03 1.893693711399940867e+03 2.260332173272250657e+03 2.068197385197347103e+03 2.483943642663982700e+03
1.091376714651272692e+02 8.125470584348485090e+02 9.415587275186854868e+02 1.132978584428074328e+03 1.575226717998753657e+03 1.804841567492224385e+03 1.909499998793047098e+03 2.082231414740761011e+03 1.648803203413528308e+03 1.756402919524213530e+03 1.910365782102372350e+03 2.276046744853810196e+03 2.087292828302620364e+03 2.498345891250823570e+03
1.377972359833556766e+02 8.186692508861749502e+02 9.473538366157392829e+02 1.142625248149400704e+03 1.587359870853383654e+03 1.816284480438618630e+03 1.923330806277744614e+03 2.099113902783922185e+03 1.660223460258440127e+03 1.770918213701583682e+03 1.928896581703783795e+03 2.293439368585968168e+03 2.107739648082140320e+03 2.514293279720328428e+03
1.739828052930363924e+02 8.248122905713079263e+02 9.531884391618698373e+02 1.152434426836335660e+03 1.599557556653325491e+03 1.827828304580065605e+03 1.937278183246296521e+03 2.116183892332497635e+03 1.671770418923657417e+03 1.785641071850920071e+03 1.947725039087525374e+03 2.310965117890752481e+03 2.126526729752113170e+03 2.530372759757472977e+03
2.196707090793235295e+02 8.307380188974441353e+02 9.588363333817729881e+02 1.162000226172305247e+03 1.611308101085107637e+03 1.839002183288518154e+03 1.950757916360260651e+03 2.132751877779384358e+03 1.682961636242303939e+03 1.799998034511691458e+03 1.966130160707009964e+03 2.327910781439220045e+03 2.143512800352411432e+03 2.545912057446826566e+03
2.773562614198415304e+02 8.372395634791434986e+02 9.650401958707029735e+02 1.172542897071215748e+03 1.624190798644293409e+03 1.851273133717576457e+03 1.965545363604647491e+03 2.150973688678071085e+03 1.695255504815621862e+03 1.815829048838347489e+03 1.986459441811929992e+03 2.346508720333548354e+03 2.161628735391567261e+03 2.562956354895192817e+03
3.501900461431709459e+02 8.433280833188689485e+02 9.708371997126304223e+02 1.182417555298669868e+03 1.636236953590038866e+03 1.862720788471924607e+03 1.979295399810992649e+03 2.168020830312573253e+03 1.706706134223008803e+03 1.830714807574889619e+03 2.005676890303508344e+03 2.363836669214908852e+03 2.178564030071811885e+03 2.578790433020490127e+03
4.421499907374487179e+02 8.497613647658446325e+02 9.769427063345921169e+02 1.192834596596142546e+03 1.648966659546082610e+03 1.874774221334949516e+03 1.993747848651211825e+03 2.186010475340555786e+03 1.718750543004015299e+03 1.846454267287752373e+03 2.026046071518567260e+03 2.382064438745565440e+03 2.196421921887712870e+03 2.595414269865207643e+03
5.582586268862694396e+02 8.566376363474288382e+02 9.834451754833863788e+02 1.203949032346014519e+03 1.662574631036639175e+03 1.887607236562404523e+03 2.009105007135625101e+03 2.205211807624200901e+03 1.731559462952701551e+03 1.863290354909563121e+03 2.047893325900515038e+03 2.401450718574354596e+03 2.215466309247486151e+03 2.613055921266393398e+03
7.048574036451902884e+02 8.629551976506728579e+02 9.894011533987463736e+02 1.214146320824020904e+03 1.674971912126823554e+03 1.899324348182838548e+03 2.023094011231647755e+03 2.222845814770627385e+03 1.743265975849989218e+03 1.878773898965647049e+03 2.067988389892484975e+03 2.419082977021716488e+03 2.232927786988096614e+03 2.629060772231479405e+03
8.899530352885224147e+02 8.699553311036750074e+02 9.959995669291816967e+02 1.225443362872976650e+03 1.688616879891289500e+03 1.912268475126340263e+03 2.038549189425648365e+03 2.242379282418650746e+03 1.756209933176382037e+03 1.895935884446753334e+03 2.090258390143313136e+03 2.438540590807452645e+03 2.252257131623749046e+03 2.646694899187334613e+03
1.123654800138751625e+03 8.769055097298966075e+02 1.002554216983397055e+03 1.236659069942927545e+03 1.701942484687536080e+03 1.925036013828021851e+03 2.053808558130969232e+03 2.261759564433561081e+03 1.769005900494176558e+03 1.912985637953795731e+03 2.112372145398822795e+03 2.457697151973822201e+03 2.271408130669574803e+03 2.663992476065274786e+03
1.418726674116596314e+03 8.838012540979160576e+02 1.009051032112558346e+03 1.247797246465006992e+03 1.714392330898168893e+03 1.937634448976846443e+03 2.068942067434778892e+03 2.280987082245520924e+03 1.781662937755020948e+03 1.929929418900286464e+03 2.134399647384811033e+03 2.476623034428007486e+03 2.290416312542453397e+03 2.681009410468946953e+03
1.791284454622002158e+03 8.913720093514159544e+02 1.016178269345812623e+03 1.260035199271153488e+03 1.727428031170885333e+03 1.951419745946104058e+03 2.085557755488499879e+03 2.302100922912531132e+03 1.795535389043752275e+03 1.948555042992430117e+03 2.158656208843277909e+03 2.497345708659354386e+03 2.311296995266338854e+03 2.699592935865841810e+03
2.261675949222864801e+03 8.983360628887099892e+02 1.022714180801059797e+03 1.271333458269168659e+03 1.737345092082297242e+03 1.964048764374481379e+03 2.100902836905862387e+03 2.321584906621680602e+03 1.808298715056771698e+03 1.965770460162734025e+03 2.181222229047162273e+03 2.516325305806092729e+03 2.330600924702627708e+03 2.716556159754939927e+03
2.855592301990106080e+03 9.058102419999386257e+02 1.029719295515079239e+03 1.283472652391463498e+03 1.746880598717056500e+03 1.977570759893686045e+03 2.117367415262395753e+03 2.342507693199331698e+03 1.821985090559193168e+03 1.984269748753694103e+03 2.205528953872752481e+03 2.536603513506534455e+03 2.351329348723402745e+03 2.734703885131365496e+03
3.605471154250505606e+03 9.135719528604940933e+02 1.036979608841962545e+03 1.296098753921202388e+03 1.755127015259970676e+03 1.991564951236811339e+03 2.134458587018368235e+03 2.364252681500231120e+03 1.836180226112355967e+03 2.003514811323327422e+03 2.230901851857108795e+03 2.557524823144563925e+03 2.372870824837139480e+03 2.753462958030077516e+03
4.552268275507309227e+03 9.209647688187471886e+02 1.043872876181367019e+03 1.308133519901619593e+03 1.760398287750222153e+03 2.004775140588918930e+03 2.150658195878026618e+03 2.384927113338344043e+03 1.849609786372435565e+03 2.021872508815559286e+03 2.255186896677370896e+03 2.577176000696864776e+03 2.393345344118786670e+03 2.771182541053495243e+03
5.747694424835346581e+03 9.291320960051191378e+02 1.051486638503807171e+03 1.321442888017713358e+03 1.765250992640479126e+03 2.019321984149823038e+03 2.168525393299142706e+03 2.407756424478919143e+03 1.864408682712231212e+03 2.042179608175953717e+03 2.282093486851087619e+03 2.598753557154652754e+03 2.415957247137261220e+03 2.790743011541771466e+03
7.257039612324216250e+03 9.369579575377192668e+02 1.058794634539894332e+03 1.334240258316838663e+03 1.768458712451233396e+03 2.033184329611189241e+03 2.185602160360041580e+03 2.429621314995225475e+03 1.878525086893651633e+03 2.061712885450900558e+03 2.308065355381505469e+03 2.619166596520146868e+03 2.437632050553670979e+03 2.809554323389227193e+03
9.162739011886731532e+03 9.450064676841609526e+02 1.066339724343878743e+03 1.347441846216198883e+03 1.771842911497101795e+03 2.047415782400743865e+03 2.203148940637177930e+03 2.452097419380683277e+03 1.893001974269292759e+03 2.081848882871150636e+03 2.334929199929447350e+03 2.639940727203470942e+03 2.459921924340876103e+03 2.829229061697028555e+03
1.156887528316283351e+04 9.539115301043813133e+02 1.074711126305325706e+03 1.362080794201724530e+03 1.775675424868959453e+03 2.063139082750616126e+03 2.222548755995403098e+03 2.476955201496522022e+03 1.908985591210942630e+03 2.104166133541098134e+03 2.364777995504791306e+03 2.662743976753802599e+03 2.484580867153364125e+03 2.851252301326507222e+03
1.460686320364988933e+04 9.617956273155169811e+02 1.082130364748659076e+03 1.375068508755387256e+03 1.780179466910228712e+03 2.076917172846052381e+03 2.239627690251764307e+03 2.498871210941234494e+03 1.923068383508657007e+03 2.123976402149571641e+03 2.391439727295426565e+03 2.682545572624070701e+03 2.506312436365577923e+03 2.870408067291756652e+03
1.844262708585532891e+04 9.705441166409049174e+02 1.090356448265813924e+03 1.389492579308544009e+03 1.786124682724191644e+03 2.092101592869568321e+03 2.258514961867073453e+03 2.523131523985000968e+03 1.938695831568020822e+03 2.145992855238071115e+03 2.421134989821596719e+03 2.704367250056189278e+03 2.530357504971262188e+03 2.891090877562287005e+03
2.328566298498196556e+04 9.796242527958012261e+02 1.098882168914214844e+03 1.404486480866057491e+03 1.794052318151544341e+03 2.107668263871577892e+03 2.277999249290551234e+03 2.548203003293571783e+03 1.954916915393907402e+03 2.168907430384385862e+03 2.452160739775268212e+03 2.726736270217801575e+03 2.555185952824931064e+03 2.911494760569027221e+03
2.940048064334707669e+04 9.882341775281860237e+02 1.106992175943094480e+03 1.418716640113122594e+03 1.803695226588725973e+03 2.122238643411102203e+03 2.296369008411912091e+03 2.571864440931641184e+03 1.970288146185012465e+03 2.190705874729336756e+03 2.481776772058077313e+03 2.747667318420971696e+03 2.578594715455469668e+03 2.929037032929298675e+03
3.712105009066357161e+04 9.977318851859618007e+02 1.115958723101719443e+03 1.434412457862765905e+03 1.815614503608524956e+03 2.138206238157316875e+03 2.316578956647036193e+03 2.597898394290302349e+03 1.987230986121467595e+03 2.214790813690089180e+03 2.514560934856693621e+03 2.770632094096567471e+03 2.604338546478983062e+03 2.947080984145448383e+03
4.686904192314192187e+04 1.006963980038354748e+03 1.124732546639794691e+03 1.449636315010876160e+03 1.829911607626894465e+03 2.153535203405041102e+03 2.336140474911793262e+03 2.623062474573348936e+03 2.003648270663482208e+03 2.238272563761597212e+03 2.546656143537151365e+03 2.792831525352783046e+03 2.629202918523701101e+03 2.961161865787469196e+03
5.917685748188818980e+04 1.016461197476650909e+03 1.133778637314675279e+03 1.465276265834465903e+03 1.845618580368784706e+03 2.169224518008088125e+03 2.356247821083617964e+03 2.648942240152587146e+03 2.020523399216882126e+03 2.262499892988838837e+03 2.579949096977989484e+03 2.815464566828403804e+03 2.655096144513217496e+03 2.973581423600273865e+03
7.471670675868081162e+04 1.026633304849886144e+03 1.143488555476212923e+03 1.482005805921031651e+03 1.863474994294396765e+03 2.185946168662875152e+03 2.377767561165102961e+03 2.676653869274993212e+03 2.038583623463441654e+03 2.288522526257972004e+03 2.615893348161386257e+03 2.839495118573434866e+03 2.683154908633883224e+03 2.984747599377615188e+03
9.433732216299773427e+04 1.036114425284662957e+03 1.152544740708206518e+03 1.497531181653954263e+03 1.880834435328241625e+03 2.201449212425303358e+03 2.397812559700894781e+03 2.702708740687265163e+03 2.055368603076849467e+03 2.312901479302927328e+03 2.650651979884445154e+03 2.861483948755348592e+03 2.712975338787222427e+03 2.991217956348635198e+03
1.191103133283005591e+05 1.046560548728523827e+03 1.162541196131165634e+03 1.514596191719687113e+03 1.900016731435187012e+03 2.218484559561132301e+03 2.419878490645327929e+03 2.731433786317954400e+03 2.073816747134170328e+03 2.339809064376980132e+03 2.689094192364650553e+03 2.885193400021857087e+03 2.745849422004487678e+03 2.997001937658963925e+03
1.503886946955410240e+05 1.056862149457437226e+03 1.172442861903550920e+03 1.531337306779841128e+03 1.918969655264282892e+03 2.235186367441471702e+03 2.441594771607749863e+03 2.759774262964397622e+03 2.091908032624786301e+03 2.366440614586715128e+03 2.727181601758176839e+03 2.907392597764860966e+03 2.777811150581802394e+03 3.000026094810744326e+03
1.898807824465261365e+05 1.067221431718480289e+03 1.182615554849988712e+03 1.548101227933900191e+03 1.937446541842937904e+03 2.251952149815494522e+03 2.463462332569431510e+03 2.788058496870328781e+03 2.110020222402037234e+03 2.393393027737857665e+03 2.764964157581466679e+03 2.927008036395727231e+03 2.801876463555228838e+03 3.001347907355698680e+03
2.397434967801078456e+05 1.078718315561100326e+03 1.194030724242146107e+03 1.566656548553429047e+03 1.957682047228468491e+03 2.270544684796614547e+03 2.487754357286613867e+03 2.819320980343887641e+03 2.130070872258333566e+03 2.423412978703609951e+03 2.806381334195344152e+03 2.947029717010965214e+03 2.823672349755299820e+03 3.001831842005689850e+03
3.027001653763461509e+05 1.089123363938858347e+03 1.204532877720567285e+03 1.583323691715411314e+03 1.976107740079288305e+03 2.287371696112127211e+03 2.509812017743941851e+03 2.847420472796130525e+03 2.148121763104764796e+03 2.450784775005152369e+03 2.841658314636842988e+03 2.961543376934461776e+03 2.835169238411245260e+03 3.001046711740572391e+03
3.821892620633114711e+05 1.100381811512451122e+03 1.216068446012606501e+03 1.601239780572919244e+03 1.996099569787588507e+03 2.305518088869126586e+03 2.533705176444432254e+03 2.877773937694312281e+03 2.167514926829352589e+03 2.480464959082466976e+03 2.876570072133728900e+03 2.974908889982766141e+03 2.844579912099785815e+03 3.000403969405138923e+03
4.825522042741279001e+05 1.112569963779228374e+03 1.228773160755141362e+03 1.620486755830256016e+03 2.017811397109299151e+03 2.325086538389920861e+03 2.559604594927836388e+03 2.910570145769355804e+03 2.188335570457002632e+03 2.512675902520611089e+03 2.910263297105194852e+03 2.986434649714757597e+03 2.850954954146902310e+03 2.999968423628841265e+03
6.092704661368674133e+05 1.123558374129514050e+03 1.239981124627917325e+03 1.637592211750663637e+03 2.037407585244595566e+03 2.342614042024772516e+03 2.582945924489963545e+03 2.939986794787062081e+03 2.207022687362874422e+03 2.541899240082246706e+03 2.934718223871238479e+03 2.992997383724100018e+03 2.852784203084940145e+03 2.999453039284200258e+03
7.692649574879145948e+05 1.135791006481372506e+03 1.251934054293152940e+03 1.656503441980666366e+03 2.059202373564164645e+03 2.362101709537997522e+03 2.608907428623967462e+03 2.972654831757257398e+03 2.227888583237022885e+03 2.574532878740272281e+03 2.958755105668462420e+03 2.998720396776149300e+03 2.854653277046454605e+03 2.999005792323045625e+03
9.712740198471168987e+05 1.148197778998021022e+03 1.262576778246133472e+03 1.675406686230042169e+03 2.081234528219181811e+03 2.381849458207846055e+03 2.635173176815849274e+03 3.005620643060727616e+03 2.249285975647373107e+03 2.607849285469575534e+03 2.976353150806226040e+03 3.001602660224318242e+03 2.858003616142095780e+03 2.999000871685489528e+03
1.226330684177561896e+06 1.160415996805816349e+03 1.271861554760456329e+03 1.693734832282593061e+03 2.102973542854125753e+03 2.401371094606075985e+03 2.661014880607981922e+03 3.037919107652412094e+03 2.270495148561782571e+03 2.640807967509484115e+03 2.988902074818970505e+03 3.002656150718838035e+03 2.862442512564433855e+03 2.999000117807334391e+03
1.548365256585499039e+06 1.173784082572148236e+03 1.281014363415583830e+03 1.713536900398243233e+03 2.126818599004294811e+03 2.422818656200707210e+03 2.689273463565499242e+03 3.073114779317739249e+03 2.293816947812861144e+03 2.676988861459105919e+03 2.998967309624693826e+03 3.002541213123039597e+03 2.868292949487275564e+03 2.999002063014546366e+03
1.954966143091259757e+06 1.187513560630730808e+03 1.287227388561434509e+03 1.732950560988796269e+03 2.151858654688877778e+03 2.445506938274558252e+03 2.718331205465686253e+03 3.108773714507518889e+03 2.318159468261696929e+03 2.714464890530794037e+03 3.002789452489691485e+03 3.001748532913713916e+03 2.877962714102660811e+03 2.999003230437534967e+03
2.468340467068651225e+06 1.202320191533678098e+03 1.292889440593404970e+03 1.753598583310563527e+03 2.179022938939441701e+03 2.470184025112230302e+03 2.749671925919391015e+03 3.147131075732471800e+03 2.344540831847765276e+03 2.754983108995238126e+03 3.005057479509473524e+03 3.000689100491375939e+03 2.890494898778644256e+03 2.999002065226995910e+03
3.116526944929430261e+06 1.217527760328447130e+03 1.297027897930647896e+03 1.774339429940831224e+03 2.207180678077153971e+03 2.495866484996509826e+03 2.781866529879814607e+03 3.186366871580561565e+03 2.371844938284757973e+03 2.796763190333045713e+03 3.004392975011907311e+03 2.999270638967725972e+03 2.906763757929621534e+03 2.998996953653937908e+03
3.934927263095845468e+06 1.231002128681280965e+03 1.299317296803729505e+03 1.792374528280246750e+03 2.232326922437946905e+03 2.518952898268492845e+03 2.810378467712321708e+03 3.221131943896958546e+03 2.396234256677672420e+03 2.833857784949184406e+03 3.003375805988594493e+03 2.999005999999999858e+03 2.927210146054248526e+03 2.999003553437728897e+03
4.968239594734387472e+06 1.245130891460327348e+03 1.301036256483183934e+03 1.811114113013273709e+03 2.258812625481173200e+03 2.543332615888868077e+03 2.840282215902269854e+03 3.257545566712586151e+03 2.421913376215257358e+03 2.872812481822770224e+03 3.001978856245262705e+03 2.999003762575764540e+03 2.950464897492165619e+03 2.999008584984062054e+03
6.272899858196243644e+06 1.256633564419210870e+03 1.301150858759896209e+03 1.826042120687219722e+03 2.280648300542973629e+03 2.563525658317794750e+03 2.864674916365631361e+03 3.287017149026427433e+03 2.443037183166687100e+03 2.904688286502556821e+03 2.999928748850745706e+03 2.998992241711968290e+03 2.969953954507003800e+03 2.998991000507740864e+03
7.920164050192541443e+06 1.266919647585898701e+03 1.300955848663940060e+03 1.839312055087337740e+03 2.300338248177459718e+03 2.581776224436492157e+03 2.886542745566428948e+03 3.313205909766382320e+03 2.462054882484727841e+03 2.933285015101514546e+03 2.999001043904817379e+03 2.998997087809635104e+03 2.984224367100878681e+03 2.998994432850920020e+03
1.000000000000000000e+07 1.276893000000000029e+03 1.300468000000000075e+03 1.852098999999999933e+03 2.319594000000000051e+03 2.599666000000000167e+03 2.907800999999999931e+03 3.338431999999999789e+03 2.480623000000000047e+03 2.961105000000000018e+03 2.999010999999999967e+03 2.999016999999999825e+03 2.994889999999999873e+03 2.999016999999999825e+03
