9.999999999999999167e-02 6.348360000000000127e+02 7.266689999999999827e+02 8.355760000000000218e+02 1.189148999999999887e+03 1.365892000000000053e+03 1.431942999999999984e+03 1.515138999999999896e+03 1.346644999999999982e+03 1.343641000000000076e+03 1.407445999999999913e+03 1.665648999999999887e+03 1.733440000000000055e+03 1.900964999999999918e+03
1.459999999999999909e-01 6.362350000000000136e+02 7.272809999999999491e+02 8.374859999999999900e+02 1.191876999999999953e+03 1.367840999999999894e+03 1.433933999999999969e+03 1.518097999999999956e+03 1.349365999999999985e+03 1.346865000000000009e+03 1.411682999999999993e+03 1.669127999999999929e+03 1.737231999999999971e+03 1.904403000000000020e+03
2.119999999999999940e-01 6.398920000000000528e+02 7.304329999999999927e+02 8.425579999999999927e+02 1.198597999999999956e+03 1.373878999999999905e+03 1.441000000000000000e+03 1.526614000000000033e+03 1.356633000000000038e+03 1.355269000000000005e+03 1.421583000000000084e+03 1.678410000000000082e+03 1.746590999999999894e+03 1.913326000000000022e+03
3.089999999999999969e-01 6.450940000000000509e+02 7.351570000000000391e+02 8.498150000000000546e+02 1.208009999999999991e+03 1.382577999999999975e+03 1.451326999999999998e+03 1.538803000000000111e+03 1.367008000000000038e+03 1.367232999999999947e+03 1.435544000000000096e+03 1.691634000000000015e+03 1.759778999999999996e+03 1.925905999999999949e+03
4.500000000000000111e-01 6.512010000000000218e+02 7.407590000000000146e+02 8.583840000000000146e+02 1.218984999999999900e+03 1.392811999999999898e+03 1.463519999999999982e+03 1.553121000000000095e+03 1.379224999999999909e+03 1.381307999999999993e+03 1.451981999999999971e+03 1.707172000000000025e+03 1.775208000000000084e+03 1.940594000000000051e+03
6.550000000000000266e-01 6.577079999999999700e+02 7.467350000000000136e+02 8.675650000000000546e+02 1.230636999999999944e+03 1.403732999999999947e+03 1.476537000000000035e+03 1.568391000000000076e+03 1.392294000000000096e+03 1.396346999999999980e+03 1.469589999999999918e+03 1.723749000000000024e+03 1.791607999999999947e+03 1.956195999999999913e+03
9.539999999999998481e-01 6.642920000000000300e+02 7.527740000000000009e+02 8.768940000000000055e+02 1.242391000000000076e+03 1.414797000000000025e+03 1.489712999999999965e+03 1.583865000000000009e+03 1.405592000000000098e+03 1.411613000000000056e+03 1.487499000000000024e+03 1.740550999999999931e+03 1.808155999999999949e+03 1.971961000000000013e+03
1.389000000000000012e+00 6.708700000000000045e+02 7.587870000000000346e+02 8.862269999999999754e+02 1.254084000000000060e+03 1.425854000000000042e+03 1.502868999999999915e+03 1.599336000000000013e+03 1.418971999999999980e+03 1.426917999999999893e+03 1.505464999999999918e+03 1.757367999999999938e+03 1.824667999999999893e+03 1.987713999999999942e+03
2.024000000000000021e+00 6.775800000000000409e+02 7.648849999999999909e+02 8.957169999999999845e+02 1.265919000000000096e+03 1.437103000000000065e+03 1.516251999999999953e+03 1.615094000000000051e+03 1.432718000000000075e+03 1.442574000000000069e+03 1.523821999999999889e+03 1.774519000000000005e+03 1.841643000000000029e+03 2.003789999999999964e+03
2.946999999999999620e+00 6.844279999999999973e+02 7.710789999999999509e+02 9.053509999999999991e+02 1.277881000000000085e+03 1.448534000000000106e+03 1.529865000000000009e+03 1.631141000000000076e+03 1.446823000000000093e+03 1.458593000000000075e+03 1.542570999999999913e+03 1.791991999999999962e+03 1.859507000000000062e+03 2.020201000000000022e+03
4.291999999999999815e+00 6.913940000000000055e+02 7.773559999999999945e+02 9.150979999999999563e+02 1.289923999999999978e+03 1.460086999999999989e+03 1.543657999999999902e+03 1.647424999999999955e+03 1.461194999999999936e+03 1.474911000000000058e+03 1.561650000000000091e+03 1.809698000000000093e+03 1.878743999999999915e+03 2.036868999999999915e+03
6.250999999999999446e+00 6.984919999999999618e+02 7.837319999999999709e+02 9.249859999999999900e+02 1.302061999999999898e+03 1.471746000000000095e+03 1.557653999999999996e+03 1.663959000000000060e+03 1.475809999999999945e+03 1.491532999999999902e+03 1.581101000000000113e+03 1.827630000000000109e+03 1.899736000000000104e+03 2.053746999999999844e+03
9.102999999999999758e+00 7.057670000000000528e+02 7.902480000000000473e+02 9.350950000000000273e+02 1.314374000000000024e+03 1.483567000000000007e+03 1.571951000000000022e+03 1.680846000000000004e+03 1.490739000000000033e+03 1.508557000000000016e+03 1.601085000000000036e+03 1.845893000000000029e+03 1.922559999999999945e+03 2.070846000000000004e+03
1.325699999999999790e+01 7.132100000000000364e+02 7.968930000000000291e+02 9.454360000000000355e+02 1.326851000000000113e+03 1.495531999999999925e+03 1.586550999999999931e+03 1.698095000000000027e+03 1.505993999999999915e+03 1.525979000000000042e+03 1.621653000000000020e+03 1.864491999999999962e+03 1.946810999999999922e+03 2.088061999999999898e+03
1.930699999999999861e+01 7.208579999999999472e+02 8.036910000000000309e+02 9.560800000000000409e+02 1.339551999999999907e+03 1.507708000000000084e+03 1.601538999999999987e+03 1.715811999999999898e+03 1.521714999999999918e+03 1.543912000000000035e+03 1.642991999999999962e+03 1.883557999999999993e+03 1.971971999999999980e+03 2.105425000000000182e+03
2.811800000000000210e+01 7.287150000000000318e+02 8.106299999999999955e+02 9.670510000000000446e+02 1.352482999999999947e+03 1.520118999999999915e+03 1.616914999999999964e+03 1.734019000000000005e+03 1.537943999999999960e+03 1.562376999999999953e+03 1.665159000000000106e+03 1.903137999999999920e+03 1.997374000000000024e+03 2.122931000000000040e+03
4.094899999999999807e+01 7.367039999999999509e+02 8.176359999999999673e+02 9.782569999999999482e+02 1.365531999999999925e+03 1.532676999999999907e+03 1.632519999999999982e+03 1.752553000000000111e+03 1.554500999999999976e+03 1.581201000000000022e+03 1.687946999999999889e+03 1.923086000000000013e+03 2.021913999999999987e+03 2.140456999999999880e+03
5.963599999999999568e+01 7.448070000000000164e+02 8.246979999999999791e+02 9.896810000000000400e+02 1.378685999999999922e+03 1.545391000000000076e+03 1.648316000000000031e+03 1.771376999999999953e+03 1.571295000000000073e+03 1.600343000000000075e+03 1.711280999999999949e+03 1.943386999999999944e+03 2.043755000000000109e+03 2.158048999999999978e+03
8.685099999999999909e+01 7.530700000000000500e+02 8.318640000000000327e+02 1.001386999999999944e+03 1.392034000000000106e+03 1.558351000000000113e+03 1.664385999999999967e+03 1.790592000000000098e+03 1.588340999999999894e+03 1.619914999999999964e+03 1.735261999999999944e+03 1.964166999999999916e+03 2.060545000000000073e+03 2.175903999999999996e+03
1.264859999999999758e+02 7.615040000000000191e+02 8.391609999999999445e+02 1.013397000000000048e+03 1.405603000000000065e+03 1.571564000000000078e+03 1.680750000000000000e+03 1.810227000000000089e+03 1.605568999999999960e+03 1.639951999999999998e+03 1.759930000000000064e+03 1.985440000000000055e+03 2.070889999999999873e+03 2.194106999999999971e+03
1.842069999999999936e+02 7.701639999999999873e+02 8.466530000000000200e+02 1.025797000000000025e+03 1.419478000000000065e+03 1.585082000000000107e+03 1.697511999999999944e+03 1.830413999999999987e+03 1.623009000000000015e+03 1.660605999999999995e+03 1.785480000000000018e+03 2.007305000000000064e+03 2.075543000000000120e+03 2.212798999999999978e+03
2.682699999999999818e+02 7.790810000000000173e+02 8.543849999999999909e+02 1.038640000000000100e+03 1.433719000000000051e+03 1.598938000000000102e+03 1.714750999999999976e+03 1.851239000000000033e+03 1.640700000000000045e+03 1.681987000000000080e+03 1.812038999999999987e+03 2.029807999999999993e+03 2.076574000000000069e+03 2.232047999999999774e+03
3.906940000000000168e+02 7.881770000000000209e+02 8.622949999999999591e+02 1.051810999999999922e+03 1.448229000000000042e+03 1.613015000000000100e+03 1.732346000000000004e+03 1.872534000000000106e+03 1.658529999999999973e+03 1.703933999999999969e+03 1.839380000000000109e+03 2.052731000000000222e+03 2.076320000000000164e+03 2.251668999999999869e+03
5.689869999999999663e+02 7.974149999999999636e+02 8.703440000000000509e+02 1.065248000000000047e+03 1.462998000000000047e+03 1.627269000000000005e+03 1.750243999999999915e+03 1.894200000000000045e+03 1.676532999999999902e+03 1.726356999999999971e+03 1.867368999999999915e+03 2.075958000000000084e+03 2.077335000000000036e+03 2.271565999999999804e+03
8.286430000000001428e+02 8.068469999999999800e+02 8.785510000000000446e+02 1.079002999999999929e+03 1.478181000000000040e+03 1.641785000000000082e+03 1.768528999999999996e+03 1.916314000000000078e+03 1.694939000000000078e+03 1.749349999999999909e+03 1.896112000000000080e+03 2.099581000000000131e+03 2.082208999999999833e+03 2.291824999999999818e+03
1.206793000000000120e+03 8.165030000000000427e+02 8.869130000000000109e+02 1.093109999999999900e+03 1.493938000000000102e+03 1.656611000000000104e+03 1.787232999999999947e+03 1.938913000000000011e+03 1.713907999999999902e+03 1.772953999999999951e+03 1.925691000000000031e+03 2.123643999999999778e+03 2.092885999999999967e+03 2.312458999999999833e+03
1.757511000000000195e+03 8.264600000000000364e+02 8.954600000000000364e+02 1.107659000000000106e+03 1.510517000000000053e+03 1.671839999999999918e+03 1.806452999999999975e+03 1.962138999999999896e+03 1.733635999999999967e+03 1.797323000000000093e+03 1.956347999999999956e+03 2.148289999999999964e+03 2.110070999999999913e+03 2.333536999999999807e+03
2.559548000000000229e+03 8.367899999999999636e+02 9.042380000000000564e+02 1.122748000000000047e+03 1.528181000000000040e+03 1.687580999999999904e+03 1.826298000000000002e+03 1.986154999999999973e+03 1.754286000000000058e+03 1.822626999999999953e+03 1.988336000000000013e+03 2.173684999999999945e+03 2.132532000000000153e+03 2.355132999999999811e+03
3.727594000000000051e+03 8.473990000000000009e+02 9.131889999999999645e+02 1.138257000000000062e+03 1.546884999999999991e+03 1.703752999999999929e+03 1.846602000000000089e+03 2.010807000000000016e+03 1.775652000000000044e+03 1.848672000000000025e+03 2.021432000000000016e+03 2.199655000000000200e+03 2.157541000000000167e+03 2.377025000000000091e+03
5.428675000000000182e+03 8.581979999999999791e+02 9.222740000000000009e+02 1.154080999999999904e+03 1.566325000000000045e+03 1.720325000000000045e+03 1.867223999999999933e+03 2.035964999999999918e+03 1.797523999999999887e+03 1.875291999999999916e+03 2.055423999999999978e+03 2.226050000000000182e+03 2.183052999999999884e+03 2.399025000000000091e+03
7.906042999999998756e+03 8.692150000000000318e+02 9.315330000000000155e+02 1.170260999999999967e+03 1.585940000000000055e+03 1.737479000000000042e+03 1.888231999999999971e+03 2.061724000000000160e+03 1.819938000000000102e+03 1.902578999999999951e+03 2.090431000000000040e+03 2.252954000000000178e+03 2.208371999999999844e+03 2.421168999999999869e+03
1.151395399999999972e+04 8.804800000000000182e+02 9.409900000000000091e+02 1.186842000000000098e+03 1.604846999999999980e+03 1.755468000000000075e+03 1.909695999999999913e+03 2.088168999999999869e+03 1.842973999999999933e+03 1.930643000000000029e+03 2.126606999999999971e+03 2.280420999999999822e+03 2.233061999999999898e+03 2.443489000000000033e+03
1.676832900000000154e+04 8.920610000000000355e+02 9.506910000000000309e+02 1.203923999999999978e+03 1.622137999999999920e+03 1.774689000000000078e+03 1.931739000000000033e+03 2.115443999999999960e+03 1.866824000000000069e+03 1.959703999999999951e+03 2.164264999999999873e+03 2.308559999999999945e+03 2.256596000000000004e+03 2.466097000000000207e+03
2.442053100000000268e+04 9.040599999999999454e+02 9.607129999999999654e+02 1.221663000000000011e+03 1.637198000000000093e+03 1.795508000000000038e+03 1.954537000000000035e+03 2.143760999999999967e+03 1.891768000000000029e+03 1.990057999999999993e+03 2.203815999999999804e+03 2.337565999999999804e+03 2.278753000000000156e+03 2.489318999999999960e+03
3.556480299999999988e+04 9.163909999999999627e+02 9.709759999999999991e+02 1.239945999999999913e+03 1.649680000000000064e+03 1.817680000000000064e+03 1.977898999999999887e+03 2.172889999999999873e+03 1.917681000000000040e+03 2.021484999999999900e+03 2.245003000000000156e+03 2.367197000000000116e+03 2.299690000000000055e+03 2.513369999999999891e+03
5.179474699999999575e+04 9.289519999999999982e+02 9.813730000000000473e+02 1.258625999999999976e+03 1.659874000000000024e+03 1.840730000000000018e+03 2.001617999999999938e+03 2.202563000000000102e+03 1.944378999999999905e+03 2.053699000000000069e+03 2.287485000000000127e+03 2.397215999999999894e+03 2.320130000000000109e+03 2.538610999999999876e+03
7.543120100000000093e+04 9.417749999999999773e+02 9.919049999999999727e+02 1.277747000000000071e+03 1.668932000000000016e+03 1.864428000000000111e+03 2.025766000000000076e+03 2.232840000000000146e+03 1.971922000000000025e+03 2.086771999999999935e+03 2.331422999999999774e+03 2.427784999999999854e+03 2.341356999999999971e+03 2.565688999999999851e+03
1.098541139999999868e+05 9.548990000000000009e+02 1.002581000000000017e+03 1.297372000000000071e+03 1.678402000000000044e+03 1.888779999999999973e+03 2.050467000000000098e+03 2.263856999999999971e+03 2.000339999999999918e+03 2.120858000000000175e+03 2.377210000000000036e+03 2.459202999999999975e+03 2.364820999999999913e+03 2.594994999999999891e+03
1.599858720000000030e+05 9.683830000000000382e+02 1.013431000000000040e+03 1.317589999999999918e+03 1.689807000000000016e+03 1.914174999999999955e+03 2.075882000000000062e+03 2.295826000000000022e+03 2.029657999999999902e+03 2.156215000000000146e+03 2.425577000000000226e+03 2.491891000000000076e+03 2.392003000000000156e+03 2.626306999999999789e+03
2.329951809999999823e+05 9.823869999999999436e+02 1.024556000000000040e+03 1.338586999999999989e+03 1.704349999999999909e+03 1.941344000000000051e+03 2.102338000000000193e+03 2.329155000000000200e+03 2.060072000000000116e+03 2.193307999999999993e+03 2.477559000000000196e+03 2.526496000000000095e+03 2.424251999999999953e+03 2.658954000000000178e+03
3.393221769999999669e+05 9.968429999999999609e+02 1.035903000000000020e+03 1.360175999999999931e+03 1.722241999999999962e+03 1.970538000000000011e+03 2.129740999999999985e+03 2.363713000000000193e+03 2.091326000000000022e+03 2.231925999999999931e+03 2.533016000000000076e+03 2.563072999999999865e+03 2.461648000000000138e+03 2.691447999999999865e+03
4.941713360000000685e+05 1.011636999999999944e+03 1.047452999999999975e+03 1.382080999999999904e+03 1.743086999999999989e+03 2.001887999999999920e+03 2.157923999999999978e+03 2.399248999999999796e+03 2.123077999999999975e+03 2.271706000000000131e+03 2.590940999999999804e+03 2.601311999999999898e+03 2.503233999999999924e+03 2.722114999999999782e+03
7.196856730000000680e+05 1.026828999999999951e+03 1.059412000000000035e+03 1.404282999999999902e+03 1.766414999999999964e+03 2.035845000000000027e+03 2.187076000000000022e+03 2.435909999999999854e+03 2.155356999999999971e+03 2.312782999999999902e+03 2.649887999999999920e+03 2.640797999999999774e+03 2.547726000000000113e+03 2.749907999999999902e+03
1.048113133999999962e+06 1.042547000000000025e+03 1.072071999999999889e+03 1.426873000000000047e+03 1.791747000000000071e+03 2.072824999999999818e+03 2.217563999999999851e+03 2.474005999999999858e+03 2.188289000000000215e+03 2.355525999999999840e+03 2.707987999999999829e+03 2.680702999999999975e+03 2.593554999999999836e+03 2.774420000000000073e+03
1.526417967000000179e+06 1.058988000000000056e+03 1.085714999999999918e+03 1.450049999999999955e+03 1.818761999999999944e+03 2.113085999999999785e+03 2.249987000000000080e+03 2.514014000000000124e+03 2.222027000000000044e+03 2.400523000000000138e+03 2.763777999999999793e+03 2.719862999999999829e+03 2.638567000000000007e+03 2.796023000000000138e+03
2.222996482999999542e+06 1.076381000000000085e+03 1.100540999999999940e+03 1.474109999999999900e+03 1.847334000000000060e+03 2.156666000000000167e+03 2.285025999999999840e+03 2.556480000000000018e+03 2.256793999999999869e+03 2.448431000000000040e+03 2.816693000000000211e+03 2.757282000000000153e+03 2.680518999999999778e+03 2.815818000000000211e+03
3.237457543000000063e+06 1.094182000000000016e+03 1.116032999999999902e+03 1.498385999999999967e+03 1.876448000000000093e+03 2.201684000000000196e+03 2.321650999999999840e+03 2.600092999999999847e+03 2.291465999999999894e+03 2.497721000000000004e+03 2.865097000000000207e+03 2.791356999999999971e+03 2.717083999999999833e+03 2.834278999999999996e+03
4.714866362999999896e+06 1.111451999999999998e+03 1.131259000000000015e+03 1.521759000000000015e+03 1.904681000000000040e+03 2.245255999999999858e+03 2.357943000000000211e+03 2.642635000000000218e+03 2.324251999999999953e+03 2.545652000000000044e+03 2.907170999999999822e+03 2.820521000000000186e+03 2.746860000000000127e+03 2.851268000000000029e+03
6.866488450000000186e+06 1.127641000000000076e+03 1.145540999999999940e+03 1.543704999999999927e+03 1.931402000000000044e+03 2.285320000000000164e+03 2.392880000000000109e+03 2.682974999999999909e+03 2.354041000000000167e+03 2.590347000000000207e+03 2.942382000000000062e+03 2.844208000000000084e+03 2.770239000000000033e+03 2.866565000000000055e+03
1.000000000000000000e+07 1.142839999999999918e+03 1.158861000000000104e+03 1.564650000000000091e+03 1.957449000000000069e+03 2.321208999999999833e+03 2.427239999999999782e+03 2.721958000000000084e+03 2.380719999999999800e+03 2.631385000000000218e+03 2.970771999999999935e+03 2.862722000000000207e+03 2.789210999999999785e+03 2.879943000000000211e+03
