9.999999999999999167e-02 6.538089999999999691e+02 7.655660000000000309e+02 8.758160000000000309e+02 1.240617999999999938e+03 1.446913999999999987e+03 1.512782999999999902e+03 1.605878999999999905e+03 1.366375000000000000e+03 1.387192999999999984e+03 1.458224999999999909e+03 1.765529999999999973e+03 1.809310999999999922e+03 2.015395999999999958e+03
1.459999999999999909e-01 6.574059999999999491e+02 7.690019999999999527e+02 8.808529999999999518e+02 1.247813000000000102e+03 1.453505000000000109e+03 1.520334000000000060e+03 1.614989000000000033e+03 1.373407999999999902e+03 1.395425999999999931e+03 1.467778999999999996e+03 1.775319999999999936e+03 1.818823000000000093e+03 2.024866999999999962e+03
2.119999999999999940e-01 6.624370000000000118e+02 7.737899999999999636e+02 8.880099999999999909e+02 1.257874000000000024e+03 1.462723999999999933e+03 1.530939000000000078e+03 1.627624000000000024e+03 1.383227000000000089e+03 1.406971999999999980e+03 1.481278999999999996e+03 1.789011999999999944e+03 1.832126999999999953e+03 2.037946999999999889e+03
3.089999999999999969e-01 6.684629999999999654e+02 7.795170000000000528e+02 8.966770000000000209e+02 1.269926999999999907e+03 1.473759999999999991e+03 1.543684999999999945e+03 1.642701000000000022e+03 1.394980999999999995e+03 1.420832000000000107e+03 1.497582000000000107e+03 1.805419000000000096e+03 1.848076999999999998e+03 2.053505000000000109e+03
4.500000000000000111e-01 6.753640000000000327e+02 7.861380000000000337e+02 9.067319999999999709e+02 1.283755000000000109e+03 1.486445999999999913e+03 1.558450000000000045e+03 1.660078999999999951e+03 1.408474999999999909e+03 1.436784000000000106e+03 1.516486000000000104e+03 1.824284000000000106e+03 1.866423000000000002e+03 2.071329000000000178e+03
6.550000000000000266e-01 6.824410000000000309e+02 7.929840000000000373e+02 9.171670000000000300e+02 1.297946999999999889e+03 1.499499000000000024e+03 1.573734999999999900e+03 1.678019000000000005e+03 1.422359999999999900e+03 1.453228000000000065e+03 1.536105999999999995e+03 1.843703999999999951e+03 1.885316000000000031e+03 2.089608999999999924e+03
9.539999999999998481e-01 6.892680000000000291e+02 7.996209999999999809e+02 9.273750000000000000e+02 1.311645999999999958e+03 1.512109999999999900e+03 1.588564000000000078e+03 1.695480999999999995e+03 1.435882000000000062e+03 1.469207000000000107e+03 1.555324000000000069e+03 1.862528000000000020e+03 1.903669000000000096e+03 2.107210999999999785e+03
1.389000000000000012e+00 6.959869999999999663e+02 8.061309999999999718e+02 9.374690000000000509e+02 1.325086999999999989e+03 1.524453999999999951e+03 1.603131000000000085e+03 1.712712999999999965e+03 1.449258000000000038e+03 1.484951000000000022e+03 1.574368999999999915e+03 1.881074000000000069e+03 1.921772999999999911e+03 2.124494999999999891e+03
2.024000000000000021e+00 7.031050000000000182e+02 8.129410000000000309e+02 9.480599999999999454e+02 1.339147999999999911e+03 1.537423000000000002e+03 1.618398999999999887e+03 1.730817000000000007e+03 1.463346000000000004e+03 1.501534000000000106e+03 1.594413999999999987e+03 1.900674999999999955e+03 1.940848999999999933e+03 2.142764000000000124e+03
2.946999999999999620e+00 7.101760000000000446e+02 8.196699999999999591e+02 9.585040000000000191e+02 1.352890000000000100e+03 1.550290999999999940e+03 1.633423999999999978e+03 1.748727000000000089e+03 1.477271999999999935e+03 1.518000999999999976e+03 1.614261999999999944e+03 1.920109999999999900e+03 1.959699000000000069e+03 2.160858999999999924e+03
4.291999999999999815e+00 7.176520000000000437e+02 8.267910000000000537e+02 9.694569999999999936e+02 1.367150000000000091e+03 1.563865000000000009e+03 1.649125000000000000e+03 1.767603000000000065e+03 1.491884999999999991e+03 1.535395999999999958e+03 1.635142000000000053e+03 1.940484999999999900e+03 1.979414999999999964e+03 2.179998000000000047e+03
6.250999999999999446e+00 7.251730000000000018e+02 8.339109999999999445e+02 9.804189999999999827e+02 1.381229000000000042e+03 1.577373000000000047e+03 1.664730000000000018e+03 1.786404999999999973e+03 1.506415999999999940e+03 1.552818999999999960e+03 1.656069999999999936e+03 1.960733999999999924e+03 1.998989000000000033e+03 2.199137000000000171e+03
9.102999999999999758e+00 7.331029999999999518e+02 8.413619999999999663e+02 9.919489999999999554e+02 1.395882000000000062e+03 1.591446999999999889e+03 1.681066000000000031e+03 1.806048000000000002e+03 1.521561999999999898e+03 1.571156999999999925e+03 1.678146999999999935e+03 1.981862000000000080e+03 2.019461000000000013e+03 2.218918999999999869e+03
1.325699999999999790e+01 7.410579999999999927e+02 8.488269999999999982e+02 1.003505999999999972e+03 1.410417999999999893e+03 1.605452999999999975e+03 1.697433999999999969e+03 1.825757000000000062e+03 1.536650000000000091e+03 1.589608999999999924e+03 1.700417999999999893e+03 2.002922000000000025e+03 2.039925999999999931e+03 2.238389999999999873e+03
1.930699999999999861e+01 7.493099999999999454e+02 8.565800000000000409e+02 1.015546000000000049e+03 1.425433999999999969e+03 1.619913999999999987e+03 1.714586000000000013e+03 1.846344000000000051e+03 1.552317999999999984e+03 1.608890000000000100e+03 1.723837999999999965e+03 2.024806000000000040e+03 2.061170999999999822e+03 2.258387000000000171e+03
2.811800000000000210e+01 7.575710000000000264e+02 8.642960000000000491e+02 1.027663000000000011e+03 1.440394000000000005e+03 1.634294000000000096e+03 1.731881000000000085e+03 1.867061999999999898e+03 1.568074000000000069e+03 1.628336999999999989e+03 1.747640000000000100e+03 2.046782999999999902e+03 2.082456000000000131e+03 2.278190999999999804e+03
4.094899999999999807e+01 7.660929999999999609e+02 8.721770000000000209e+02 1.040278000000000020e+03 1.455794000000000096e+03 1.649076999999999998e+03 1.749775000000000091e+03 1.888573000000000093e+03 1.584465999999999894e+03 1.648528999999999996e+03 1.772557000000000016e+03 2.069577999999999975e+03 2.107621999999999844e+03 2.298429999999999836e+03
5.963599999999999568e+01 7.746649999999999636e+02 8.800159999999999627e+02 1.053085000000000036e+03 1.471175999999999931e+03 1.663934999999999945e+03 1.767785000000000082e+03 1.910294000000000096e+03 1.601018000000000029e+03 1.668940000000000055e+03 1.797939000000000078e+03 2.092626000000000204e+03 2.136237999999999829e+03 2.318592000000000098e+03
8.685099999999999909e+01 7.835049999999999955e+02 8.880180000000000291e+02 1.066346000000000004e+03 1.486923000000000002e+03 1.679305000000000064e+03 1.786310999999999922e+03 1.932708000000000084e+03 1.618067999999999984e+03 1.690049999999999955e+03 1.824315000000000055e+03 2.116543999999999869e+03 2.157753000000000156e+03 2.339257000000000062e+03
1.264859999999999758e+02 7.924840000000000373e+02 8.960769999999999982e+02 1.079864000000000033e+03 1.502816000000000031e+03 1.694903000000000020e+03 1.805039999999999964e+03 1.955483999999999924e+03 1.635336000000000013e+03 1.711517000000000053e+03 1.851295000000000073e+03 2.140916999999999916e+03 2.164849999999999909e+03 2.360155999999999949e+03
1.842069999999999936e+02 8.017799999999999727e+02 9.043859999999999673e+02 1.093897999999999911e+03 1.519105999999999995e+03 1.710923000000000002e+03 1.824273999999999887e+03 1.978987000000000080e+03 1.653126999999999953e+03 1.733675999999999931e+03 1.879318999999999960e+03 2.166083999999999833e+03 2.161777999999999793e+03 2.381804000000000087e+03
2.682699999999999818e+02 8.112989999999999782e+02 9.128880000000000337e+02 1.108298000000000002e+03 1.535579999999999927e+03 1.727186999999999898e+03 1.843821999999999889e+03 2.003016000000000076e+03 1.671280999999999949e+03 1.756352000000000089e+03 1.908131000000000085e+03 2.191786999999999807e+03 2.152324000000000069e+03 2.403907999999999902e+03
3.906940000000000168e+02 8.210750000000000455e+02 9.216660000000000537e+02 1.123104000000000042e+03 1.552390000000000100e+03 1.743799999999999955e+03 1.863859999999999900e+03 2.027762999999999920e+03 1.689849999999999909e+03 1.779777000000000044e+03 1.937907999999999902e+03 2.218065000000000055e+03 2.140784000000000106e+03 2.426434000000000196e+03
5.689869999999999663e+02 8.310950000000000273e+02 9.307069999999999936e+02 1.138308999999999969e+03 1.569557999999999993e+03 1.760728000000000065e+03 1.884439000000000078e+03 2.053179999999999836e+03 1.708788999999999987e+03 1.804009000000000015e+03 1.968694999999999936e+03 2.244815999999999804e+03 2.131262000000000171e+03 2.449376999999999953e+03
8.286430000000001428e+02 8.413210000000000264e+02 9.399669999999999845e+02 1.153893000000000029e+03 1.587064000000000078e+03 1.777949000000000069e+03 1.905507000000000062e+03 2.079148999999999887e+03 1.728121000000000095e+03 1.828957000000000107e+03 2.000428000000000111e+03 2.271983999999999924e+03 2.128000000000000000e+03 2.472780999999999949e+03
1.206793000000000120e+03 8.518099999999999454e+02 9.495090000000000146e+02 1.169993999999999915e+03 1.605028999999999996e+03 1.795625000000000000e+03 1.927160000000000082e+03 2.105840999999999894e+03 1.748000000000000000e+03 1.854750999999999976e+03 2.033319999999999936e+03 2.299719999999999800e+03 2.135501999999999953e+03 2.496809999999999945e+03
1.757511000000000195e+03 8.625019999999999527e+02 9.592219999999999800e+02 1.186478000000000065e+03 1.623221000000000004e+03 1.813604000000000042e+03 1.949222999999999956e+03 2.133028999999999996e+03 1.768222999999999956e+03 1.881144000000000005e+03 2.067092000000000098e+03 2.327759000000000015e+03 2.157771000000000186e+03 2.521159000000000106e+03
2.559548000000000229e+03 8.736109999999999900e+02 9.692319999999999709e+02 1.203580999999999904e+03 1.641878999999999905e+03 1.832140000000000100e+03 1.972090999999999894e+03 2.161170000000000073e+03 1.789105000000000018e+03 1.908573000000000093e+03 2.102342000000000098e+03 2.356559000000000196e+03 2.191521999999999935e+03 2.546128999999999905e+03
3.727594000000000051e+03 8.848949999999999818e+02 9.794049999999999727e+02 1.221005000000000109e+03 1.661058999999999969e+03 1.850901000000000067e+03 1.995307000000000016e+03 2.189842000000000098e+03 1.810229000000000042e+03 1.936578999999999951e+03 2.138501000000000204e+03 2.385663000000000011e+03 2.224367999999999938e+03 2.571251000000000204e+03
5.428675000000000182e+03 8.965470000000000255e+02 9.900330000000000155e+02 1.239190000000000055e+03 1.681695999999999913e+03 1.870299999999999955e+03 2.019324000000000069e+03 2.219755000000000109e+03 1.832000999999999976e+03 1.965838999999999942e+03 2.176460000000000036e+03 2.415764000000000124e+03 2.254326000000000022e+03 2.597063000000000102e+03
7.906042999999998756e+03 9.083189999999999600e+02 1.000803999999999974e+03 1.257671000000000049e+03 1.702224999999999909e+03 1.889813000000000102e+03 2.043541999999999916e+03 2.250150000000000091e+03 1.854076000000000022e+03 1.995593000000000075e+03 2.215291000000000167e+03 2.446101999999999862e+03 2.284782999999999902e+03 2.622900999999999840e+03
1.151395399999999972e+04 9.206399999999999864e+02 1.011975999999999999e+03 1.277009000000000015e+03 1.721992999999999938e+03 1.910030999999999949e+03 2.068755000000000109e+03 2.281992000000000189e+03 1.877377999999999929e+03 2.026759999999999991e+03 2.256253000000000156e+03 2.477570999999999913e+03 2.316623000000000047e+03 2.649547999999999774e+03
1.676832900000000154e+04 9.331019999999999754e+02 1.023236999999999966e+03 1.296586000000000013e+03 1.739294000000000096e+03 1.930324000000000069e+03 2.094219000000000051e+03 2.314246000000000095e+03 1.901195999999999913e+03 2.058427999999999884e+03 2.298079999999999927e+03 2.509039999999999964e+03 2.348764999999999873e+03 2.676119999999999891e+03
2.442053100000000268e+04 9.461779999999999973e+02 1.035108999999999924e+03 1.317165999999999940e+03 1.752768000000000029e+03 1.951553000000000111e+03 2.120983999999999924e+03 2.348168000000000120e+03 1.926602000000000089e+03 2.091887999999999920e+03 2.342402000000000044e+03 2.541661999999999807e+03 2.382460000000000036e+03 2.703619000000000142e+03
3.556480299999999988e+04 9.593400000000000318e+02 1.047086999999999989e+03 1.337942000000000007e+03 1.762244999999999891e+03 1.972768000000000029e+03 2.147822000000000116e+03 2.382306000000000040e+03 1.952689000000000078e+03 2.125735000000000127e+03 2.387471000000000004e+03 2.574054000000000087e+03 2.416405000000000200e+03 2.730938000000000102e+03
5.179474699999999575e+04 9.732419999999999618e+02 1.059680000000000064e+03 1.359900000000000091e+03 1.768401000000000067e+03 1.994705999999999904e+03 2.175800999999999931e+03 2.418077000000000226e+03 1.980810999999999922e+03 2.161505999999999858e+03 2.435465000000000146e+03 2.607586999999999989e+03 2.452094999999999800e+03 2.759155999999999949e+03
7.543120100000000093e+04 9.872440000000000282e+02 1.072242999999999938e+03 1.381968000000000075e+03 1.772618999999999915e+03 2.016346000000000004e+03 2.203733000000000175e+03 2.453849999999999909e+03 2.009563000000000102e+03 2.197610000000000127e+03 2.484259000000000015e+03 2.640693000000000211e+03 2.487856999999999971e+03 2.787518000000000029e+03
1.098541139999999868e+05 1.002033000000000015e+03 1.085381000000000085e+03 1.405324000000000069e+03 1.778694999999999936e+03 2.038866999999999962e+03 2.233219999999999800e+03 2.491634000000000015e+03 2.040327999999999975e+03 2.236068000000000211e+03 2.536583000000000084e+03 2.675195999999999913e+03 2.525639000000000124e+03 2.819347000000000207e+03
1.599858720000000030e+05 1.016740000000000009e+03 1.098436999999999898e+03 1.428669000000000096e+03 1.787913000000000011e+03 2.061099000000000160e+03 2.262603000000000065e+03 2.529409999999999854e+03 2.071237999999999829e+03 2.274842999999999847e+03 2.589831000000000131e+03 2.709161999999999807e+03 2.563358000000000175e+03 2.852072999999999865e+03
2.329951809999999823e+05 1.032243999999999915e+03 1.112259000000000015e+03 1.453335000000000036e+03 1.803621000000000095e+03 2.083929000000000087e+03 2.293692000000000007e+03 2.569525999999999840e+03 2.103958999999999833e+03 2.316353000000000065e+03 2.648427999999999884e+03 2.744634000000000015e+03 2.603331999999999880e+03 2.886934999999999945e+03
3.393221769999999669e+05 1.047696999999999889e+03 1.125885999999999967e+03 1.477713999999999942e+03 1.824077999999999975e+03 2.106918000000000120e+03 2.324702000000000226e+03 2.609596000000000004e+03 2.136583000000000084e+03 2.358065999999999804e+03 2.707992999999999938e+03 2.779492999999999938e+03 2.643170000000000073e+03 2.920117999999999938e+03
4.941713360000000685e+05 1.064282999999999902e+03 1.140131000000000085e+03 1.503335000000000036e+03 1.850576999999999998e+03 2.133769999999999982e+03 2.357963000000000193e+03 2.652547000000000025e+03 2.171195999999999913e+03 2.402806999999999789e+03 2.773228999999999814e+03 2.817367999999999938e+03 2.685590999999999894e+03 2.949666999999999916e+03
7.196856730000000680e+05 1.080849999999999909e+03 1.154119999999999891e+03 1.528380000000000109e+03 1.880073000000000093e+03 2.163184999999999945e+03 2.391266000000000076e+03 2.695463000000000193e+03 2.205420999999999822e+03 2.447699000000000069e+03 2.836481999999999971e+03 2.854572999999999865e+03 2.727940000000000055e+03 2.973034000000000106e+03
1.048113133999999962e+06 1.098632000000000062e+03 1.168924999999999955e+03 1.554519000000000005e+03 1.912921000000000049e+03 2.199277999999999793e+03 2.427092000000000098e+03 2.741637999999999920e+03 2.241875000000000000e+03 2.496327999999999975e+03 2.893726000000000113e+03 2.892199999999999818e+03 2.778027000000000044e+03 2.989913000000000011e+03
1.526417967000000179e+06 1.116359999999999900e+03 1.183430000000000064e+03 1.579809999999999945e+03 1.946912000000000035e+03 2.238951000000000022e+03 2.462748000000000047e+03 2.787465000000000146e+03 2.277802000000000135e+03 2.545128000000000156e+03 2.939945999999999913e+03 2.926155999999999949e+03 2.828509000000000015e+03 2.999257999999999811e+03
2.222996482999999542e+06 1.137156999999999925e+03 1.200170000000000073e+03 1.608218000000000075e+03 1.987173000000000002e+03 2.288760999999999967e+03 2.504635999999999967e+03 2.840184999999999945e+03 2.318673999999999978e+03 2.602728999999999814e+03 2.974590000000000146e+03 2.955219999999999800e+03 2.872364999999999782e+03 3.002764999999999873e+03
3.237457543000000063e+06 1.158205999999999904e+03 1.216931000000000040e+03 1.636123000000000047e+03 2.029240000000000009e+03 2.341740999999999985e+03 2.547231000000000222e+03 2.892989000000000033e+03 2.359199000000000069e+03 2.661463000000000193e+03 2.995432999999999993e+03 2.976943000000000211e+03 2.906081999999999880e+03 3.001943000000000211e+03
4.714866362999999896e+06 1.178101000000000113e+03 1.232703999999999951e+03 1.662113000000000056e+03 2.069896999999999935e+03 2.392947999999999865e+03 2.587751999999999953e+03 2.942628000000000156e+03 2.397021999999999935e+03 2.717335000000000036e+03 3.005659999999999854e+03 2.992121000000000095e+03 2.929882999999999811e+03 3.000876999999999953e+03
6.866488450000000186e+06 1.194858999999999924e+03 1.245968000000000075e+03 1.683569999999999936e+03 2.104960000000000036e+03 2.436733000000000175e+03 2.622041999999999916e+03 2.984088999999999942e+03 2.428416000000000167e+03 2.764708000000000084e+03 3.006103999999999814e+03 2.999782000000000153e+03 2.942164999999999964e+03 2.999007000000000062e+03
1.000000000000000000e+07 1.208199000000000069e+03 1.256596999999999980e+03 1.700519000000000005e+03 2.133257999999999811e+03 2.470425000000000182e+03 2.649471000000000004e+03 3.016856000000000222e+03 2.453155999999999949e+03 2.802559999999999945e+03 3.003706000000000131e+03 3.002659000000000106e+03 2.945744999999999891e+03 2.998992999999999938e+03
