9.999999999999999167e-02 6.201119999999999663e+02 7.104950000000000045e+02 7.800910000000000082e+02 1.117921000000000049e+03 1.186393000000000029e+03 1.340012999999999920e+03 1.375557000000000016e+03 1.368564000000000078e+03 1.320903000000000020e+03 1.369778000000000020e+03 1.514924999999999955e+03 1.601369999999999891e+03 1.690509999999999991e+03
1.459999999999999909e-01 6.225259999999999536e+02 7.126380000000000337e+02 7.831879999999999882e+02 1.121454999999999927e+03 1.190691000000000031e+03 1.344241999999999962e+03 1.380020999999999958e+03 1.373376999999999953e+03 1.326055000000000064e+03 1.375758000000000038e+03 1.519874000000000024e+03 1.605679000000000087e+03 1.694720000000000027e+03
2.119999999999999940e-01 6.258569999999999709e+02 7.153819999999999482e+02 7.874510000000000218e+02 1.126364000000000033e+03 1.196636999999999944e+03 1.350143000000000029e+03 1.386250000000000000e+03 1.380144000000000005e+03 1.333238000000000056e+03 1.383971000000000004e+03 1.526839999999999918e+03 1.611877999999999929e+03 1.700550999999999931e+03
3.089999999999999969e-01 6.299460000000000264e+02 7.189840000000000373e+02 7.926570000000000391e+02 1.132372000000000071e+03 1.203832000000000107e+03 1.357435999999999922e+03 1.393957000000000107e+03 1.388753999999999905e+03 1.342122000000000071e+03 1.394088999999999942e+03 1.535156999999999925e+03 1.619740999999999985e+03 1.707693999999999960e+03
4.500000000000000111e-01 6.345879999999999654e+02 7.229049999999999727e+02 7.985270000000000437e+02 1.139178000000000111e+03 1.212115999999999985e+03 1.365798999999999978e+03 1.402808999999999969e+03 1.398567000000000007e+03 1.352301999999999907e+03 1.405724999999999909e+03 1.544884000000000015e+03 1.628970000000000027e+03 1.715872000000000071e+03
6.550000000000000266e-01 6.394329999999999927e+02 7.272229999999999563e+02 8.046000000000000227e+02 1.146250000000000000e+03 1.220834000000000060e+03 1.374631000000000085e+03 1.412146999999999935e+03 1.409201999999999998e+03 1.363042999999999893e+03 1.418161000000000058e+03 1.554989000000000033e+03 1.638929000000000087e+03 1.724545000000000073e+03
9.539999999999998481e-01 6.440460000000000491e+02 7.311900000000000546e+02 8.103049999999999500e+02 1.152964999999999918e+03 1.229201999999999998e+03 1.383182999999999993e+03 1.421170000000000073e+03 1.419400000000000091e+03 1.373467000000000098e+03 1.430423999999999978e+03 1.564884999999999991e+03 1.648815000000000055e+03 1.733048000000000002e+03
1.389000000000000012e+00 6.485209999999999582e+02 7.353899999999999864e+02 8.157770000000000437e+02 1.159631000000000085e+03 1.237311999999999898e+03 1.391617999999999938e+03 1.430075000000000045e+03 1.429397999999999911e+03 1.383347999999999956e+03 1.442837999999999965e+03 1.574535000000000082e+03 1.658731999999999971e+03 1.741593000000000075e+03
2.024000000000000021e+00 6.529829999999999472e+02 7.396699999999999591e+02 8.212000000000000455e+02 1.166380000000000109e+03 1.245373000000000047e+03 1.400101000000000113e+03 1.439065000000000055e+03 1.439387999999999920e+03 1.393012999999999920e+03 1.455686999999999898e+03 1.584584000000000060e+03 1.668750000000000000e+03 1.750450000000000045e+03
2.946999999999999620e+00 6.574660000000000082e+02 7.441140000000000327e+02 8.266380000000000337e+02 1.173268000000000029e+03 1.253461000000000013e+03 1.408656999999999925e+03 1.448144000000000005e+03 1.449484999999999900e+03 1.402702999999999975e+03 1.468912000000000035e+03 1.594473999999999933e+03 1.678811999999999898e+03 1.759672000000000025e+03
4.291999999999999815e+00 6.620370000000000346e+02 7.481879999999999882e+02 8.322050000000000409e+02 1.180298000000000002e+03 1.261799999999999955e+03 1.417259000000000015e+03 1.457307999999999993e+03 1.459919000000000096e+03 1.412471000000000004e+03 1.482393000000000029e+03 1.604348999999999933e+03 1.689019999999999982e+03 1.769316000000000031e+03
6.250999999999999446e+00 6.667519999999999527e+02 7.525349999999999682e+02 8.379790000000000418e+02 1.187428000000000111e+03 1.270622000000000071e+03 1.425875000000000000e+03 1.466577999999999975e+03 1.470366999999999962e+03 1.422340999999999894e+03 1.495974999999999909e+03 1.614655999999999949e+03 1.699040999999999940e+03 1.779323000000000093e+03
9.102999999999999758e+00 6.716280000000000427e+02 7.565460000000000491e+02 8.440159999999999627e+02 1.194663999999999987e+03 1.279823000000000093e+03 1.434494999999999891e+03 1.475971000000000004e+03 1.481160000000000082e+03 1.432509999999999991e+03 1.509541999999999916e+03 1.624863000000000056e+03 1.709200000000000045e+03 1.789557000000000016e+03
1.325699999999999790e+01 6.766559999999999491e+02 7.607079999999999700e+02 8.503079999999999927e+02 1.201941000000000031e+03 1.289519999999999982e+03 1.443099999999999909e+03 1.485532999999999902e+03 1.492267000000000053e+03 1.443210000000000036e+03 1.523075000000000045e+03 1.634944999999999936e+03 1.719396999999999935e+03 1.799923000000000002e+03
1.930699999999999861e+01 6.818049999999999500e+02 7.649030000000000200e+02 8.568250000000000455e+02 1.209236000000000104e+03 1.299701000000000022e+03 1.451696999999999889e+03 1.495233999999999924e+03 1.503384999999999991e+03 1.454651000000000067e+03 1.536521999999999935e+03 1.645438000000000102e+03 1.729603000000000065e+03 1.810321999999999889e+03
2.811800000000000210e+01 6.870499999999999545e+02 7.694310000000000400e+02 8.635209999999999582e+02 1.216545000000000073e+03 1.310227000000000089e+03 1.460253999999999905e+03 1.505073000000000093e+03 1.514468000000000075e+03 1.466473999999999933e+03 1.549917999999999893e+03 1.655886999999999944e+03 1.739799999999999955e+03 1.820673999999999978e+03
4.094899999999999807e+01 6.923450000000000273e+02 7.737690000000000055e+02 8.703179999999999836e+02 1.223923999999999978e+03 1.321048999999999978e+03 1.468763999999999896e+03 1.515040999999999940e+03 1.525432999999999993e+03 1.478933999999999969e+03 1.563330999999999904e+03 1.666821999999999889e+03 1.749960000000000036e+03 1.830913999999999987e+03
5.963599999999999568e+01 6.976570000000000391e+02 7.783959999999999582e+02 8.771730000000000018e+02 1.231508000000000038e+03 1.331782999999999902e+03 1.477299999999999955e+03 1.525146999999999935e+03 1.536354000000000042e+03 1.491219000000000051e+03 1.576909000000000106e+03 1.677633000000000038e+03 1.759895999999999958e+03 1.841019000000000005e+03
8.685099999999999909e+01 7.029840000000000373e+02 7.832259999999999991e+02 8.840610000000000355e+02 1.239213999999999942e+03 1.342395999999999958e+03 1.486001999999999953e+03 1.535394000000000005e+03 1.547176999999999907e+03 1.503685999999999922e+03 1.590833000000000084e+03 1.688911000000000058e+03 1.769705999999999904e+03 1.851073000000000093e+03
1.264859999999999758e+02 7.083609999999999900e+02 7.881530000000000200e+02 8.909969999999999573e+02 1.247239000000000033e+03 1.353020999999999958e+03 1.494990000000000009e+03 1.545813000000000102e+03 1.557983999999999924e+03 1.516392000000000053e+03 1.605209000000000060e+03 1.700195999999999913e+03 1.779640000000000100e+03 1.861173999999999978e+03
1.842069999999999936e+02 7.138170000000000073e+02 7.930510000000000446e+02 8.979950000000000045e+02 1.255519000000000005e+03 1.363623000000000047e+03 1.504332000000000107e+03 1.556384999999999991e+03 1.569055000000000064e+03 1.529172000000000025e+03 1.620059999999999945e+03 1.711564000000000078e+03 1.790163000000000011e+03 1.871417999999999893e+03
2.682699999999999818e+02 7.193740000000000236e+02 7.976910000000000309e+02 9.050529999999999973e+02 1.263942999999999984e+03 1.374294000000000096e+03 1.514045000000000073e+03 1.567122000000000071e+03 1.580219000000000051e+03 1.541832000000000107e+03 1.635376999999999953e+03 1.723282999999999902e+03 1.801135999999999967e+03 1.881811999999999898e+03
3.906940000000000168e+02 7.250140000000000100e+02 8.021860000000000355e+02 9.121670000000000300e+02 1.272367999999999938e+03 1.384915999999999940e+03 1.524087999999999965e+03 1.578022999999999911e+03 1.591640000000000100e+03 1.554555000000000064e+03 1.651148999999999887e+03 1.735152000000000044e+03 1.812636999999999944e+03 1.892311999999999898e+03
5.689869999999999663e+02 7.307229999999999563e+02 8.069089999999999918e+02 9.192899999999999636e+02 1.280842000000000098e+03 1.395392000000000053e+03 1.534355999999999995e+03 1.589099999999999909e+03 1.603412000000000035e+03 1.567624000000000024e+03 1.667398999999999887e+03 1.747017000000000053e+03 1.824678000000000111e+03 1.902882000000000062e+03
8.286430000000001428e+02 7.364829999999999472e+02 8.119729999999999563e+02 9.264210000000000491e+02 1.289355000000000018e+03 1.405976000000000113e+03 1.544736000000000104e+03 1.600308999999999969e+03 1.615364000000000033e+03 1.580881000000000085e+03 1.684076999999999998e+03 1.759288000000000011e+03 1.837202999999999975e+03 1.913502999999999929e+03
1.206793000000000120e+03 7.422799999999999727e+02 8.172050000000000409e+02 9.335900000000000318e+02 1.297912000000000035e+03 1.416858999999999924e+03 1.555049999999999955e+03 1.611665999999999940e+03 1.627413999999999987e+03 1.594113000000000056e+03 1.701164999999999964e+03 1.771640000000000100e+03 1.850165999999999940e+03 1.924301999999999907e+03
1.757511000000000195e+03 7.480860000000000127e+02 8.225470000000000255e+02 9.408769999999999527e+02 1.306561999999999898e+03 1.428363000000000056e+03 1.565217000000000098e+03 1.623171000000000049e+03 1.639904999999999973e+03 1.607847999999999956e+03 1.718651000000000067e+03 1.784281999999999925e+03 1.863180000000000064e+03 1.935507000000000062e+03
2.559548000000000229e+03 7.538809999999999718e+02 8.281789999999999736e+02 9.483830000000000382e+02 1.315288000000000011e+03 1.440269000000000005e+03 1.575285000000000082e+03 1.634817999999999984e+03 1.652462999999999965e+03 1.621711999999999989e+03 1.736577999999999975e+03 1.796712999999999965e+03 1.876000999999999976e+03 1.946978000000000065e+03
3.727594000000000051e+03 7.596609999999999445e+02 8.341559999999999491e+02 9.561150000000000091e+02 1.324088999999999942e+03 1.452844000000000051e+03 1.585406999999999925e+03 1.646607999999999947e+03 1.665057000000000016e+03 1.636003999999999905e+03 1.754976000000000113e+03 1.809377999999999929e+03 1.888737000000000080e+03 1.958250000000000000e+03
5.428675000000000182e+03 7.654640000000000555e+02 8.399640000000000555e+02 9.640779999999999745e+02 1.333085000000000036e+03 1.465936999999999898e+03 1.595730999999999995e+03 1.658589999999999918e+03 1.677717000000000098e+03 1.650943999999999960e+03 1.773817999999999984e+03 1.822226000000000113e+03 1.901520999999999958e+03 1.968789999999999964e+03
7.906042999999998756e+03 7.713329999999999700e+02 8.458189999999999600e+02 9.722770000000000437e+02 1.342231999999999971e+03 1.479324000000000069e+03 1.606319999999999936e+03 1.670742999999999938e+03 1.690573000000000093e+03 1.665965999999999894e+03 1.793015000000000100e+03 1.835348999999999933e+03 1.914395999999999958e+03 1.978382000000000062e+03
1.151395399999999972e+04 7.773310000000000173e+02 8.512300000000000182e+02 9.807480000000000473e+02 1.351455999999999904e+03 1.493067000000000007e+03 1.617198000000000093e+03 1.683073000000000093e+03 1.703516000000000076e+03 1.681086000000000013e+03 1.812505000000000109e+03 1.848777000000000044e+03 1.927032999999999902e+03 1.987251999999999953e+03
1.676832900000000154e+04 7.834800000000000182e+02 8.568360000000000127e+02 9.893780000000000427e+02 1.360718000000000075e+03 1.506804000000000087e+03 1.628412000000000035e+03 1.695593000000000075e+03 1.716555000000000064e+03 1.696723999999999933e+03 1.832186999999999898e+03 1.862365999999999985e+03 1.939747000000000071e+03 1.995680000000000064e+03
2.442053100000000268e+04 7.898020000000000209e+02 8.624489999999999554e+02 9.982559999999999718e+02 1.370132000000000062e+03 1.520396999999999935e+03 1.639993999999999915e+03 1.708314000000000078e+03 1.729951000000000022e+03 1.713586000000000013e+03 1.852048999999999978e+03 1.876143000000000029e+03 1.952806000000000040e+03 2.003994999999999891e+03
3.556480299999999988e+04 7.963060000000000400e+02 8.680480000000000018e+02 1.007267000000000053e+03 1.379691000000000031e+03 1.533999000000000024e+03 1.651976000000000113e+03 1.721280999999999949e+03 1.743338999999999942e+03 1.730663000000000011e+03 1.872233999999999924e+03 1.890451999999999998e+03 1.966165999999999940e+03 2.012612000000000080e+03
5.179474699999999575e+04 8.029880000000000564e+02 8.736559999999999491e+02 1.016405999999999949e+03 1.389384000000000015e+03 1.547436999999999898e+03 1.664288999999999987e+03 1.734500000000000000e+03 1.756744999999999891e+03 1.747663999999999987e+03 1.892124000000000024e+03 1.904653999999999996e+03 1.979939000000000078e+03 2.022009000000000015e+03
7.543120100000000093e+04 8.098189999999999600e+02 8.792580000000000382e+02 1.025673999999999978e+03 1.399142000000000053e+03 1.560901000000000067e+03 1.676925999999999931e+03 1.747967000000000098e+03 1.770210000000000036e+03 1.765226000000000113e+03 1.913094000000000051e+03 1.919292999999999893e+03 1.993987000000000080e+03 2.032487000000000080e+03
1.098541139999999868e+05 8.167580000000000382e+02 8.846319999999999482e+02 1.035080999999999904e+03 1.408990999999999985e+03 1.574467000000000098e+03 1.689923999999999978e+03 1.761661000000000058e+03 1.783714999999999918e+03 1.782989000000000033e+03 1.935230000000000018e+03 1.933960000000000036e+03 2.008388999999999896e+03 2.043790999999999940e+03
1.599858720000000030e+05 8.238049999999999500e+02 8.902430000000000518e+02 1.044576999999999998e+03 1.418856999999999971e+03 1.588422000000000025e+03 1.703309999999999945e+03 1.775568999999999960e+03 1.797248000000000047e+03 1.801317999999999984e+03 1.957295000000000073e+03 1.948972999999999956e+03 2.023103000000000065e+03 2.055400999999999840e+03
2.329951809999999823e+05 8.310059999999999718e+02 8.959660000000000082e+02 1.054126999999999953e+03 1.428730000000000018e+03 1.602720000000000027e+03 1.717095000000000027e+03 1.789737000000000080e+03 1.810884999999999991e+03 1.819903999999999996e+03 1.980730000000000018e+03 1.964194999999999936e+03 2.038032999999999902e+03 2.066867999999999938e+03
3.393221769999999669e+05 8.384329999999999927e+02 9.020240000000000009e+02 1.063741999999999962e+03 1.438709000000000060e+03 1.617538999999999987e+03 1.731282999999999902e+03 1.804215999999999894e+03 1.824339999999999918e+03 1.838571999999999889e+03 2.004598999999999933e+03 1.979834000000000060e+03 2.053039999999999964e+03 2.078179000000000087e+03
4.941713360000000685e+05 8.461090000000000373e+02 9.083959999999999582e+02 1.073442999999999984e+03 1.448903000000000020e+03 1.632922000000000025e+03 1.745951000000000022e+03 1.819106999999999971e+03 1.838023999999999887e+03 1.857357999999999947e+03 2.029261999999999944e+03 1.995329999999999927e+03 2.067936999999999898e+03 2.089545999999999822e+03
7.196856730000000680e+05 8.540230000000000246e+02 9.152129999999999654e+02 1.083192999999999984e+03 1.459398999999999887e+03 1.648663999999999987e+03 1.761231999999999971e+03 1.834550999999999931e+03 1.852314000000000078e+03 1.877201000000000022e+03 2.053900000000000091e+03 2.011153000000000020e+03 2.082916999999999916e+03 2.101105000000000018e+03
1.048113133999999962e+06 8.621359999999999673e+02 9.222150000000000318e+02 1.093105000000000018e+03 1.470097999999999956e+03 1.664767000000000053e+03 1.777207000000000107e+03 1.850654999999999973e+03 1.867071999999999889e+03 1.897298999999999978e+03 2.079152000000000044e+03 2.027232999999999947e+03 2.097998999999999796e+03 2.112878999999999905e+03
1.526417967000000179e+06 8.703990000000000009e+02 9.292119999999999891e+02 1.103094000000000051e+03 1.481109999999999900e+03 1.680917999999999893e+03 1.793960000000000036e+03 1.867560999999999922e+03 1.881984999999999900e+03 1.916613000000000056e+03 2.105670000000000073e+03 2.043794000000000096e+03 2.113085000000000036e+03 2.124909000000000106e+03
2.222996482999999542e+06 8.795149999999999864e+02 9.367859999999999445e+02 1.114355999999999995e+03 1.493461000000000013e+03 1.698345000000000027e+03 1.813082000000000107e+03 1.887059999999999945e+03 1.898837999999999965e+03 1.937652000000000044e+03 2.134940999999999804e+03 2.062726000000000113e+03 2.129324999999999818e+03 2.138543000000000120e+03
3.237457543000000063e+06 8.885289999999999964e+02 9.440850000000000364e+02 1.125695999999999913e+03 1.505808999999999969e+03 1.715340999999999894e+03 1.832473999999999933e+03 1.906958000000000084e+03 1.915895999999999958e+03 1.958761999999999944e+03 2.165117000000000189e+03 2.082353000000000065e+03 2.145153999999999996e+03 2.152320000000000164e+03
4.714866362999999896e+06 8.967119999999999891e+02 9.504249999999999545e+02 1.136222999999999956e+03 1.517230000000000018e+03 1.730733999999999924e+03 1.850476000000000113e+03 1.925522999999999911e+03 1.931732999999999947e+03 1.977945999999999913e+03 2.193010999999999967e+03 2.100668999999999869e+03 2.159427000000000135e+03 2.165115999999999985e+03
6.866488450000000186e+06 9.034940000000000282e+02 9.557640000000000100e+02 1.145148999999999887e+03 1.526769999999999982e+03 1.743478000000000065e+03 1.865655999999999949e+03 1.941240999999999985e+03 1.945136999999999944e+03 1.994263999999999896e+03 2.215838000000000193e+03 2.116414999999999964e+03 2.171173999999999978e+03 2.175891999999999825e+03
1.000000000000000000e+07 9.086580000000000155e+02 9.596879999999999882e+02 1.152113000000000056e+03 1.534083000000000084e+03 1.753193999999999960e+03 1.877357999999999947e+03 1.953446999999999889e+03 1.955560999999999922e+03 2.006786000000000058e+03 2.234038000000000011e+03 2.128722000000000207e+03 2.180081000000000131e+03 2.184253000000000156e+03
