9.999999999999999167e-02 6.163709999999999809e+02 6.963319999999999936e+02 7.985049999999999955e+02 1.138598999999999933e+03 1.289597999999999956e+03 1.362703999999999951e+03 1.434816000000000031e+03 1.325752999999999929e+03 1.302846000000000004e+03 1.359979000000000042e+03 1.578886999999999944e+03 1.660896999999999935e+03 1.793846999999999980e+03
1.459999999999999909e-01 6.176359999999999673e+02 6.974519999999999982e+02 8.002269999999999754e+02 1.140634999999999991e+03 1.291634999999999991e+03 1.365087999999999965e+03 1.437588999999999942e+03 1.328317999999999984e+03 1.305727000000000089e+03 1.363318999999999960e+03 1.581907999999999902e+03 1.663953999999999951e+03 1.796724999999999909e+03
2.119999999999999940e-01 6.210069999999999482e+02 7.004550000000000409e+02 8.048170000000000073e+02 1.146066000000000031e+03 1.297073000000000093e+03 1.371454999999999927e+03 1.444984999999999900e+03 1.335133000000000038e+03 1.313395999999999958e+03 1.372201000000000022e+03 1.589958000000000084e+03 1.672115000000000009e+03 1.804403999999999996e+03
3.089999999999999969e-01 6.261109999999999900e+02 7.049919999999999618e+02 8.117659999999999627e+02 1.154285000000000082e+03 1.305301999999999907e+03 1.381085000000000036e+03 1.456176999999999907e+03 1.345451999999999998e+03 1.325005000000000109e+03 1.385652000000000044e+03 1.602141000000000076e+03 1.684465999999999894e+03 1.816021999999999935e+03
4.500000000000000111e-01 6.322649999999999864e+02 7.104650000000000318e+02 8.201440000000000055e+02 1.164199000000000069e+03 1.315221000000000004e+03 1.392707000000000107e+03 1.469679000000000087e+03 1.357914999999999964e+03 1.339016000000000076e+03 1.401883000000000038e+03 1.616838999999999942e+03 1.699348999999999933e+03 1.830038999999999987e+03
6.550000000000000266e-01 6.387939999999999827e+02 7.162649999999999864e+02 8.290280000000000200e+02 1.174719000000000051e+03 1.325733999999999924e+03 1.405044000000000096e+03 1.484010999999999967e+03 1.371176999999999907e+03 1.353897999999999911e+03 1.419125000000000000e+03 1.632441000000000031e+03 1.715113000000000056e+03 1.844913000000000011e+03
9.539999999999998481e-01 6.450529999999999973e+02 7.218210000000000264e+02 8.375410000000000537e+02 1.184811999999999898e+03 1.335797000000000025e+03 1.416890000000000100e+03 1.497765000000000100e+03 1.383959000000000060e+03 1.368199000000000069e+03 1.435694999999999936e+03 1.647415999999999940e+03 1.730183999999999969e+03 1.859183999999999969e+03
1.389000000000000012e+00 6.508400000000000318e+02 7.269470000000000027e+02 8.454030000000000200e+02 1.194153999999999996e+03 1.345073000000000093e+03 1.427867999999999938e+03 1.510503999999999905e+03 1.395884999999999991e+03 1.381474999999999909e+03 1.451077999999999975e+03 1.661288000000000011e+03 1.744048999999999978e+03 1.872394000000000005e+03
2.024000000000000021e+00 6.571290000000000191e+02 7.324940000000000282e+02 8.539260000000000446e+02 1.204344000000000051e+03 1.355089999999999918e+03 1.439878999999999905e+03 1.524413999999999987e+03 1.409131000000000085e+03 1.396045000000000073e+03 1.467954999999999927e+03 1.676440000000000055e+03 1.758941000000000031e+03 1.886823000000000093e+03
2.946999999999999620e+00 6.637640000000000100e+02 7.383220000000000027e+02 8.628970000000000482e+02 1.215126999999999953e+03 1.365596999999999980e+03 1.452624000000000024e+03 1.539151000000000067e+03 1.423376999999999953e+03 1.411555000000000064e+03 1.485917999999999893e+03 1.692498000000000047e+03 1.774483999999999924e+03 1.902104000000000042e+03
4.291999999999999815e+00 6.701970000000000027e+02 7.439510000000000218e+02 8.715789999999999509e+02 1.225596000000000004e+03 1.375727000000000089e+03 1.465027000000000044e+03 1.553479000000000042e+03 1.437403000000000020e+03 1.426693999999999960e+03 1.503461000000000013e+03 1.708115000000000009e+03 1.789420000000000073e+03 1.916935999999999922e+03
6.250999999999999446e+00 6.764519999999999982e+02 7.494080000000000155e+02 8.800119999999999436e+02 1.235762999999999920e+03 1.385537000000000035e+03 1.477093000000000075e+03 1.567420000000000073e+03 1.451152000000000044e+03 1.441459000000000060e+03 1.520596000000000004e+03 1.723310999999999922e+03 1.803873000000000047e+03 1.931316000000000031e+03
9.102999999999999758e+00 6.833239999999999554e+02 7.554020000000000437e+02 8.892859999999999445e+02 1.246881000000000085e+03 1.396321999999999889e+03 1.490278999999999996e+03 1.582682999999999993e+03 1.466134000000000015e+03 1.457605000000000018e+03 1.539371000000000095e+03 1.739945999999999913e+03 1.819821999999999889e+03 1.946992999999999938e+03
1.325699999999999790e+01 6.898809999999999718e+02 7.611019999999999754e+02 8.981359999999999673e+02 1.257424999999999955e+03 1.406576000000000022e+03 1.502796000000000049e+03 1.597202999999999975e+03 1.480424999999999955e+03 1.472981999999999971e+03 1.557319999999999936e+03 1.755771999999999935e+03 1.835040999999999940e+03 1.961780999999999949e+03
1.930699999999999861e+01 6.968579999999999472e+02 7.671100000000000136e+02 9.075389999999999873e+02 1.268473999999999933e+03 1.417380000000000109e+03 1.515951999999999998e+03 1.612539999999999964e+03 1.495695999999999913e+03 1.489279999999999973e+03 1.576503999999999905e+03 1.772493999999999915e+03 1.851188000000000102e+03 1.977079999999999927e+03
2.811800000000000210e+01 7.044339999999999691e+02 7.735739999999999554e+02 9.177380000000000564e+02 1.280294000000000096e+03 1.428998000000000047e+03 1.530068999999999960e+03 1.629076999999999998e+03 1.512344000000000051e+03 1.506915999999999940e+03 1.597439000000000078e+03 1.790529999999999973e+03 1.868676999999999907e+03 1.993230000000000018e+03
4.094899999999999807e+01 7.119049999999999727e+02 7.799039999999999964e+02 9.277970000000000255e+02 1.291817000000000007e+03 1.440366999999999962e+03 1.543864000000000033e+03 1.645306000000000040e+03 1.528785000000000082e+03 1.524276000000000067e+03 1.618194999999999936e+03 1.808228000000000065e+03 1.885892000000000053e+03 2.008805000000000064e+03
5.963599999999999568e+01 7.191710000000000491e+02 7.860380000000000109e+02 9.375929999999999609e+02 1.302952999999999975e+03 1.451369999999999891e+03 1.557217000000000098e+03 1.661056000000000040e+03 1.544738000000000056e+03 1.541162000000000035e+03 1.638488000000000056e+03 1.825391000000000076e+03 1.902614000000000033e+03 2.023761999999999944e+03
8.685099999999999909e+01 7.269519999999999982e+02 7.926359999999999673e+02 9.481190000000000282e+02 1.314951000000000022e+03 1.463185999999999922e+03 1.571589999999999918e+03 1.677991999999999962e+03 1.561711999999999989e+03 1.559317999999999984e+03 1.660290999999999940e+03 1.843824000000000069e+03 1.920542999999999893e+03 2.039948000000000093e+03
1.264859999999999758e+02 7.345220000000000482e+02 7.990750000000000455e+02 9.584130000000000109e+02 1.326672000000000025e+03 1.474689000000000078e+03 1.585627999999999929e+03 1.694536000000000058e+03 1.578058999999999969e+03 1.577075000000000045e+03 1.681663000000000011e+03 1.861795000000000073e+03 1.938000999999999976e+03 2.055789999999999964e+03
1.842069999999999936e+02 7.422509999999999764e+02 8.056860000000000355e+02 9.690499999999999545e+02 1.338695999999999913e+03 1.486407999999999902e+03 1.600035000000000082e+03 1.711553000000000111e+03 1.594337999999999965e+03 1.595414999999999964e+03 1.703906999999999925e+03 1.880192000000000007e+03 1.955853000000000065e+03 2.072041999999999916e+03
2.682699999999999818e+02 7.506939999999999600e+02 8.129560000000000173e+02 9.808360000000000127e+02 1.351911000000000058e+03 1.499180000000000064e+03 1.615872000000000071e+03 1.730308999999999969e+03 1.611605000000000018e+03 1.615721999999999980e+03 1.728750000000000000e+03 1.900357999999999947e+03 1.975395999999999958e+03 2.089898000000000138e+03
3.906940000000000168e+02 7.590359999999999445e+02 8.201639999999999873e+02 9.926040000000000418e+02 1.365010999999999967e+03 1.511775000000000091e+03 1.631583000000000084e+03 1.748955999999999904e+03 1.628288999999999987e+03 1.635988000000000056e+03 1.753721000000000004e+03 1.920321999999999889e+03 1.994717000000000098e+03 2.107592000000000098e+03
5.689869999999999663e+02 7.670990000000000464e+02 8.271319999999999482e+02 1.004051000000000045e+03 1.377679000000000087e+03 1.523935999999999922e+03 1.646791999999999916e+03 1.767038999999999987e+03 1.644222999999999956e+03 1.655698000000000093e+03 1.778134999999999991e+03 1.939628999999999905e+03 2.013375999999999976e+03 2.124688999999999851e+03
8.286430000000001428e+02 7.756340000000000146e+02 8.344650000000000318e+02 1.016129000000000019e+03 1.391028999999999996e+03 1.536819999999999936e+03 1.662836000000000013e+03 1.786118999999999915e+03 1.661275000000000091e+03 1.676500999999999976e+03 1.803903999999999996e+03 1.960021999999999935e+03 2.033067999999999984e+03 2.142686999999999898e+03
1.206793000000000120e+03 7.842050000000000409e+02 8.417649999999999864e+02 1.028211999999999989e+03 1.404344000000000051e+03 1.549770999999999958e+03 1.678871000000000095e+03 1.805200000000000045e+03 1.678644000000000005e+03 1.697317999999999984e+03 1.829719000000000051e+03 1.980436999999999898e+03 2.052751999999999953e+03 2.160608999999999924e+03
1.757511000000000195e+03 7.928310000000000173e+02 8.489840000000000373e+02 1.040346000000000004e+03 1.417570999999999913e+03 1.562756000000000085e+03 1.694874000000000024e+03 1.824294000000000096e+03 1.696438000000000102e+03 1.718227000000000089e+03 1.855811999999999898e+03 2.000861000000000104e+03 2.072501000000000204e+03 2.178375000000000000e+03
2.559548000000000229e+03 8.025990000000000464e+02 8.569729999999999563e+02 1.054046000000000049e+03 1.432291999999999916e+03 1.577351000000000113e+03 1.712798000000000002e+03 1.845755000000000109e+03 1.717048999999999978e+03 1.741835000000000036e+03 1.885512999999999920e+03 2.023811999999999898e+03 2.094856000000000222e+03 2.198119000000000142e+03
3.727594000000000051e+03 8.124719999999999800e+02 8.649059999999999491e+02 1.067867999999999938e+03 1.446978000000000065e+03 1.592136999999999944e+03 1.730766000000000076e+03 1.867329999999999927e+03 1.738221999999999980e+03 1.765667999999999893e+03 1.915692000000000007e+03 2.046876999999999953e+03 2.117190999999999804e+03 2.217721000000000004e+03
5.428675000000000182e+03 8.220679999999999836e+02 8.725170000000000528e+02 1.081289999999999964e+03 1.461124000000000024e+03 1.606701000000000022e+03 1.748130000000000109e+03 1.888227000000000089e+03 1.759007000000000062e+03 1.788843000000000075e+03 1.945188000000000102e+03 2.069206000000000131e+03 2.138353999999999814e+03 2.236434999999999945e+03
7.906042999999998756e+03 8.320109999999999673e+02 8.804099999999999682e+02 1.095212999999999965e+03 1.475799999999999955e+03 1.622181000000000040e+03 1.766135999999999967e+03 1.909904999999999973e+03 1.780476000000000113e+03 1.812932000000000016e+03 1.975880000000000109e+03 2.092358000000000175e+03 2.159452000000000226e+03 2.255619999999999891e+03
1.151395399999999972e+04 8.421499999999999773e+02 8.884940000000000282e+02 1.109441000000000031e+03 1.490832000000000107e+03 1.638578999999999951e+03 1.784548999999999978e+03 1.932074000000000069e+03 1.802200000000000045e+03 1.837625999999999976e+03 2.007352000000000089e+03 2.116016999999999825e+03 2.179701000000000022e+03 2.274923999999999978e+03
1.676832900000000154e+04 8.520140000000000100e+02 8.963250000000000455e+02 1.123323000000000093e+03 1.505448000000000093e+03 1.655826000000000022e+03 1.802445999999999913e+03 1.953679000000000087e+03 1.823240999999999985e+03 1.861886999999999944e+03 2.038439000000000078e+03 2.139039999999999964e+03 2.196420999999999822e+03 2.292880000000000109e+03
2.442053100000000268e+04 8.632899999999999636e+02 9.052219999999999800e+02 1.139261999999999944e+03 1.522146999999999935e+03 1.677799999999999955e+03 1.822872000000000071e+03 1.978438000000000102e+03 1.847144000000000005e+03 1.890030999999999949e+03 2.074780000000000200e+03 2.165380999999999858e+03 2.210068000000000211e+03 2.311936999999999898e+03
3.556480299999999988e+04 8.747279999999999518e+02 9.141979999999999791e+02 1.155484999999999900e+03 1.539070999999999913e+03 1.701854000000000042e+03 1.843576999999999998e+03 2.003605999999999995e+03 1.871256000000000085e+03 1.918905999999999949e+03 2.112293999999999869e+03 2.192099999999999909e+03 2.220052000000000135e+03 2.330166000000000167e+03
5.179474699999999575e+04 8.857830000000000155e+02 9.228319999999999936e+02 1.171208000000000084e+03 1.555410000000000082e+03 1.726410000000000082e+03 1.863596000000000004e+03 2.027979000000000042e+03 1.894441000000000031e+03 1.947068999999999960e+03 2.149070000000000164e+03 2.217900999999999840e+03 2.227409999999999854e+03 2.347030000000000200e+03
7.543120100000000093e+04 8.970710000000000264e+02 9.316290000000000191e+02 1.187271999999999935e+03 1.572070999999999913e+03 1.751726000000000113e+03 1.884071999999999889e+03 2.052887999999999920e+03 1.918045000000000073e+03 1.975895999999999958e+03 2.186786999999999807e+03 2.244188000000000102e+03 2.235699000000000069e+03 2.364239000000000033e+03
1.098541139999999868e+05 9.088719999999999573e+02 9.408139999999999645e+02 1.204051999999999907e+03 1.589457000000000107e+03 1.777733999999999924e+03 1.905538999999999987e+03 2.078936999999999898e+03 1.942672000000000025e+03 2.005982999999999947e+03 2.226163000000000011e+03 2.271577000000000226e+03 2.247398999999999887e+03 2.382733000000000175e+03
1.599858720000000030e+05 9.200829999999999700e+02 9.494819999999999709e+02 1.220019999999999982e+03 1.605920000000000073e+03 1.803083000000000084e+03 1.926026000000000067e+03 2.103739999999999782e+03 1.965867999999999938e+03 2.034752999999999929e+03 2.264021000000000186e+03 2.297425999999999931e+03 2.261099999999999909e+03 2.400320000000000164e+03
2.329951809999999823e+05 9.331910000000000309e+02 9.595009999999999764e+02 1.238759000000000015e+03 1.625123000000000047e+03 1.834217000000000098e+03 1.950093000000000075e+03 2.132809000000000196e+03 1.992589999999999918e+03 2.068773000000000138e+03 2.309192000000000007e+03 2.327300999999999931e+03 2.282688999999999851e+03 2.420795999999999822e+03
3.393221769999999669e+05 9.466649999999999636e+02 9.697029999999999745e+02 1.258059999999999945e+03 1.644760999999999967e+03 1.867244999999999891e+03 1.974992999999999938e+03 2.162784000000000106e+03 2.019729000000000042e+03 2.104045000000000073e+03 2.356358000000000175e+03 2.357728999999999814e+03 2.309027999999999793e+03 2.441880999999999858e+03
4.941713360000000685e+05 9.597140000000000555e+02 9.795040000000000191e+02 1.276769000000000005e+03 1.663615000000000009e+03 1.899866999999999962e+03 1.999330999999999904e+03 2.191951000000000022e+03 2.045733999999999924e+03 2.138452999999999975e+03 2.402650999999999840e+03 2.386967999999999847e+03 2.337518000000000029e+03 2.462458000000000084e+03
7.196856730000000680e+05 9.728619999999999663e+02 9.893350000000000364e+02 1.295588999999999942e+03 1.682382000000000062e+03 1.932618999999999915e+03 2.024116999999999962e+03 2.221496999999999844e+03 2.071789000000000215e+03 2.173224999999999909e+03 2.449585000000000036e+03 2.416315999999999804e+03 2.366777999999999793e+03 2.483501000000000204e+03
1.048113133999999962e+06 9.868830000000000382e+02 9.998220000000000027e+02 1.315586999999999989e+03 1.702116999999999962e+03 1.966640000000000100e+03 2.050842999999999847e+03 2.253184999999999945e+03 2.099585000000000036e+03 2.210250000000000000e+03 2.499559999999999945e+03 2.447646000000000186e+03 2.395882999999999811e+03 2.506391999999999825e+03
1.526417967000000179e+06 9.999139999999999873e+02 1.009490000000000009e+03 1.334082000000000107e+03 1.719886999999999944e+03 1.997593000000000075e+03 2.076329999999999927e+03 2.283028999999999996e+03 2.125152000000000044e+03 2.244833999999999833e+03 2.546525999999999840e+03 2.476576000000000022e+03 2.422931000000000040e+03 2.528478999999999814e+03
2.222996482999999542e+06 1.016068999999999960e+03 1.021250000000000000e+03 1.356751999999999953e+03 1.740262999999999920e+03 2.034048000000000002e+03 2.109813000000000102e+03 2.321175000000000182e+03 2.156065999999999804e+03 2.288208999999999833e+03 2.606248000000000047e+03 2.511885999999999967e+03 2.456523000000000138e+03 2.558213000000000193e+03
3.237457543000000063e+06 1.033010999999999967e+03 1.033420000000000073e+03 1.380344000000000051e+03 1.760487000000000080e+03 2.070954000000000178e+03 2.146215000000000146e+03 2.361956999999999880e+03 2.187947000000000116e+03 2.334036999999999807e+03 2.669923999999999978e+03 2.548538000000000011e+03 2.491773000000000138e+03 2.591014999999999873e+03
4.714866362999999896e+06 1.049170000000000073e+03 1.044921000000000049e+03 1.402717000000000098e+03 1.778959000000000060e+03 2.105195999999999913e+03 2.181882000000000062e+03 2.401434000000000196e+03 2.217963999999999942e+03 2.377994999999999891e+03 2.731376999999999953e+03 2.583215000000000146e+03 2.525420000000000073e+03 2.623469000000000051e+03
6.866488450000000186e+06 1.064371000000000095e+03 1.055688000000000102e+03 1.423719000000000051e+03 1.796038000000000011e+03 2.137083000000000084e+03 2.215742999999999938e+03 2.438753000000000156e+03 2.246072999999999865e+03 2.419436999999999898e+03 2.789496999999999844e+03 2.615753000000000156e+03 2.557079000000000178e+03 2.654411999999999807e+03
1.000000000000000000e+07 1.079473999999999933e+03 1.066487000000000080e+03 1.444678000000000111e+03 1.813617999999999938e+03 2.169443000000000211e+03 2.248733000000000175e+03 2.475440999999999804e+03 2.274271000000000186e+03 2.460427999999999884e+03 2.846632999999999811e+03 2.648262000000000171e+03 2.588518000000000029e+03 2.684302000000000135e+03
