9.999999999999999167e-02 6.348360000000000127e+02 7.266689999999999827e+02 8.355760000000000218e+02 1.189148999999999887e+03 1.365892000000000053e+03 1.431942999999999984e+03 1.515138999999999896e+03 1.346644999999999982e+03 1.343641000000000076e+03 1.407445999999999913e+03 1.665648999999999887e+03 1.733440000000000055e+03 1.900964999999999918e+03
1.262600109874855159e-01 6.356346468559020195e+02 7.270183723200943859e+02 8.366663613257846919e+02 1.190706332825518530e+03 1.367004625248143611e+03 1.433079601779914810e+03 1.516828203750260172e+03 1.348198336736890269e+03 1.345481484248340394e+03 1.409864775359869100e+03 1.667635056048379511e+03 1.735604738297055292e+03 1.902927650386412552e+03
1.594159037455999683e-01 6.369783630302675874e+02 7.279217110394868087e+02 8.385169918757225105e+02 1.193243186198093554e+03 1.369068351921453313e+03 1.435370314785854589e+03 1.519829058125720167e+03 1.350843172310898126e+03 1.348573291743606433e+03 1.413695385561840112e+03 1.671014763917676646e+03 1.739134415805379831e+03 1.906216789532151324e+03
2.012785375849938385e-01 6.392979335143685375e+02 7.299209689464832991e+02 8.417340718580468319e+02 1.197506197744071869e+03 1.372898148635427106e+03 1.439852153735993397e+03 1.525230606455663747e+03 1.355452502009547743e+03 1.353903800452489122e+03 1.419974780637749063e+03 1.676902172513089681e+03 1.745070664140271901e+03 1.911876490770771170e+03
2.541343036702639058e-01 6.421516149246672285e+02 7.324849840261683767e+02 8.457102540385062639e+02 1.202686330578809475e+03 1.377657621728119693e+03 1.445485783030956782e+03 1.531908587911720133e+03 1.361139632995659667e+03 1.360465853702175536e+03 1.427647299108665493e+03 1.684154165275624564e+03 1.752319527802097355e+03 1.918790428249194974e+03
3.208699997370449974e-01 6.456081141020861196e+02 7.356286009824605117e+02 8.505363760833103015e+02 1.208933923738397652e+03 1.383439543101481604e+03 1.452353460331870792e+03 1.540008352171879551e+03 1.368036480757358049e+03 1.368417895363822026e+03 1.436927823089911726e+03 1.692942057134143397e+03 1.761077881035055725e+03 1.927142500398139873e+03
4.051304969235378084e-01 6.492576095369648783e+02 7.389763123671323228e+02 8.556571434619702359e+02 1.215492497898835609e+03 1.389555301457556652e+03 1.459639901765877312e+03 1.548564676985469760e+03 1.375337264403651488e+03 1.376829005278005525e+03 1.446751043322192345e+03 1.702227444405659071e+03 1.770298130759101241e+03 1.935919934317822253e+03
5.115178099293145042e-01 6.531536653132197898e+02 7.425523191811589641e+02 8.611390976242001898e+02 1.222481612299006656e+03 1.396089248791404998e+03 1.467426230887072506e+03 1.557703326622539862e+03 1.383146835404713102e+03 1.385821006553790085e+03 1.457265929742611434e+03 1.712146540171698689e+03 1.780129424794345141e+03 1.945275955465937386e+03
6.458424430196978427e-01 6.574173257401422461e+02 7.464680460462717519e+02 8.671548754603114730e+02 1.230116493395441466e+03 1.403245147903503039e+03 1.475955517467255731e+03 1.567708873682491685e+03 1.391710194574753359e+03 1.395675192685723005e+03 1.468803432861906458e+03 1.723008488672865951e+03 1.790875395441575847e+03 1.955499042907284547e+03
8.154407395185152563e-01 6.612409158160197649e+02 7.499754736653923146e+02 8.725708583911981577e+02 1.236944091813714522e+03 1.409669843953287227e+03 1.483607124360856005e+03 1.576694210713409802e+03 1.399429588475308492e+03 1.404538599764179480e+03 1.479199810046946823e+03 1.732764803696956733e+03 1.800487509557031444e+03 1.964655358724111693e+03
1.029575567312512652e+00 6.654348415673142654e+02 7.538186801982761835e+02 8.785154868269602275e+02 1.244422505996747759e+03 1.416718009305228634e+03 1.491998683134628436e+03 1.586552884142280163e+03 1.407916600208371165e+03 1.414272043810846071e+03 1.490620357798474970e+03 1.743472734058608012e+03 1.811024744293021058e+03 1.974697877958330992e+03
1.299942224413244807e+00 6.695232826487133480e+02 7.575559553917169069e+02 8.843162500699972952e+02 1.251690086046124406e+03 1.423590294655947673e+03 1.500175565297426601e+03 1.596168614146890377e+03 1.416232705661262571e+03 1.423784599412976377e+03 1.501786811503007584e+03 1.753925046868867867e+03 1.821287489677037911e+03 1.984488880140647780e+03
1.641307195375129924e+00 6.735361122534915239e+02 7.612099437439331950e+02 8.899977012348188055e+02 1.258786449853960221e+03 1.430323612032716255e+03 1.508186523142843043e+03 1.605597191786962640e+03 1.424433755445081260e+03 1.433138663702036183e+03 1.512758863284253948e+03 1.764182678280124037e+03 1.831412747466917835e+03 1.994101544051733072e+03
2.072314645219029305e+00 6.779384601196749145e+02 7.652092263407222390e+02 8.962212939242037919e+02 1.266545153614420542e+03 1.437701358298481864e+03 1.516964575585446028e+03 1.615933983869804706e+03 1.433456329437502063e+03 1.443412518203427680e+03 1.524803420675202005e+03 1.775433628164585116e+03 1.842578095148637885e+03 2.004649037532708007e+03
2.616504698748823632e+00 6.819759611885502864e+02 7.688611366241063934e+02 9.019013881557380046e+02 1.273597809541098059e+03 1.444440942807581678e+03 1.524990641889564131e+03 1.625395108234910595e+03 1.441772473213274452e+03 1.452857134094536832e+03 1.535857612780976751e+03 1.785735505526801944e+03 1.853110501558449641e+03 2.014324772059769202e+03
3.303599120128339450e+00 6.862748917998617344e+02 7.727432176037513045e+02 9.079352168207367413e+02 1.281073954054799742e+03 1.451597040620700909e+03 1.533521930605152647e+03 1.635458368083397772e+03 1.450633440560955023e+03 1.462919382484947391e+03 1.547629404916675412e+03 1.796686382171741570e+03 1.864607295370936072e+03 2.024620177795017980e+03
4.171124612056515524e+00 6.907679643476473075e+02 7.767918848995381040e+02 9.142220353856615702e+02 1.288841693459477028e+03 1.459048729846162814e+03 1.542418420649885093e+03 1.645961554039203065e+03 1.459903385817454364e+03 1.473444498453188316e+03 1.559935366894740810e+03 1.808106758647637662e+03 1.877015167406788805e+03 2.035371043891269892e+03
5.266462393484280469e+00 6.949247473552585461e+02 7.805276039922694054e+02 9.200165728161166498e+02 1.295961786897453749e+03 1.465886518655249347e+03 1.550620009014398192e+03 1.655649482498146654e+03 1.468464917243886021e+03 1.483179256204438843e+03 1.571325481376040216e+03 1.818617887514017411e+03 1.889186018664636094e+03 2.045264597895470843e+03
6.649435996665046034e+00 6.995083470812545556e+02 7.846423116950453505e+02 9.263982684047289240e+02 1.303782036462461292e+03 1.473397441765981057e+03 1.559651349033772931e+03 1.666318182565106099e+03 1.477895642003580861e+03 1.493911322022168861e+03 1.583892846057978431e+03 1.830181415360131041e+03 1.902924605605849592e+03 2.056135799827130086e+03
8.395578619995104575e+00 7.039624801754783903e+02 7.886317455427378036e+02 9.325875235867919173e+02 1.311320082738211568e+03 1.480634872323619220e+03 1.568404715473376655e+03 1.676657281611450799e+03 1.487035951689308149e+03 1.504334299588638260e+03 1.596128089460723004e+03 1.841362973119554908e+03 1.916898644608263794e+03 2.066604696291478376e+03
1.060025848806882465e+01 7.084497383068600129e+02 7.926431089680349942e+02 9.388222869583822785e+02 1.318871182030725777e+03 1.487879637893534664e+03 1.577213391412085912e+03 1.687063191059388373e+03 1.496237478150093921e+03 1.514836546793243997e+03 1.608498484011218125e+03 1.852596782046122371e+03 1.931300976310581746e+03 2.077051296613045906e+03
1.338388753173756385e+01 7.133704026186329656e+02 7.970355754447524532e+02 9.456592381632751767e+02 1.327117379924065972e+03 1.495787369022551502e+03 1.586865345508377231e+03 1.698466581223106459e+03 1.506323718824205798e+03 1.526355111422586788e+03 1.622100545956983069e+03 1.864891873996712093e+03 1.947338705320008103e+03 2.088426156729513878e+03
1.689849786812456856e+01 7.178133348256886848e+02 8.009847194227290856e+02 9.518426286460030497e+02 1.334495737921165301e+03 1.502860740172278383e+03 1.595572284305363837e+03 1.708758870699101180e+03 1.515456477352857064e+03 1.536772881201500468e+03 1.634496954216183440e+03 1.875967834438622049e+03 1.961955417828079590e+03 2.098512797931280602e+03
2.133604526501410703e+01 7.226673529278419892e+02 8.052889508675443722e+02 9.586064618774793189e+02 1.342529821396197576e+03 1.510566072952456125e+03 1.605079869367251831e+03 1.720004807529237496e+03 1.525452302872081873e+03 1.548164221180170898e+03 1.648096737985423715e+03 1.888066989477809102e+03 1.977821711476777637e+03 2.109456377415655425e+03
2.693889309590172587e+01 7.276635594205538382e+02 8.097014081480492678e+02 9.655828372665007464e+02 1.350752545865747834e+03 1.518458133380233221e+03 1.614857350725523247e+03 1.731582500238007242e+03 1.535772200437338370e+03 1.559905974125050989e+03 1.662192564550772204e+03 1.900517762435337090e+03 1.993974649917386841e+03 2.120588309560419475e+03
3.401304938279253065e+01 7.323854504340370113e+02 8.138488228490253960e+02 9.721994625815269728e+02 1.358478206873669933e+03 1.525888622800179746e+03 1.624084530482306718e+03 1.742534224476710961e+03 1.545550915488340479e+03 1.571025461505859766e+03 1.675628673862916003e+03 1.912302869853319635e+03 2.008648609294188191e+03 2.130983110940910592e+03
4.294487988789272492e+01 7.375694473554660817e+02 8.183902625230533658e+02 9.794771494000794974e+02 1.366936923425126452e+03 1.534034928875403693e+03 1.634207104335054055e+03 1.754563512281783915e+03 1.556294696518289129e+03 1.583245476524538162e+03 1.690439206416443994e+03 1.925254264440740144e+03 2.024246745364770504e+03 2.142335927542559148e+03
5.422221006501586515e+01 7.424594889044160482e+02 8.226520758537561733e+02 9.863713656971552837e+02 1.374875169326013747e+03 1.541707641235436995e+03 1.643739758451703892e+03 1.765923519947763680e+03 1.566429628984421015e+03 1.594797392522316841e+03 1.704520932876174811e+03 1.937505619924540497e+03 2.037427468241558927e+03 2.152952441294148684e+03
6.846096838574656829e+01 7.474864309671660294e+02 8.270217083759787329e+02 9.934768875591971664e+02 1.383014336506079189e+03 1.549593520311566408e+03 1.653526995478925073e+03 1.777607820045273684e+03 1.576822481576462906e+03 1.606689583914967216e+03 1.719057283919110205e+03 1.950125300314378592e+03 2.049199468829567650e+03 2.163838814827392980e+03
8.643882620598270705e+01 7.529448560698157280e+02 8.317554702403848523e+02 1.001209711503480889e+03 1.391831843255464264e+03 1.558154719552803272e+03 1.664142618303514382e+03 1.790300986975857541e+03 1.588082836689589612e+03 1.619618580176501609e+03 1.734898805447204495e+03 1.963852284900250652e+03 2.060290713834225699e+03 2.175633584306735884e+03
1.091376714651272692e+02 7.578124192541159800e+02 8.359670867082385257e+02 1.008140196021096926e+03 1.399663818219006316e+03 1.565780640218714098e+03 1.673587440440402133e+03 1.801632716392526163e+03 1.598028265699538451e+03 1.631181760089485351e+03 1.749132760986546145e+03 1.976128760112972259e+03 2.066361970261302758e+03 2.186139506009327761e+03
1.377972359833556766e+02 7.632010479308373760e+02 8.406291620205349773e+02 1.015826953157319053e+03 1.408322000004661504e+03 1.574213040869406314e+03 1.684034747969595173e+03 1.814182924547322500e+03 1.608986611537390672e+03 1.643999439718650592e+03 1.764936879287863121e+03 1.989724752079417840e+03 2.071801820325887547e+03 2.197769958420693911e+03
1.739828052930363924e+02 7.686300431010844250e+02 8.453259324380283033e+02 1.023600572107788366e+03 1.417020303467384110e+03 1.582687539334926214e+03 1.694542925457318461e+03 1.826838250817735798e+03 1.619919830448373204e+03 1.656947530509214630e+03 1.780954295754354234e+03 2.003432024527160820e+03 2.074718808146575611e+03 2.209488062083772547e+03
2.196707090793235295e+02 7.739258202284040635e+02 8.499149035556823719e+02 1.031215084242838884e+03 1.425485859355467255e+03 1.590927439170659000e+03 1.704784627443922545e+03 1.839199455450994037e+03 1.630472312959593637e+03 1.669626015510093794e+03 1.796684461528112934e+03 2.016798354334392343e+03 2.075977948598798321e+03 2.220919587369804503e+03
2.773562614198415304e+02 7.797561015640305868e+02 8.549720771076827077e+02 1.039617546470959496e+03 1.434795926527493748e+03 1.599982789436769963e+03 1.716056894021450944e+03 1.852819506574981460e+03 1.642023335629580743e+03 1.683615897760090093e+03 1.814068238331371958e+03 2.031509336098534732e+03 2.076555148219298189e+03 2.233504262949410986e+03
3.501900461431709459e+02 7.851675903721352370e+02 8.596779782149944822e+02 1.047453377505649996e+03 1.443428369645963357e+03 1.608357627602083085e+03 1.726524698064832819e+03 1.865488553867042810e+03 1.652630948365783979e+03 1.696672839808404888e+03 1.830334236077896776e+03 2.045146930420014996e+03 2.076404035844929695e+03 2.245177396404096726e+03
4.421499907374487179e+02 7.908431194911328248e+02 8.646179698835384215e+02 1.055688965750416855e+03 1.452491385664055088e+03 1.617128754841590080e+03 1.737511426136858063e+03 1.878786884270933797e+03 1.663725729508428685e+03 1.710405357149780457e+03 1.847457724446559723e+03 2.059434394394949777e+03 2.076612932591849130e+03 2.257411344610854030e+03
5.582586268862694396e+02 7.968591244982997068e+02 8.698596698513547381e+02 1.064439459285955309e+03 1.462109309235266210e+03 1.626411298181290931e+03 1.749167028823399960e+03 1.892896298049378856e+03 1.675449710688773393e+03 1.725007747307358159e+03 1.865684825999449231e+03 2.074560368447933342e+03 2.077273924698611609e+03 2.270368743574655582e+03
7.048574036451902884e+02 8.023504902146740960e+02 8.746384834808981168e+02 1.072445589896399724e+03 1.470942820603201653e+03 1.634864798977545661e+03 1.759812006634363570e+03 1.905771610539366520e+03 1.686164322401536538e+03 1.738388565575275834e+03 1.882409372693000478e+03 2.088319226181218255e+03 2.079885421894224237e+03 2.282166943199648358e+03
8.899530352885224147e+02 8.084125419826681309e+02 8.799067437923645230e+02 1.081290189389964780e+03 1.480735706402330379e+03 1.644188761954747179e+03 1.771561507999567766e+03 1.919978010280273338e+03 1.698014472853068810e+03 1.753176952460532220e+03 1.900907688308341221e+03 2.103482370829426600e+03 2.083940078267289209e+03 2.295170421838273796e+03
1.123654800138751625e+03 8.143800793128118585e+02 8.850745717909831001e+02 1.090008504335732823e+03 1.490473743447802008e+03 1.653351428530628482e+03 1.783120830516448905e+03 1.933944494965848662e+03 1.709737568919296564e+03 1.767764540606836135e+03 1.919187906482359267e+03 2.118353627123466140e+03 2.090538607272461832e+03 2.307922510205111394e+03
1.418726674116596314e+03 8.203347679705020710e+02 8.902021554528353136e+02 1.098708914552860733e+03 1.500318122645671792e+03 1.662471600022373877e+03 1.794629462829471549e+03 1.947851098110161729e+03 1.721499957268460776e+03 1.782331960597887473e+03 1.937488781527737501e+03 2.133128558943556527e+03 2.099499330578796616e+03 2.320570479891758623e+03
1.791284454622002158e+03 8.268949921340852143e+02 8.958296380399806367e+02 1.108294391704860800e+03 1.511260823916406707e+03 1.672502847161920045e+03 1.807288664946846211e+03 1.963150304074752057e+03 1.734505563172203210e+03 1.798388541235323601e+03 1.957695001779778977e+03 2.149359373208624675e+03 2.111016823651857521e+03 2.334446398850697278e+03
2.261675949222864801e+03 8.329534958430498364e+02 9.009778999525935888e+02 1.117144029891169339e+03 1.521620689309935415e+03 1.681734880742056930e+03 1.818927678122490306e+03 1.977235592078091486e+03 1.746616705630104661e+03 1.813229236090274298e+03 1.976455835917471404e+03 2.164253439199830609e+03 2.124190110370836919e+03 2.347112366527251197e+03
2.855592301990106080e+03 8.394788786912613432e+02 9.065066542714187108e+02 1.126678796457985982e+03 1.532921577532411447e+03 1.691679835535401708e+03 1.831444101701137697e+03 1.992403113629651671e+03 1.759701268368129831e+03 1.829228173109049067e+03 1.996724267430105101e+03 2.180267164163639791e+03 2.138870596209798805e+03 2.360681584438598748e+03
3.605471154250505606e+03 8.462897960212557109e+02 9.122531450830671247e+02 1.136635485766203601e+03 1.544929438569286958e+03 1.702062167052101586e+03 1.844479153588045619e+03 2.008229556651521762e+03 1.773418118181746649e+03 1.845948914164728421e+03 2.017971710163019907e+03 2.196939755648224491e+03 2.154926231190082490e+03 2.374736123244163537e+03
4.552268275507309227e+03 8.526342930290817321e+02 9.175933556967504501e+02 1.145928384099656341e+03 1.556309400081984450e+03 1.711787010193345850e+03 1.856599426877092810e+03 2.023003453562889035e+03 1.786255419680718205e+03 1.861577222746009511e+03 2.037911125904671508e+03 2.212451144041357111e+03 2.169909070724875619e+03 2.387690473343809572e+03
5.747694424835346581e+03 8.596166979905331118e+02 9.234663141231138752e+02 1.156164555730854545e+03 1.568850892809685774e+03 1.722533981150005047e+03 1.869929274338306186e+03 2.039282077383874139e+03 1.800410329922829078e+03 1.878805843339173634e+03 2.059931974998147780e+03 2.229514523076818023e+03 2.186313417030253731e+03 2.401876561069471336e+03
7.257039612324216250e+03 8.663288440788675189e+02 9.291073925139543235e+02 1.166022277770361825e+03 1.580801400708631036e+03 1.732985116123163607e+03 1.882728472398007398e+03 2.054975838942320934e+03 1.814066138439115775e+03 1.895430544284293092e+03 2.081260113158656168e+03 2.245905879921744145e+03 2.201739107037564281e+03 2.415367871133923927e+03
9.162739011886731532e+03 8.731387887447623370e+02 9.348270319715239793e+02 1.176036440850146846e+03 1.592525625725452301e+03 1.743744870903642095e+03 1.895708271781409394e+03 2.070935237759009397e+03 1.827961825789999466e+03 1.912354162657168899e+03 2.103031708533556866e+03 2.262521217527952558e+03 2.216971941776136646e+03 2.428943430961659487e+03
1.156887528316283351e+04 8.806010502448548323e+02 9.410913995704461286e+02 1.187020549372472942e+03 1.605027733942127952e+03 1.755668907240856015e+03 1.909926404157441766e+03 2.088454091566221450e+03 1.843223291800344214e+03 1.930946759706909916e+03 2.127000619732384166e+03 2.280715122514460290e+03 2.233307988814645796e+03 2.443725309812250998e+03
1.460686320364988933e+04 8.872969823218688816e+02 9.467003484590665039e+02 1.196897063640632268e+03 1.615025088362614042e+03 1.766782153977086637e+03 1.922671282041356790e+03 2.104224020536134049e+03 1.857012945546720630e+03 1.947749322705796430e+03 2.148773818087983273e+03 2.296984601204996579e+03 2.246914936876164575e+03 2.456796860835231200e+03
1.844262708585532891e+04 8.946863753798158996e+02 9.528838087387712221e+02 1.207805284595595822e+03 1.625433120695060097e+03 1.779244187101624220e+03 1.936727191341698699e+03 2.121639745864676115e+03 1.872281735100769083e+03 1.966345440476617341e+03 2.172918739615559389e+03 2.314906498730472322e+03 2.261443940852619562e+03 2.471177962336035307e+03
2.328566298498196556e+04 9.022804754510921157e+02 9.592266765539499147e+02 1.219032198602127210e+03 1.634964510567001298e+03 1.792420415902682635e+03 1.951155918187682346e+03 2.139561416980463036e+03 1.888068653358783649e+03 1.985556317513330441e+03 2.197950346576059928e+03 2.333264234097372992e+03 2.275466982379352430e+03 2.485875036413473026e+03
2.940048064334707669e+04 9.095702530745940066e+02 9.652991428355006747e+02 1.229832974613802890e+03 1.642775729209073461e+03 1.805415820223007131e+03 1.964976585786121632e+03 2.156777637889048037e+03 1.903347530283185279e+03 2.004101526346222272e+03 2.222220897687398065e+03 2.350806962521555306e+03 2.288108945878093891e+03 2.500066473578546720e+03
3.712105009066357161e+04 9.175954415991715223e+02 9.719729412711238865e+02 1.241737176584071676e+03 1.650657476129444831e+03 1.819890204510859348e+03 1.980173353179742890e+03 2.175735266744066394e+03 1.920241001736699445e+03 2.024573916620946648e+03 2.249076488417802011e+03 2.370075443783578976e+03 2.301649938403556007e+03 2.515790293798637776e+03
4.686904192314192187e+04 9.251398006806175545e+02 9.782175636236272567e+02 1.252956715445739746e+03 1.656780173086395735e+03 1.833734442774320314e+03 1.994419404692585658e+03 2.193557396114637868e+03 1.936276293413830672e+03 2.043922215597915510e+03 2.274591930062415486e+03 2.388105386882530183e+03 2.313926564438486366e+03 2.530950485469267278e+03
5.917685748188818980e+04 9.329568648037160301e+02 9.846623422843903199e+02 1.264597849014415715e+03 1.662702984277630776e+03 1.848131332458743145e+03 2.009159875947916589e+03 2.212019078270460341e+03 1.952981198494014507e+03 2.064028321816525022e+03 2.301207666282903574e+03 2.406763275378990329e+03 2.326759592543748113e+03 2.547067970221868563e+03
7.471670675868081162e+04 9.413873801118206757e+02 9.915866335754266174e+02 1.277169001101000049e+03 1.668658190365193150e+03 1.863711645316222985e+03 2.025036042497094741e+03 2.231924772100569044e+03 1.971089416783894421e+03 2.085772253251052462e+03 2.330094820740323939e+03 2.426860945382378759e+03 2.340715339907480029e+03 2.564870473030326593e+03
9.433732216299773427e+04 9.489831039202923648e+02 9.977685871268699884e+02 1.288525652806746393e+03 1.674133214883051551e+03 1.877802866402541895e+03 2.039332547922519325e+03 2.249875489126463435e+03 1.987530038494884820e+03 2.105493078194688223e+03 2.356570626805731990e+03 2.445040730643686857e+03 2.354244149526496585e+03 2.581784755370929815e+03
1.191103133283005591e+05 9.573886512055852336e+02 1.004584316195535393e+03 1.301104999708878722e+03 1.680507789973279387e+03 1.893468867722177038e+03 2.055159560470924589e+03 2.269759674235490365e+03 2.005753200389005087e+03 2.127386225873322473e+03 2.386140358933590960e+03 2.465238428552964251e+03 2.369839814822768858e+03 2.600776367439133992e+03
1.503886946955410240e+05 9.658016355329225462e+02 1.011353886052522284e+03 1.313719484811971824e+03 1.687623637366729554e+03 1.909313404728460910e+03 2.071016575946990997e+03 2.289705884259270533e+03 2.024045389243119416e+03 2.149446288678251676e+03 2.416317666332013232e+03 2.485633239565423537e+03 2.386799303104116007e+03 2.620312659730559972e+03
1.898807824465261365e+05 9.741171773484412597e+02 1.017986321551086121e+03 1.326187580818710558e+03 1.695761880118421914e+03 1.925299811795187225e+03 2.086714861748811927e+03 2.309473129166395211e+03 2.042111532553234383e+03 2.171403363352309043e+03 2.446861919089308685e+03 2.506060609193288656e+03 2.405207904692222655e+03 2.639674872600297022e+03
2.397434967801078456e+05 9.833044871536598066e+02 1.025276166486758257e+03 1.339957201311591234e+03 1.705485561715085851e+03 1.943196872161313422e+03 2.104077201748183597e+03 2.331348312192596950e+03 2.062055615350061089e+03 2.195758990516051199e+03 2.481078720882714151e+03 2.528817453211082920e+03 2.426625433148745287e+03 2.661016315133579610e+03
3.027001653763461509e+05 9.918639465145470240e+02 1.031994773664953300e+03 1.352740140447050180e+03 1.716079491355719028e+03 1.960482764287886539e+03 2.120302635123003256e+03 2.351810251635979512e+03 2.080561242277646215e+03 2.218624873305117490e+03 2.513915047513643913e+03 2.550474851180311816e+03 2.448767764517017440e+03 2.680256151358860734e+03
3.821892620633114711e+05 1.000938441399372550e+03 1.039100400849178868e+03 1.366239988363745852e+03 1.728012547246851454e+03 1.979216659447771463e+03 2.137542934903238802e+03 2.373550475028261644e+03 2.100115945607197318e+03 2.242938346820808420e+03 2.549051449713306738e+03 2.573658749876342426e+03 2.473160304044498389e+03 2.699937583709243881e+03
4.825522042741279001e+05 1.010526929813874176e+03 1.046586343879292144e+03 1.380437354777133578e+03 1.741522892048817539e+03 1.999535647672364121e+03 2.155809284030310664e+03 2.396582550484374224e+03 2.120695483537253949e+03 2.268721101256990551e+03 2.586594588243116050e+03 2.598442730441579897e+03 2.500113587754479795e+03 2.719813896687986926e+03
6.092704661368674133e+05 1.019390768599817534e+03 1.053556693962955478e+03 1.393412567302076695e+03 1.754993260788345424e+03 2.019219142729331679e+03 2.172802742905600553e+03 2.417960223712342668e+03 2.139552716734696787e+03 2.292671083779272521e+03 2.621026663352649393e+03 2.621465061277803670e+03 2.525942048482299015e+03 2.736300129719242250e+03
7.692649574879145948e+05 1.029201783296525264e+03 1.061323148780634483e+03 1.407693177800515741e+03 1.770239109076700743e+03 2.041427486722579715e+03 2.191678456873932191e+03 2.441660957657744348e+03 2.160328402183558410e+03 2.319235467008740670e+03 2.658658753882690235e+03 2.646822043609100547e+03 2.554644328393972501e+03 2.753608322188855254e+03
9.712740198471168987e+05 1.038869605933810817e+03 1.069110057712307025e+03 1.421587828098026648e+03 1.785820307896379518e+03 2.064173133823152966e+03 2.210431006598169006e+03 2.465093033697318333e+03 2.180584206681019168e+03 2.345525818388399784e+03 2.694394884129940237e+03 2.671366798815925449e+03 2.582832815710688919e+03 2.768685155659089560e+03
1.226330684177561896e+06 1.048672956796404151e+03 1.077155415155607216e+03 1.435508806865169845e+03 1.801812855048650135e+03 2.087826347033636921e+03 2.229644889070604677e+03 2.488913078615080394e+03 2.200859861285632633e+03 2.372291992212626610e+03 2.728775490400303170e+03 2.695294111741815414e+03 2.610326581249300034e+03 2.782469330616916068e+03
1.548365256585499039e+06 1.059536006002184195e+03 1.086182126831965888e+03 1.450808064992384971e+03 1.819662225808912126e+03 2.114459086964594007e+03 2.251090983344479810e+03 2.515351987862286933e+03 2.223122413366178534e+03 2.402032450442859044e+03 2.765445207359603046e+03 2.721041970654615398e+03 2.639888793123879168e+03 2.796646686472330202e+03
1.954966143091259757e+06 1.069688500023396273e+03 1.094836233447183986e+03 1.464852163546421707e+03 1.836340030625451391e+03 2.139897233888323171e+03 2.271543650394973611e+03 2.540139880181311128e+03 2.243416310890209388e+03 2.429996900714130334e+03 2.796332301083079983e+03 2.742883871061660557e+03 2.664376657734807850e+03 2.808201255502968706e+03
2.468340467068651225e+06 1.080686111780639521e+03 1.104287687922345185e+03 1.479981068680793442e+03 1.854375122654993675e+03 2.167553451387047517e+03 2.293883632659171781e+03 2.567027656878211019e+03 2.265179306199558141e+03 2.460351620171210925e+03 2.828399344061012471e+03 2.765522923764131065e+03 2.689362121861641299e+03 2.820282730553473812e+03
3.116526944929430261e+06 1.092060000781760664e+03 1.114186249149544210e+03 1.495492137125893123e+03 1.872977414907037883e+03 2.196317550878788097e+03 2.317285053066231285e+03 2.594894036351605337e+03 2.287332863833784813e+03 2.491845299676028390e+03 2.859326916849634927e+03 2.787295030258889710e+03 2.712725205470764195e+03 2.832078324331896056e+03
3.934927263095845468e+06 1.102334991848292475e+03 1.123221040178465501e+03 1.509420156251889921e+03 1.889776512961947901e+03 2.222253899294371422e+03 2.338784085127864728e+03 2.620176646740593696e+03 2.306943938085588343e+03 2.520348738985553155e+03 2.884959708687032617e+03 2.805125028619780096e+03 2.731140947612898344e+03 2.842299334598184032e+03
4.968239594734387472e+06 1.113358403207761739e+03 1.132940836470026170e+03 1.524343342751099044e+03 1.907827642789215133e+03 2.249973903398342372e+03 2.362057152132285864e+03 2.647385404929341803e+03 2.327759927923652867e+03 2.550915246115937862e+03 2.911317418144943986e+03 2.823310361466567429e+03 2.749613091642118889e+03 2.853069362027866646e+03
6.272899858196243644e+06 1.123174785523595574e+03 1.141600887877447121e+03 1.537650546797259040e+03 1.924030221815800587e+03 2.274267160616303045e+03 2.383241595208960462e+03 2.671846017852976729e+03 2.345822823272740152e+03 2.578016562293971674e+03 2.932668004204788758e+03 2.837673240453234030e+03 2.763789211363032791e+03 2.862344870106519465e+03
7.920164050192541443e+06 1.132751820621461093e+03 1.150019987477982795e+03 1.550747972426903289e+03 1.940160572585512000e+03 2.297388046666465925e+03 2.404433904635397084e+03 2.696083436100165727e+03 2.363012089108491182e+03 2.604146451060169966e+03 2.951928430518013101e+03 2.850433523586139472e+03 2.776618530813234884e+03 2.871063490576611002e+03
1.000000000000000000e+07 1.142839999999999918e+03 1.158861000000000104e+03 1.564650000000000091e+03 1.957449000000000069e+03 2.321208999999999833e+03 2.427239999999999782e+03 2.721958000000000084e+03 2.380719999999999800e+03 2.631385000000000218e+03 2.970771999999999935e+03 2.862722000000000207e+03 2.789210999999999785e+03 2.879943000000000211e+03
