9.999999999999999167e-02 6.163709999999999809e+02 6.963319999999999936e+02 7.985049999999999955e+02 1.138598999999999933e+03 1.289597999999999956e+03 1.362703999999999951e+03 1.434816000000000031e+03 1.325752999999999929e+03 1.302846000000000004e+03 1.359979000000000042e+03 1.578886999999999944e+03 1.660896999999999935e+03 1.793846999999999980e+03
1.262600109874855159e-01 6.170931503021557774e+02 6.969713741805649079e+02 7.994880378026184644e+02 1.139761290921098180e+03 1.290760861790902254e+03 1.364064953612916497e+03 1.436399021966702094e+03 1.327217281047454208e+03 1.304490675905542275e+03 1.361885705145612974e+03 1.580611597678112730e+03 1.662642148991059685e+03 1.795489963296130099e+03
1.594159037455999683e-01 6.183212274473698926e+02 6.980624236204248518e+02 8.011600151241258345e+02 1.141738966261247697e+03 1.292740389160130007e+03 1.366382228168912661e+03 1.439092394304582513e+03 1.329703293697367599e+03 1.307285887360985043e+03 1.365124455410127439e+03 1.583544333714425420e+03 1.665612896825270354e+03 1.798285920073673651e+03
2.012785375849938385e-01 6.204593931848335160e+02 6.999671734601172375e+02 8.040713710229564413e+02 1.145183753600365208e+03 1.296189616475563753e+03 1.370420703769752208e+03 1.443783546423918324e+03 1.334025927782450481e+03 1.312150198556656278e+03 1.370758151073180443e+03 1.588650306478169796e+03 1.670789274927744373e+03 1.803156574092653955e+03
2.541343036702639058e-01 6.232240462467322004e+02 7.024257560386803334e+02 8.078354667649965677e+02 1.149636122081091798e+03 1.300647465823738230e+03 1.375638024168501488e+03 1.449846516769872096e+03 1.339615308036839679e+03 1.318438650838227886e+03 1.378043768233698074e+03 1.595249981666132271e+03 1.677479956542591935e+03 1.809450560206609453e+03
3.208699997370449974e-01 6.266290707686650876e+02 7.054527411954669560e+02 8.124712968638082202e+02 1.155119604094986244e+03 1.306137025016962752e+03 1.382063391042155672e+03 1.457313657705316018e+03 1.346501190118601244e+03 1.326184507562523095e+03 1.387018396920085024e+03 1.603378342242092913e+03 1.685718916355222973e+03 1.817202012668894668e+03
4.051304969235378084e-01 6.303066530359393482e+02 7.087233631890959487e+02 8.174779241363503388e+02 1.161044132953900544e+03 1.312064541836769877e+03 1.389008607342165760e+03 1.465382347301146183e+03 1.353948981440837315e+03 1.334557371577274580e+03 1.396717915571389767e+03 1.612161752083561396e+03 1.694612880749737542e+03 1.825578462236717996e+03
5.115178099293145042e-01 6.342242672245291715e+02 7.122055038906830760e+02 8.228099718215221401e+02 1.167355913953445906e+03 1.318375813345301822e+03 1.396409171810234056e+03 1.473979845131253342e+03 1.361894752172109975e+03 1.343481892913990578e+03 1.407057097945371879e+03 1.621520955465937277e+03 1.704079569540125476e+03 1.834502492218968882e+03
6.458424430196978427e-01 6.385023429779297430e+02 7.160059081439719648e+02 8.286311427501805156e+02 1.174249060978376747e+03 1.325264373675444176e+03 1.404492893753824546e+03 1.483370775089552808e+03 1.370584573069888847e+03 1.353233206034239629e+03 1.418354782451442134e+03 1.631744042907284438e+03 1.714408806203719678e+03 1.844248563402316904e+03
8.154407395185152563e-01 6.421525237078474220e+02 7.192463001630932240e+02 8.335960000519100959e+02 1.180134813993178568e+03 1.331133716260116444e+03 1.411400458195104875e+03 1.491391274017851856e+03 1.378035707466641043e+03 1.361571789350683275e+03 1.428016314561276886e+03 1.640476451753477477e+03 1.723199964499276120e+03 1.852570691617621151e+03
1.029575567312512652e+00 6.460584156506610043e+02 7.227115755357332318e+02 8.389069197935884858e+02 1.186435050459387185e+03 1.337408583821588309e+03 1.418797284087256912e+03 1.499978234832170301e+03 1.386030986702917289e+03 1.370505531566990612e+03 1.438367595291881344e+03 1.649826078781055458e+03 1.732592862622501116e+03 1.861479064929191509e+03
1.299942224413244807e+00 6.496552244889182930e+02 7.258975513617064053e+02 8.437934086628434898e+02 1.192241407495329895e+03 1.343173919709556912e+03 1.425620468366916384e+03 1.507895937923678957e+03 1.393443383835292707e+03 1.378756997635195830e+03 1.447928630432526234e+03 1.658447978246116236e+03 1.741210411359746331e+03 1.869689509849422848e+03
1.641307195375129924e+00 6.533388345696287161e+02 7.291510126184973615e+02 8.487894790963499645e+02 1.198202835150980491e+03 1.349053096340271850e+03 1.432640380667166255e+03 1.516030918248296075e+03 1.401148088362108638e+03 1.387264158797819846e+03 1.457783808718655109e+03 1.667308407282399912e+03 1.749966100399254174e+03 1.878127134680421705e+03
2.072314645219029305e+00 6.574763105861628674e+02 7.327990679873635145e+02 8.543955890382014786e+02 1.204908438590895912e+03 1.355639991308034951e+03 1.440546139927753529e+03 1.525185411621444018e+03 1.409876710114615889e+03 1.396856874482499734e+03 1.468895277326185578e+03 1.677280559667310172e+03 1.759754601875015624e+03 1.887622887425343606e+03
2.616504698748823632e+00 6.613882293349929569e+02 7.362351889320781311e+02 8.596847861890311151e+02 1.211265969844646406e+03 1.361834796175247902e+03 1.448060443537978017e+03 1.533874175238853240e+03 1.418275985848727714e+03 1.406001389899885453e+03 1.479486052983342461e+03 1.686748169504342968e+03 1.768918573708182976e+03 1.896632387108971670e+03
3.303599120128339450e+00 6.654695777990971237e+02 7.398144137153921065e+02 8.651988539486649188e+02 1.217902640288939438e+03 1.368282761402899723e+03 1.455912400659443847e+03 1.542949774864831852e+03 1.427095705768713742e+03 1.415568794854738371e+03 1.490569166070194342e+03 1.696638526735348933e+03 1.778443973574897200e+03 1.906036400111333478e+03
4.171124612056515524e+00 6.696188651519402129e+02 7.434451207741756207e+02 8.707987471240703599e+02 1.224655149117932751e+03 1.374816615107905363e+03 1.463912340195789511e+03 1.552191340105238623e+03 1.436142480898665099e+03 1.425333455391764801e+03 1.501884407486473947e+03 1.706711497447201964e+03 1.788077699037677576e+03 1.915603045536076024e+03
5.266462393484280469e+00 6.733084151461174542e+02 7.466654672186032258e+02 8.757738143768518739e+02 1.230653355362202547e+03 1.380606773394630409e+03 1.471028972046851095e+03 1.560413650447965438e+03 1.444242144179691422e+03 1.434038531515975137e+03 1.511984437014983769e+03 1.715673923191111271e+03 1.796609333830029755e+03 1.924089021550946427e+03
6.649435996665046034e+00 6.774120463425954313e+02 7.502453861725141451e+02 8.813076155094920523e+02 1.237316229807476020e+03 1.387043708353447528e+03 1.478935137816278257e+03 1.569552303161675582e+03 1.453245046319086896e+03 1.443714661852087602e+03 1.523218943842000726e+03 1.725634977140435694e+03 1.806101140151055688e+03 1.933506140645062487e+03
8.395578619995104575e+00 6.816194418922182194e+02 7.539152244909714682e+02 8.869856402951733116e+02 1.244123247228999162e+03 1.393646845868389619e+03 1.487008292315307017e+03 1.578897105005955609e+03 1.462417805359315025e+03 1.453600082187391763e+03 1.534713974610942614e+03 1.735819788689908364e+03 1.815865946847931809e+03 1.943104414805632132e+03
1.060025848806882465e+01 6.856873904444552181e+02 7.574564952773212099e+02 8.924758742463670842e+02 1.250681455825276316e+03 1.400017928872570337e+03 1.494790599541443726e+03 1.587916556390649703e+03 1.471285016141788901e+03 1.463147451557783825e+03 1.545840497496954185e+03 1.745650288115593867e+03 1.825307502390447553e+03 1.952323153712460680e+03
1.338388753173756385e+01 6.900273296378401255e+02 7.612280066596164261e+02 8.983332104894095664e+02 1.257656732287300429e+03 1.406802593866593952e+03 1.503071922705378483e+03 1.597524665136241083e+03 1.480745280908622135e+03 1.473323820329298997e+03 1.557722348827909627e+03 1.756122712943093347e+03 1.835379653384291942e+03 1.962101868156702949e+03
1.689849786812456856e+01 6.940804596075876134e+02 7.647182180482136573e+02 9.037956701576817977e+02 1.264075398338001378e+03 1.413078932721854244e+03 1.510714602636867312e+03 1.606434347570814225e+03 1.489616622139525589e+03 1.482791773926395763e+03 1.568866858694562097e+03 1.765836979727401513e+03 1.844759886954811236e+03 1.970989475352799673e+03
2.133604526501410703e+01 6.986026427111277144e+02 7.685985652698957438e+02 9.098876814956166754e+02 1.271195974240434225e+03 1.420055456575750213e+03 1.519202939962116034e+03 1.616348230796451844e+03 1.499529792483481287e+03 1.493341314526590395e+03 1.581325026287943501e+03 1.776647428714084072e+03 1.855215462562686753e+03 1.980799110320052023e+03
2.693889309590172587e+01 7.034201634428045509e+02 7.727089736660888093e+02 9.163731479610829638e+02 1.278712222266889057e+03 1.427443254339823625e+03 1.528179832803863746e+03 1.626863983217220266e+03 1.510116128959320349e+03 1.504555912681797963e+03 1.594637433431245427e+03 1.788116383824501554e+03 1.866336584536854389e+03 1.991068772386654473e+03
3.401304938279253065e+01 7.078664615336952011e+02 7.764822427396989042e+02 9.223594871593414837e+02 1.285588104437527818e+03 1.434221350980669285e+03 1.536406947645204809e+03 1.636533219813992673e+03 1.519897620676680845e+03 1.514891844227673573e+03 1.606975095782810513e+03 1.798661134282336661e+03 1.876586225713098884e+03 2.000385747341360229e+03
4.294487988789272492e+01 7.126810509051975941e+02 7.805591467454559051e+02 9.288432695661045955e+02 1.293006389331169885e+03 1.441542184160458191e+03 1.545290177778296766e+03 1.646988191268492074e+03 1.530488872844841580e+03 1.526079522651413072e+03 1.620362409994381551e+03 1.810061107856579611e+03 1.887678006501061873e+03 2.010402494273195998e+03
5.422221006501586515e+01 7.170659752412054786e+02 7.842609256990853055e+02 9.347550117620214678e+02 1.299726801856050542e+03 1.448182333137762498e+03 1.553348517257888261e+03 1.656493085060416433e+03 1.540116274156750706e+03 1.536269975766996140e+03 1.632608937595620773e+03 1.820418726405836651e+03 1.897769488024144948e+03 2.019428824206263243e+03
6.846096838574656829e+01 7.216941335296526177e+02 7.881775238438051474e+02 9.410062506789773806e+02 1.306843573973624416e+03 1.455201557098878538e+03 1.561877711762202352e+03 1.666547812036781352e+03 1.550242134241398617e+03 1.547049419658703528e+03 1.645558027033416693e+03 1.831368242044992485e+03 1.908427810699542533e+03 2.029010610629861958e+03
8.643882620598270705e+01 7.268341560062007147e+02 7.925360726550458139e+02 9.479595827170375060e+02 1.314769289135380632e+03 1.463007045542895185e+03 1.571372319531823905e+03 1.677735502650175249e+03 1.561454927136518563e+03 1.559043025632769513e+03 1.659960791466802903e+03 1.843544830441112708e+03 1.920271463569614525e+03 2.039702861472351287e+03
1.091376714651272692e+02 7.312085939949795375e+02 7.962566352356238895e+02 9.539072930758678694e+02 1.321541691970297961e+03 1.469654111060006471e+03 1.579483535865458634e+03 1.687294654036055590e+03 1.570903881378590540e+03 1.569302721211209018e+03 1.672308427590581459e+03 1.853929052930485796e+03 1.930359594182873479e+03 2.048855921013007446e+03
1.377972359833556766e+02 7.360366054800741722e+02 8.003705177679868257e+02 9.604974686882582091e+02 1.329028270706742205e+03 1.476985501697630752e+03 1.588451252833668832e+03 1.697870718780491870e+03 1.581249097374838357e+03 1.580668979105260632e+03 1.686022022421887414e+03 1.865400149051225753e+03 1.941499348690682154e+03 2.058974806347802314e+03
1.739828052930363924e+02 7.408819523242818832e+02 8.045149850971442902e+02 9.671658545573019410e+02 1.336566173469681189e+03 1.484332198510578337e+03 1.597483069625557164e+03 1.708538756980502967e+03 1.591454479866345764e+03 1.592166412294906195e+03 1.699966891771422752e+03 1.876933315811853390e+03 1.952690852360341751e+03 2.069163262410949756e+03
2.196707090793235295e+02 7.458128535593153856e+02 8.087529993339124985e+02 9.740221670081832599e+02 1.344271020109718393e+03 1.491796131429536445e+03 1.606716164848854532e+03 1.719465605159128245e+03 1.601622439820999489e+03 1.603981926475070168e+03 1.714387531561538708e+03 1.888699442719075478e+03 1.964097617329112836e+03 2.079574921610225829e+03
2.773562614198415304e+02 7.513131399787976079e+02 8.134909749421209426e+02 9.817094163594450720e+02 1.352883276878716060e+03 1.500114795976139476e+03 1.617038064277977583e+03 1.731692973050184492e+03 1.612843279957595314e+03 1.617226134597256305e+03 1.730603337857894303e+03 1.901839720275319451e+03 1.976829997066692385e+03 2.091211241762748159e+03
3.501900461431709459e+02 7.562760511086578390e+02 8.177792347627913614e+02 9.887105597514607780e+02 1.360676867840256364e+03 1.507607946980765519e+03 1.626385019056356441e+03 1.742786644092920596e+03 1.622769102217315776e+03 1.629282998293941546e+03 1.745459350064048976e+03 1.913716914928463893e+03 1.988324651339052934e+03 2.101737943936297597e+03
4.421499907374487179e+02 7.613630103330812062e+02 8.221749894581308808e+02 9.959076447082700270e+02 1.368667029629104945e+03 1.515284707634949882e+03 1.635972371221112780e+03 1.754174817791530131e+03 1.632887608786719056e+03 1.641676375749104636e+03 1.760766966795466260e+03 1.925894068522981343e+03 2.000102053429860234e+03 2.112526254702305778e+03
5.582586268862694396e+02 7.666138274334045946e+02 8.267127165516510559e+02 1.003362202980302868e+03 1.376916732100504760e+03 1.523204239664843271e+03 1.645876833242546127e+03 1.765950896871915347e+03 1.643264208027268751e+03 1.654511995871561794e+03 1.776665943440299770e+03 1.938467245473984804e+03 2.012253237390536469e+03 2.123660227164692515e+03
7.048574036451902884e+02 7.715651163043091856e+02 8.309691447990039705e+02 1.010371064759630485e+03 1.384664665221151381e+03 1.530677821026914899e+03 1.655187356764655533e+03 1.777023006922814147e+03 1.653145813734162857e+03 1.666583602516525389e+03 1.791619165324633059e+03 1.950300061487261473e+03 2.023680248654300613e+03 2.134106827913878533e+03
8.899530352885224147e+02 7.770236292805974472e+02 8.356485601153145808e+02 1.018088035188129652e+03 1.393187781224029322e+03 1.538919765349786076e+03 1.665435778965626014e+03 1.789212631583605116e+03 1.664091062416835484e+03 1.679876091906918418e+03 1.808089425257102221e+03 1.963331915034814529e+03 2.036259396891760616e+03 2.145592721148858345e+03
1.123654800138751625e+03 7.823206220785118603e+02 8.401600578897604237e+02 1.025555491024927960e+03 1.401416629561939772e+03 1.546923656812367881e+03 1.675345623734562650e+03 1.801004945149933974e+03 1.674825337053047633e+03 1.692741276724813815e+03 1.824043441017008718e+03 1.975948658468418898e+03 2.048424372534526356e+03 2.156668757191819623e+03
1.418726674116596314e+03 7.875245571470875348e+02 8.445430991241391894e+02 1.032881546304516633e+03 1.409434167213601540e+03 1.554768037972980665e+03 1.685029459659731401e+03 1.812547974051297160e+03 1.685491693006639935e+03 1.705364443355953426e+03 1.839760410229417403e+03 1.988296800043138774e+03 2.060352038731489756e+03 2.167445917722601280e+03
1.791284454622002158e+03 7.932423265407303461e+02 8.493204135681710341e+02 1.040922901475021035e+03 1.418190895373268859e+03 1.563370589564082593e+03 1.695628772411552973e+03 1.825197714055140750e+03 1.697305920897931401e+03 1.719221123359291823e+03 1.857062697132087351e+03 2.001827457354248736e+03 2.073442360034605827e+03 2.179206411877577921e+03
2.261675949222864801e+03 7.989712194961192608e+02 8.540059301345717131e+02 1.048957896713435048e+03 1.426824703030545606e+03 1.571930498725006146e+03 1.706141126765810895e+03 1.837784504771316051e+03 1.709394190011723140e+03 1.733067120993487151e+03 1.874482214911367237e+03 2.015288127114601821e+03 2.086553478177287616e+03 2.190786188956938986e+03
2.855592301990106080e+03 8.051013375736472426e+02 8.589836395190664007e+02 1.057549221912584926e+03 1.436014204963697239e+03 1.581098550224242672e+03 1.717352036414797340e+03 1.851223239962669822e+03 1.722415352015277222e+03 1.747875535945784804e+03 1.893161946179995766e+03 2.029657884344796003e+03 2.100516863942814780e+03 2.203087177972109203e+03
3.605471154250505606e+03 8.114397471126267192e+02 8.640765801523820073e+02 1.066422866868300162e+03 1.445442532978429881e+03 1.590591077667102127e+03 1.728887389660658300e+03 1.865074266581071697e+03 1.736008296932608800e+03 1.763176185651294645e+03 1.912536691594445756e+03 2.044465482442290750e+03 2.114855806214981840e+03 2.215671549873565255e+03
4.552268275507309227e+03 8.171240855548725222e+02 8.685957689827151853e+02 1.074374908328209585e+03 1.453835899360069561e+03 1.599197543353601759e+03 1.739183967233723251e+03 1.877460745293890341e+03 1.748298448338685603e+03 1.776903106579217592e+03 1.929991490988591295e+03 2.057701970649723989e+03 2.127450700562501424e+03 2.226793439461638627e+03
5.747694424835346581e+03 8.233483952182872372e+02 8.735334094798291744e+02 1.083082913871488699e+03 1.463013880340298101e+03 1.608694414259186033e+03 1.750448696198378912e+03 1.891018552604046135e+03 1.761771638936076670e+03 1.791945025587179089e+03 1.949140317212076070e+03 2.072187364788674131e+03 2.141070863956092126e+03 2.238905520191374762e+03
7.257039612324216250e+03 8.294062030204393068e+02 8.783422475550968329e+02 1.091565550704372527e+03 1.471955285077739745e+03 1.618125658830976590e+03 1.761418915175101120e+03 1.904225950525704775e+03 1.774851702870945701e+03 1.806621333758359015e+03 1.967839526410874441e+03 2.086292802406639112e+03 2.153924894833071448e+03 2.250594049074436953e+03
9.162739011886731532e+03 8.355425840286857238e+02 8.832257930060060289e+02 1.100168851421258523e+03 1.481035898127942119e+03 1.627892698875864426e+03 1.772549557226569732e+03 1.917626835124956415e+03 1.788042834149242481e+03 1.821533335043334318e+03 1.986842226309379384e+03 2.100598827155999061e+03 2.166505066870190149e+03 2.262343907494797350e+03
1.156887528316283351e+04 8.422531033257272384e+02 8.885758534209013533e+02 1.109586101416032761e+03 1.490984773541041250e+03 1.638759274032726807e+03 1.784736068148878758e+03 1.932299825968404093e+03 1.802419930766081507e+03 1.837879587772249579e+03 2.007676936444331432e+03 2.116257647594101400e+03 2.179875765572400724e+03 2.275111684845575837e+03
1.460686320364988933e+04 8.479562959695116433e+02 8.931036009465983625e+02 1.117612431533734934e+03 1.499435489648254588e+03 1.648731188421144225e+03 1.795083801192857663e+03 1.944791459896725428e+03 1.814585469737884523e+03 1.851906874545450137e+03 2.025650897283476070e+03 2.129569144374094321e+03 2.189542977758539564e+03 2.285493530659828593e+03
1.844262708585532891e+04 8.544811833305112714e+02 8.982716592844589059e+02 1.126810445468696344e+03 1.509101733100053934e+03 1.660633900541384719e+03 1.806915198892251055e+03 1.959096257190504502e+03 1.828470964805712129e+03 1.868044893548590608e+03 2.046390393172588574e+03 2.144803398023146201e+03 2.199406956980443738e+03 2.297049662356292629e+03
2.328566298498196556e+04 8.616177007406046187e+02 9.039025208841043195e+02 1.136898149530373985e+03 1.519670436916225299e+03 1.674541122390390910e+03 1.819842700188683239e+03 1.974766089981964569e+03 1.843599039978952987e+03 1.885857073930789056e+03 2.069390409064767482e+03 2.161474469777249396e+03 2.208044067045675092e+03 2.309110731200221835e+03
2.940048064334707669e+04 8.684012054713491580e+02 9.092330316760649112e+02 1.146511439269251468e+03 1.529709689403489620e+03 1.688548814164000078e+03 1.832124273936377449e+03 1.989684618228966428e+03 1.857918732149429388e+03 1.902934134987341167e+03 2.091543574230826835e+03 2.177320700908286199e+03 2.214529468388350324e+03 2.320082844075644971e+03
3.712105009066357161e+04 8.757880351786355959e+02 9.150258917894473143e+02 1.156992637549858500e+03 1.540637704186678093e+03 1.704208610931395469e+03 1.845496569809236235e+03 2.005943063537665012e+03 1.873479149309513105e+03 1.921606476773940585e+03 2.115820354928041979e+03 2.194573990741200760e+03 2.220757539470321262e+03 2.331783045070331355e+03
4.686904192314192187e+04 8.824278639856880773e+02 9.202116251155522377e+02 1.166436149836903951e+03 1.550451196984365197e+03 1.718957379469249872e+03 1.857520335787380191e+03 2.020581919034208568e+03 1.887404470964104803e+03 1.938521673399270185e+03 2.137908671907522603e+03 2.210070528330595607e+03 2.225176884595811316e+03 2.341911862166860828e+03
5.917685748188818980e+04 8.893084553462018675e+02 9.255794690539100884e+02 1.176225090244630337e+03 1.560613544606933829e+03 1.734316664382038198e+03 1.869991041076260444e+03 2.035758550604052289e+03 1.901812974485449104e+03 1.956072215916456344e+03 2.160849730624795939e+03 2.226110925999787924e+03 2.229998811070576267e+03 2.352404695344861011e+03
7.471670675868081162e+04 8.967297808392912657e+02 9.313630800002874821e+02 1.186786409585610727e+03 1.571567363178900678e+03 1.750960735624335484e+03 1.883453041501180678e+03 2.052135038618524504e+03 1.917331486793996419e+03 1.975024603406648566e+03 2.185646872157649341e+03 2.243393383763505426e+03 2.235448436071658762e+03 2.363718797968051149e+03
9.433732216299773427e+04 9.035524716826706708e+02 9.366736841289153972e+02 1.196488091418965496e+03 1.581619925233023650e+03 1.766010392468680493e+03 1.895862335786110634e+03 2.067194910928047193e+03 1.931570904849515500e+03 1.992420704560334798e+03 2.208413508683741838e+03 2.259230880087845890e+03 2.242124999380327608e+03 2.374396472866647855e+03
1.191103133283005591e+05 9.109419703104282462e+02 9.424144373071798100e+02 1.207000290600028393e+03 1.592496686131529941e+03 1.782414374400057795e+03 1.909321667179533051e+03 2.083516562359250202e+03 1.946954849997386191e+03 2.011295019073322919e+03 2.233153004104201045e+03 2.276349693118746018e+03 2.249928717529495771e+03 2.385980218611141481e+03
1.503886946955410240e+05 9.179367765469886535e+02 9.478226061108997555e+02 1.216963100874347901e+03 1.602768338532965345e+03 1.798230210925842130e+03 1.922103987701200367e+03 2.098991736659972958e+03 1.961427379251088041e+03 2.029245297855397666e+03 2.256773499555427406e+03 2.292477491389091938e+03 2.258477093253972726e+03 2.396953161014351281e+03
1.898807824465261365e+05 9.254502948217201492e+02 9.535844509321646001e+02 1.227693004094004664e+03 1.613782996831056835e+03 1.815831348869349767e+03 1.935880644833257520e+03 2.115642799296046633e+03 1.976809779998932299e+03 2.048683070936444892e+03 2.282517038632279764e+03 2.309658829783253623e+03 2.269939985345294190e+03 2.408704248456632740e+03
2.397434967801078456e+05 9.340461620025188267e+02 9.601484961221386811e+02 1.239983987517486639e+03 1.626369376087684941e+03 1.836313206814545993e+03 1.951673342427098078e+03 2.134711440331416270e+03 1.994312446310402038e+03 2.071011628035686954e+03 2.312185511281787512e+03 2.329232191139427414e+03 2.284360672256519138e+03 2.422134213657644978e+03
3.027001653763461509e+05 9.420241749679722716e+02 9.661891439085092088e+02 1.251412192077841155e+03 1.637997119787816473e+03 1.855869226721254790e+03 1.966416738808261016e+03 2.152459765894684097e+03 2.010381564157325101e+03 2.091896329929517378e+03 2.340112701390780785e+03 2.347248739938062954e+03 2.299956106685573559e+03 2.434618732239846395e+03
3.821892620633114711e+05 9.502773708814663678e+02 9.724162230063033121e+02 1.263239235713185280e+03 1.649980376243326418e+03 1.876275788788044565e+03 1.981730518776391136e+03 2.170858336845714803e+03 2.026927996457393874e+03 2.113570209386887655e+03 2.369173348702254771e+03 2.365823268695163733e+03 2.316914922094641497e+03 2.447577356473900636e+03
4.825522042741279001e+05 9.587348661715050184e+02 9.787685803775707427e+02 1.275365167154777055e+03 1.662200287056291927e+03 1.897419202946343376e+03 1.997504794228070068e+03 2.189762449430936158e+03 2.043782710613072823e+03 2.135871190147071957e+03 2.399177397247105546e+03 2.384774046899274254e+03 2.335380248235587260e+03 2.460914001472224754e+03
6.092704661368674133e+05 9.664245417028963629e+02 9.845215947278045405e+02 1.286374445303354833e+03 1.673193394899471969e+03 1.916583128829727912e+03 2.011981402087616971e+03 2.207030834587296795e+03 2.059032080625871913e+03 2.156200106487154699e+03 2.426605408600832106e+03 2.401946778361469569e+03 2.352451864483324243e+03 2.473198031111503497e+03
7.692649574879145948e+05 9.749786048225334980e+02 9.909181135278446391e+02 1.298607890467229481e+03 1.685361188087347500e+03 1.937754797209001708e+03 2.028151546786037443e+03 2.226280608417120220e+03 2.075985073578713582e+03 2.178814279905449439e+03 2.457129206975687339e+03 2.421045564873402327e+03 2.371171679720407610e+03 2.486956616645932172e+03
9.712740198471168987e+05 9.836026372183458761e+02 9.973684542834885178e+02 1.310908254196739108e+03 1.697499785857218058e+03 1.958680423493712624e+03 2.044590166699772453e+03 2.245771253774691104e+03 2.093081828765504724e+03 2.201587605592272666e+03 2.487867814705572528e+03 2.440316011700362196e+03 2.389073574227227255e+03 2.501036405931471108e+03
1.226330684177561896e+06 9.917383824593359805e+02 1.003424320437177471e+03 1.322478282218204185e+03 1.708738145445660393e+03 1.978173163476619266e+03 2.060339518512861105e+03 2.264304947365238604e+03 2.109111326708452452e+03 2.223136082954007634e+03 2.517059646426611380e+03 2.458425388730610848e+03 2.405961150929331325e+03 2.514621670200241624e+03
1.548365256585499039e+06 1.000422999998004116e+03 1.009860525532437578e+03 1.334796269882683646e+03 1.720528992198039759e+03 1.998741597643283285e+03 2.077384958027432276e+03 2.284230876442207773e+03 2.126126015842668039e+03 2.246200627973595147e+03 2.548407677368047189e+03 2.477688521815507556e+03 2.423989392320207571e+03 2.529415837260331500e+03
1.954966143091259757e+06 1.009852859189212040e+03 1.016724972705981713e+03 1.348029009459575263e+03 1.732422697606894644e+03 2.020020800169775612e+03 2.096929369992719785e+03 2.306497135105644247e+03 2.144170872978972511e+03 2.271519114040982458e+03 2.583268095233557688e+03 2.498299374680970686e+03 2.443597428838379074e+03 2.546771914833304436e+03
2.468340467068651225e+06 1.020166365529329482e+03 1.024193273432412980e+03 1.362457645588947116e+03 1.745154106154241617e+03 2.042973591560939440e+03 2.118616700861684421e+03 2.331037989081402429e+03 2.163776312267769754e+03 2.299292347153707397e+03 2.621647825725745861e+03 2.520750162518060733e+03 2.465048093549100940e+03 2.566146053009861134e+03
3.116526944929430261e+06 1.030991399373326658e+03 1.031969253947195512e+03 1.377531674537570780e+03 1.758076162845364252e+03 2.066554555971667924e+03 2.141875636169746485e+03 2.357095510638827363e+03 2.184146569851317963e+03 2.328573993417590373e+03 2.662333391482467050e+03 2.544168834484191393e+03 2.487570962336782486e+03 2.587104780441734420e+03
3.934927263095845468e+06 1.040639500016013699e+03 1.038849505457279292e+03 1.390906066393853280e+03 1.769207443857652379e+03 2.087119300918890076e+03 2.163053028966592137e+03 2.380593691325711461e+03 2.202117721268685273e+03 2.354789125979573328e+03 2.698935338045924254e+03 2.564908660007135950e+03 2.507657407453358246e+03 2.606336204252720108e+03
4.968239594734387472e+06 1.050960057147519137e+03 1.046188912986470541e+03 1.405190178094348994e+03 1.780970208869316593e+03 2.108950986662913238e+03 2.185869443265058180e+03 2.405828654475907570e+03 2.221274092517572171e+03 2.382875175534996742e+03 2.738221162977028598e+03 2.587046647882769776e+03 2.529148137572088217e+03 2.627112822006163242e+03
6.272899858196243644e+06 1.060177354545937078e+03 1.052717604591547115e+03 1.417924977118200786e+03 1.791326252699826227e+03 2.128286027919630214e+03 2.206401441634101502e+03 2.428457450055906065e+03 2.238318300962551348e+03 2.408003998558826424e+03 2.773462878969137819e+03 2.606776430314828303e+03 2.548344928463247470e+03 2.645875458240571788e+03
7.920164050192541443e+06 1.069449539630628806e+03 1.059319275208313684e+03 1.430766680071399605e+03 1.801949456446166550e+03 2.147964383993057709e+03 2.226836227995394438e+03 2.451089718663080930e+03 2.255554868536348295e+03 2.433220646825074709e+03 2.808709569710362302e+03 2.626684486780911811e+03 2.567650688237260056e+03 2.664462820999767700e+03
1.000000000000000000e+07 1.079473999999999933e+03 1.066487000000000080e+03 1.444678000000000111e+03 1.813617999999999938e+03 2.169443000000000211e+03 2.248733000000000175e+03 2.475440999999999804e+03 2.274271000000000186e+03 2.460427999999999884e+03 2.846632999999999811e+03 2.648262000000000171e+03 2.588518000000000029e+03 2.684302000000000135e+03
