9.999999999999999167e-02 6.700620000000000118e+02 8.007630000000000337e+02 9.132630000000000337e+02 1.280281999999999925e+03 1.529007000000000062e+03 1.588420000000000073e+03 1.695727000000000089e+03 1.380633000000000038e+03 1.424664999999999964e+03 1.501945999999999913e+03 1.863384999999999991e+03 1.878949000000000069e+03 2.111440999999999804e+03
1.459999999999999909e-01 6.739700000000000273e+02 8.045919999999999845e+02 9.190090000000000146e+02 1.288301999999999907e+03 1.536828999999999951e+03 1.596917999999999893e+03 1.705742999999999938e+03 1.387969000000000051e+03 1.433320999999999913e+03 1.512241999999999962e+03 1.874403000000000020e+03 1.889405999999999949e+03 2.122378000000000156e+03
2.119999999999999940e-01 6.793239999999999554e+02 8.099130000000000109e+02 9.270739999999999554e+02 1.299502999999999929e+03 1.547997000000000071e+03 1.608833000000000084e+03 1.719844000000000051e+03 1.398144999999999982e+03 1.445480999999999995e+03 1.526700000000000045e+03 1.889788999999999987e+03 1.904020999999999958e+03 2.137581000000000131e+03
3.089999999999999969e-01 6.856490000000000009e+02 8.162540000000000191e+02 9.367340000000000373e+02 1.312884000000000015e+03 1.561430000000000064e+03 1.623105000000000018e+03 1.736779999999999973e+03 1.410232999999999947e+03 1.460049999999999955e+03 1.544055000000000064e+03 1.908181000000000040e+03 1.921498000000000047e+03 2.155697000000000116e+03
4.500000000000000111e-01 6.929660000000000082e+02 8.236349999999999909e+02 9.478369999999999891e+02 1.328255000000000109e+03 1.576549999999999955e+03 1.639615999999999985e+03 1.756345000000000027e+03 1.424108999999999924e+03 1.476842000000000098e+03 1.564148999999999887e+03 1.929336999999999989e+03 1.941641000000000076e+03 2.176525999999999840e+03
6.550000000000000266e-01 7.005220000000000482e+02 8.313029999999999973e+02 9.592720000000000482e+02 1.344060999999999922e+03 1.591759999999999991e+03 1.656698000000000093e+03 1.776560999999999922e+03 1.438358999999999924e+03 1.494153999999999996e+03 1.584965999999999894e+03 1.951118999999999915e+03 1.962412000000000035e+03 2.197931000000000040e+03
9.539999999999998481e-01 7.077799999999999727e+02 8.387200000000000273e+02 9.704470000000000027e+02 1.359432999999999993e+03 1.606076999999999998e+03 1.673366999999999962e+03 1.796234999999999900e+03 1.452145999999999958e+03 1.510989000000000033e+03 1.605309999999999945e+03 1.972249000000000024e+03 1.982509999999999991e+03 2.218556000000000040e+03
1.389000000000000012e+00 7.148790000000000191e+02 8.459410000000000309e+02 9.815000000000000000e+02 1.374652000000000044e+03 1.619805000000000064e+03 1.689824000000000069e+03 1.815673000000000002e+03 1.465705999999999904e+03 1.527615999999999985e+03 1.625494999999999891e+03 1.993055000000000064e+03 2.002248000000000047e+03 2.238731000000000222e+03
2.024000000000000021e+00 7.224139999999999873e+02 8.534650000000000318e+02 9.930670000000000073e+02 1.390740999999999985e+03 1.634020999999999958e+03 1.707102000000000089e+03 1.836288000000000011e+03 1.479984999999999900e+03 1.545207000000000107e+03 1.646929000000000087e+03 2.014928000000000111e+03 2.027214999999999918e+03 2.259811999999999898e+03
2.946999999999999620e+00 7.299149999999999636e+02 8.609199999999999591e+02 1.004504999999999995e+03 1.406635999999999967e+03 1.647887999999999920e+03 1.724165999999999940e+03 1.856798999999999978e+03 1.494117999999999938e+03 1.562681000000000040e+03 1.668292999999999893e+03 2.036575000000000045e+03 2.054498000000000047e+03 2.280458999999999833e+03
4.291999999999999815e+00 7.377930000000000064e+02 8.688160000000000309e+02 1.016658000000000015e+03 1.423237000000000080e+03 1.662483999999999924e+03 1.742039999999999964e+03 1.878310999999999922e+03 1.509034000000000106e+03 1.581073000000000093e+03 1.690791999999999916e+03 2.059463999999999942e+03 2.071983999999999924e+03 2.301934000000000196e+03
6.250999999999999446e+00 7.455960000000000036e+02 8.766559999999999491e+02 1.028881000000000085e+03 1.439696999999999889e+03 1.677191000000000031e+03 1.759767000000000053e+03 1.899746000000000095e+03 1.523905999999999949e+03 1.599459000000000060e+03 1.713329999999999927e+03 2.082403999999999996e+03 2.075331999999999880e+03 2.323072999999999865e+03
9.102999999999999758e+00 7.537359999999999900e+02 8.847970000000000255e+02 1.041712999999999965e+03 1.456842000000000098e+03 1.693058999999999969e+03 1.778234999999999900e+03 1.922221999999999980e+03 1.539406999999999925e+03 1.618788000000000011e+03 1.737159000000000106e+03 2.106530000000000200e+03 2.069744000000000142e+03 2.344990999999999985e+03
1.325699999999999790e+01 7.619529999999999745e+02 8.929519999999999982e+02 1.054576000000000022e+03 1.473901000000000067e+03 1.709155999999999949e+03 1.796683999999999969e+03 1.944753999999999905e+03 1.554893000000000029e+03 1.638205999999999904e+03 1.761305000000000064e+03 2.130784000000000106e+03 2.058384000000000015e+03 2.366780999999999949e+03
1.930699999999999861e+01 7.706459999999999582e+02 9.014909999999999854e+02 1.067958000000000084e+03 1.491529999999999973e+03 1.725856999999999971e+03 1.815924999999999955e+03 1.968282999999999902e+03 1.571057000000000016e+03 1.658454999999999927e+03 1.786615999999999985e+03 2.156018000000000029e+03 2.046365999999999985e+03 2.389487999999999829e+03
2.811800000000000210e+01 7.794370000000000118e+02 9.100309999999999491e+02 1.081441000000000031e+03 1.509127999999999929e+03 1.742606999999999971e+03 1.835292999999999893e+03 1.992008000000000038e+03 1.587339999999999918e+03 1.678835000000000036e+03 1.812172000000000025e+03 2.181291999999999916e+03 2.036971999999999980e+03 2.412288000000000011e+03
4.094899999999999807e+01 7.885149999999999864e+02 9.187580000000000382e+02 1.095513999999999896e+03 1.527353000000000065e+03 1.759840999999999894e+03 1.855501999999999953e+03 2.016625999999999976e+03 1.604218000000000075e+03 1.700006000000000085e+03 1.838806000000000040e+03 2.207431000000000040e+03 2.035000999999999976e+03 2.435916000000000167e+03
5.963599999999999568e+01 7.976710000000000491e+02 9.274790000000000418e+02 1.109782999999999902e+03 1.545695999999999913e+03 1.777080999999999904e+03 1.876044000000000096e+03 2.041530999999999949e+03 1.621220000000000027e+03 1.721445999999999913e+03 1.865907999999999902e+03 2.233746999999999844e+03 2.043967000000000098e+03 2.459730000000000018e+03
8.685099999999999909e+01 8.071490000000000009e+02 9.364569999999999936e+02 1.124525000000000091e+03 1.564538000000000011e+03 1.794777000000000044e+03 1.897333000000000084e+03 2.067398000000000138e+03 1.638769000000000005e+03 1.743667999999999893e+03 1.894121000000000095e+03 2.260740999999999985e+03 2.068570000000000164e+03 2.484315999999999804e+03
1.264859999999999758e+02 8.167490000000000236e+02 9.455299999999999727e+02 1.139558999999999969e+03 1.583547000000000025e+03 1.812675999999999931e+03 1.918971000000000004e+03 2.093777999999999793e+03 1.656614000000000033e+03 1.766316000000000031e+03 1.923010999999999967e+03 2.287960999999999785e+03 2.101867000000000189e+03 2.509266999999999825e+03
1.842069999999999936e+02 8.265480000000000018e+02 9.548369999999999891e+02 1.155205999999999904e+03 1.603003999999999905e+03 1.831089999999999918e+03 1.941219000000000051e+03 2.121007000000000062e+03 1.675032999999999902e+03 1.789800999999999931e+03 1.953045000000000073e+03 2.315916999999999916e+03 2.131835000000000036e+03 2.534916000000000167e+03
2.682699999999999818e+02 8.364800000000000182e+02 9.643170000000000073e+02 1.171310999999999922e+03 1.622688000000000102e+03 1.849845000000000027e+03 1.963829999999999927e+03 2.148847000000000207e+03 1.693826999999999998e+03 1.813971999999999980e+03 1.984061999999999898e+03 2.344347000000000207e+03 2.159516000000000076e+03 2.560981000000000222e+03
3.906940000000000168e+02 8.467140000000000555e+02 9.740610000000000355e+02 1.187909000000000106e+03 1.642935999999999922e+03 1.869086999999999989e+03 1.986942000000000007e+03 2.177501000000000204e+03 1.713074000000000069e+03 1.838992999999999938e+03 2.016364000000000033e+03 2.373472999999999956e+03 2.187981999999999971e+03 2.587596000000000004e+03
5.689869999999999663e+02 8.572730000000000246e+02 9.840460000000000491e+02 1.204976000000000113e+03 1.663832000000000107e+03 1.888792999999999893e+03 2.010523999999999887e+03 2.206985999999999876e+03 1.732742999999999938e+03 1.864846000000000004e+03 2.049911999999999807e+03 2.403242000000000189e+03 2.217226000000000113e+03 2.614686000000000149e+03
8.286430000000001428e+02 8.681319999999999482e+02 9.942799999999999727e+02 1.222500999999999976e+03 1.685121000000000095e+03 1.908919000000000096e+03 2.034546000000000049e+03 2.237295000000000073e+03 1.752853000000000065e+03 1.891462999999999965e+03 2.084456999999999880e+03 2.433514999999999873e+03 2.247233000000000175e+03 2.642157000000000153e+03
1.206793000000000120e+03 8.793780000000000427e+02 1.004885999999999967e+03 1.240648999999999887e+03 1.706682999999999993e+03 1.929577999999999975e+03 2.059237000000000080e+03 2.268653999999999996e+03 1.773557999999999993e+03 1.919050999999999931e+03 2.120239000000000033e+03 2.464512000000000171e+03 2.278221000000000004e+03 2.670146000000000186e+03
1.757511000000000195e+03 8.908719999999999573e+02 1.015708999999999946e+03 1.259223999999999933e+03 1.726715999999999894e+03 1.950512999999999920e+03 2.084456000000000131e+03 2.300702000000000226e+03 1.794618999999999915e+03 1.947318999999999960e+03 2.157036000000000058e+03 2.495983000000000175e+03 2.309911000000000058e+03 2.698375000000000000e+03
2.559548000000000229e+03 9.027459999999999809e+02 1.026853000000000065e+03 1.278488000000000056e+03 1.743625000000000000e+03 1.972046000000000049e+03 2.110619999999999891e+03 2.333922999999999774e+03 1.816381000000000085e+03 1.976672000000000025e+03 2.195512000000000171e+03 2.528344000000000051e+03 2.342824999999999818e+03 2.727297999999999774e+03
3.727594000000000051e+03 9.148360000000000127e+02 1.038162000000000035e+03 1.298154999999999973e+03 1.756470000000000027e+03 1.993844000000000051e+03 2.137242000000000189e+03 2.367793999999999869e+03 1.838491999999999962e+03 2.006648999999999887e+03 2.235034000000000106e+03 2.560931999999999789e+03 2.376378999999999905e+03 2.756518000000000029e+03
5.428675000000000182e+03 9.274779999999999518e+02 1.049942000000000007e+03 1.318738000000000056e+03 1.764573000000000093e+03 2.016392000000000053e+03 2.164916000000000167e+03 2.403135000000000218e+03 1.861424999999999955e+03 2.038050999999999931e+03 2.276603999999999814e+03 2.594438999999999851e+03 2.411376000000000204e+03 2.786766999999999825e+03
7.906042999999998756e+03 9.403229999999999791e+02 1.061936999999999898e+03 1.339742999999999938e+03 1.769837999999999965e+03 2.039144999999999982e+03 2.192945000000000164e+03 2.439023000000000138e+03 1.884595000000000027e+03 2.070112000000000080e+03 2.319233000000000175e+03 2.627943999999999960e+03 2.446952000000000226e+03 2.817643000000000029e+03
1.151395399999999972e+04 9.537690000000000055e+02 1.074576999999999998e+03 1.361846000000000004e+03 1.775594000000000051e+03 2.062889999999999873e+03 2.222239999999999782e+03 2.476559000000000196e+03 1.908730999999999995e+03 2.103807999999999993e+03 2.364295999999999822e+03 2.662385999999999967e+03 2.484188000000000102e+03 2.850905999999999949e+03
1.676832900000000154e+04 9.674049999999999727e+02 1.087409000000000106e+03 1.384308999999999969e+03 1.783384000000000015e+03 2.086719999999999800e+03 2.251778999999999996e+03 2.514463999999999942e+03 1.933087999999999965e+03 2.138070999999999913e+03 2.410409000000000106e+03 2.696634000000000015e+03 2.521773999999999887e+03 2.884036999999999807e+03
2.442053100000000268e+04 9.817519999999999527e+02 1.100880000000000109e+03 1.408000000000000000e+03 1.795910000000000082e+03 2.111315999999999804e+03 2.282565000000000055e+03 2.554077999999999975e+03 1.958718000000000075e+03 2.174277000000000044e+03 2.459431000000000040e+03 2.731978000000000065e+03 2.561003999999999905e+03 2.916275999999999840e+03
3.556480299999999988e+04 9.962580000000000382e+02 1.114557999999999993e+03 1.431981999999999971e+03 1.813332000000000107e+03 2.135759000000000015e+03 2.313456000000000131e+03 2.593880999999999858e+03 1.984609999999999900e+03 2.211041999999999916e+03 2.509436999999999898e+03 2.767088000000000193e+03 2.600369000000000142e+03 2.944833000000000084e+03
5.179474699999999575e+04 1.011629000000000019e+03 1.129165999999999940e+03 1.457328999999999951e+03 1.837135999999999967e+03 2.161280999999999949e+03 2.346025000000000091e+03 2.635777999999999793e+03 2.011943999999999960e+03 2.250137999999999920e+03 2.562873999999999796e+03 2.804048999999999978e+03 2.641766999999999825e+03 2.968277000000000044e+03
7.543120100000000093e+04 1.027101000000000113e+03 1.143934999999999945e+03 1.482775000000000091e+03 1.864296000000000049e+03 2.186715000000000146e+03 2.378757000000000062e+03 2.677927999999999884e+03 2.039413999999999987e+03 2.289719000000000051e+03 2.617545999999999822e+03 2.840599999999999909e+03 2.684445000000000164e+03 2.985260999999999967e+03
1.098541139999999868e+05 1.043511999999999944e+03 1.159611000000000104e+03 1.509642000000000053e+03 1.894407999999999902e+03 2.213541999999999916e+03 2.413452000000000226e+03 2.723047000000000025e+03 2.068463000000000193e+03 2.331927999999999884e+03 2.677822999999999865e+03 2.878623999999999796e+03 2.736391000000000076e+03 2.996106999999999971e+03
1.599858720000000030e+05 1.060022999999999911e+03 1.175480999999999995e+03 1.536473999999999933e+03 1.924785000000000082e+03 2.240311000000000149e+03 2.448257999999999811e+03 2.768469999999999800e+03 2.097458999999999833e+03 2.374612000000000080e+03 2.738867999999999938e+03 2.914204000000000178e+03 2.787617999999999938e+03 3.000954000000000178e+03
2.329951809999999823e+05 1.077603000000000065e+03 1.192904999999999973e+03 1.564869999999999891e+03 1.955707000000000107e+03 2.268740999999999985e+03 2.485389999999999873e+03 2.816309000000000196e+03 2.128135999999999967e+03 2.420478999999999814e+03 2.802599999999999909e+03 2.945474000000000160e+03 2.822440000000000055e+03 3.001916000000000167e+03
3.393221769999999669e+05 1.095175999999999931e+03 1.210642000000000053e+03 1.593019000000000005e+03 1.986826000000000022e+03 2.297159999999999854e+03 2.522643000000000029e+03 2.863766000000000076e+03 2.158621999999999844e+03 2.466706999999999880e+03 2.862179000000000087e+03 2.969985999999999876e+03 2.841856999999999971e+03 3.000590000000000146e+03
4.941713360000000685e+05 1.113980999999999995e+03 1.230243999999999915e+03 1.622714999999999918e+03 2.020325000000000045e+03 2.327351999999999862e+03 2.562603000000000065e+03 2.914367000000000189e+03 2.190746000000000095e+03 2.516405000000000200e+03 2.914164000000000215e+03 2.987768999999999778e+03 2.851693000000000211e+03 2.999918000000000120e+03
7.196856730000000680e+05 1.132746000000000095e+03 1.249321999999999889e+03 1.651864000000000033e+03 2.053795000000000073e+03 2.357255000000000109e+03 2.602460999999999785e+03 2.964563999999999851e+03 2.222637000000000171e+03 2.566356000000000222e+03 2.954436000000000149e+03 2.998012999999999920e+03 2.853831000000000131e+03 2.999007000000000062e+03
1.048113133999999962e+06 1.152916999999999916e+03 1.266625000000000000e+03 1.682596999999999980e+03 2.089614999999999782e+03 2.389360999999999876e+03 2.645164000000000215e+03 3.018159999999999854e+03 2.257425000000000182e+03 2.620521999999999935e+03 2.983047000000000025e+03 3.002699000000000069e+03 2.859277999999999793e+03 2.998998999999999796e+03
1.526417967000000179e+06 1.173042999999999893e+03 1.280679000000000087e+03 1.712489000000000033e+03 2.125467000000000098e+03 2.421594000000000051e+03 2.687704999999999927e+03 3.071190000000000055e+03 2.292503000000000156e+03 2.674965999999999894e+03 2.998760999999999967e+03 3.002583999999999833e+03 2.867771000000000186e+03 2.999001999999999953e+03
2.222996482999999542e+06 1.196564000000000078e+03 1.291323000000000093e+03 1.745748000000000047e+03 2.168364999999999782e+03 2.460463000000000193e+03 2.737485999999999876e+03 3.132280000000000200e+03 2.334206000000000131e+03 2.739168999999999869e+03 3.005309000000000196e+03 3.001226000000000113e+03 2.884336999999999989e+03 2.999003999999999905e+03
3.237457543000000063e+06 1.220365000000000009e+03 1.297799999999999955e+03 1.778209000000000060e+03 2.212434000000000196e+03 2.500657999999999902e+03 2.787873000000000047e+03 3.193686999999999898e+03 2.376938999999999851e+03 2.804557999999999993e+03 3.004268999999999778e+03 2.999005999999999858e+03 2.909798999999999978e+03 2.998996000000000095e+03
4.714866362999999896e+06 1.242896999999999935e+03 1.301013999999999896e+03 1.808214999999999918e+03 2.254572000000000116e+03 2.539411000000000058e+03 2.835545000000000073e+03 3.251822000000000116e+03 2.417811000000000149e+03 2.866621999999999844e+03 3.002376999999999953e+03 2.999005999999999858e+03 2.946679999999999836e+03 2.999012000000000171e+03
6.866488450000000186e+06 1.261866999999999962e+03 1.301202999999999975e+03 1.832834000000000060e+03 2.290583000000000084e+03 2.572713000000000193e+03 2.875773000000000138e+03 3.300425999999999931e+03 2.452648000000000138e+03 2.919190999999999804e+03 2.998996000000000095e+03 2.998987000000000080e+03 2.978820999999999913e+03 2.998983000000000175e+03
1.000000000000000000e+07 1.276893000000000029e+03 1.300468000000000075e+03 1.852098999999999933e+03 2.319594000000000051e+03 2.599666000000000167e+03 2.907800999999999931e+03 3.338431999999999789e+03 2.480623000000000047e+03 2.961105000000000018e+03 2.999010999999999967e+03 2.999016999999999825e+03 2.994889999999999873e+03 2.999016999999999825e+03
