9.999999999999999167e-02 6.538089999999999691e+02 7.655660000000000309e+02 8.758160000000000309e+02 1.240617999999999938e+03 1.446913999999999987e+03 1.512782999999999902e+03 1.605878999999999905e+03 1.366375000000000000e+03 1.387192999999999984e+03 1.458224999999999909e+03 1.765529999999999973e+03 1.809310999999999922e+03 2.015395999999999958e+03
1.262600109874855159e-01 6.558624186852605362e+02 7.675275086468043355e+02 8.786914712031295949e+02 1.244725408240325123e+03 1.450676602878663516e+03 1.517093637890576247e+03 1.611079623915130242e+03 1.370389927332064872e+03 1.391892971096955762e+03 1.463679090108139917e+03 1.771118815381901868e+03 1.814741113576368662e+03 2.020802707914401708e+03
1.594159037455999683e-01 6.584286577536986442e+02 7.699752628353626278e+02 8.823078124713221086e+02 1.249858112236128591e+03 1.455378957827737850e+03 1.522489691806395285e+03 1.617557332482206903e+03 1.375403920589061272e+03 1.397772970070404426e+03 1.470523162129781895e+03 1.778103190213405242e+03 1.821527320961082751e+03 2.027525788196855274e+03
2.012785375849938385e-01 6.616197321604561239e+02 7.730122066357113226e+02 8.868473711135727626e+02 1.256239626767312529e+03 1.461226406636303864e+03 1.529216255925588939e+03 1.625571489733127237e+03 1.381631938796167560e+03 1.405096393862974764e+03 1.479085973596930444e+03 1.786787783888086778e+03 1.829965813091375139e+03 2.035822201085025881e+03
2.541343036702639058e-01 6.650545393187320542e+02 7.762776614136041644e+02 8.917747217516513274e+02 1.263109513011728723e+03 1.467517754384587988e+03 1.536475534377125541e+03 1.634173060788005841e+03 1.388332635106600947e+03 1.412992427307936623e+03 1.488360603636456972e+03 1.796138778559979528e+03 1.839055269521038326e+03 2.044704994809298569e+03
3.208699997370449974e-01 6.690439565119528424e+02 7.800743848812693386e+02 8.975234740947233831e+02 1.271091101818183233e+03 1.474827963238752773e+03 1.544927982596577749e+03 1.644163956421492003e+03 1.396116984230153776e+03 1.422174909473796788e+03 1.499173421808717194e+03 1.807007138617300370e+03 1.849621446916140712e+03 2.055005502661795163e+03
4.051304969235378084e-01 6.731679401366619686e+02 7.840310426959628103e+02 9.035322634508239616e+02 1.279354606464245990e+03 1.482409017616822666e+03 1.553751431114014395e+03 1.654548913301682433e+03 1.404180893088554740e+03 1.431707699907264441e+03 1.510470304353493475e+03 1.818280715067110350e+03 1.860584873025242814e+03 2.065656985653653464e+03
5.115178099293145042e-01 6.774877148335110633e+02 7.881923947647613886e+02 9.098634065688409009e+02 1.288013832968374800e+03 1.490363034014669893e+03 1.563036827925705211e+03 1.665462558586009209e+03 1.412641706296919665e+03 1.441718628616964224e+03 1.522373704540552126e+03 1.830111687165011290e+03 1.872092541380461171e+03 2.076814588124428610e+03
6.458424430196978427e-01 6.821248632646361330e+02 7.926781822678675553e+02 9.167008580141978200e+02 1.297313029030905000e+03 1.498915909310907864e+03 1.573052203617346549e+03 1.677217602086699344e+03 1.421739743030870613e+03 1.452493429917150934e+03 1.535229554790470502e+03 1.842836488992402565e+03 1.884472030614493406e+03 2.088792413943414886e+03
8.154407395185152563e-01 6.861043074538224573e+02 7.965453551444294362e+02 9.226445219699164682e+02 1.305297761507237965e+03 1.506265950388187321e+03 1.581692109452575551e+03 1.687388953824322016e+03 1.429615784882171738e+03 1.461802189219954471e+03 1.546418207799554693e+03 1.853804790905339587e+03 1.895164056496265403e+03 2.099054076578611784e+03
1.029575567312512652e+00 6.904353384753396767e+02 8.007520274556424056e+02 9.291287006355230460e+02 1.313981198161488464e+03 1.514254608742311802e+03 1.591094825951819303e+03 1.698474834887193538e+03 1.438205905260625741e+03 1.471942314325903908e+03 1.558632819952797263e+03 1.865750125221558392e+03 1.906814333495691471e+03 2.110213869207883818e+03
1.299942224413244807e+00 6.946114156455921602e+02 8.047982043239775294e+02 9.354024501453501443e+02 1.322335217099628608e+03 1.521926806478521939e+03 1.600148690535696005e+03 1.709185083703652936e+03 1.446519524583336988e+03 1.481727722715315167e+03 1.570469907273448825e+03 1.877277067802225474e+03 1.918066558691442197e+03 2.120956437716686196e+03
1.641307195375129924e+00 6.988152245931970583e+02 8.088368456700860634e+02 9.416771661515243750e+02 1.330673915707353899e+03 1.529607026798141760e+03 1.609197498045649581e+03 1.719906337740269919e+03 1.454855643729834355e+03 1.491539992473867414e+03 1.582333563356369268e+03 1.888862146986689595e+03 1.929352546549568387e+03 2.131753897877650616e+03
2.072314645219029305e+00 7.034751331054645789e+02 8.132932310375718998e+02 9.486066935586862883e+02 1.339867328119826425e+03 1.538096578390767490e+03 1.619185487047037668e+03 1.731754503029114630e+03 1.464074959641733585e+03 1.502395968865462464e+03 1.595452948080506303e+03 1.901692329501442828e+03 1.941835707543205444e+03 2.143711186896249728e+03
2.616504698748823632e+00 7.076441123779555937e+02 8.172605710919618787e+02 9.547643543594070934e+02 1.347969451322000396e+03 1.545683401368905606e+03 1.628044052111268684e+03 1.742314030503349386e+03 1.472285567101599327e+03 1.512104720340516678e+03 1.607155097790646323e+03 1.913150979220133650e+03 1.952949448073039321e+03 2.154379788216533143e+03
3.303599120128339450e+00 7.121581078231074571e+02 8.215579868657500811e+02 9.614079629462942194e+02 1.356670746061732643e+03 1.553889867253993998e+03 1.637586797609765881e+03 1.753731583636834785e+03 1.481146336760175018e+03 1.522612926910507440e+03 1.619797903069352969e+03 1.925512012693393899e+03 1.964926292381004032e+03 2.165933312684116117e+03
4.171124612056515524e+00 7.169801305574234220e+02 8.261510344702263637e+02 9.684726519523085244e+02 1.365868451277268377e+03 1.562645102218628381e+03 1.647713948352341504e+03 1.765906610540653446e+03 1.490571727104819274e+03 1.533832708272656419e+03 1.633265510706126406e+03 1.938653895145465640e+03 1.977643119592049288e+03 2.178277974684126093e+03
5.266462393484280469e+00 7.213931596025499857e+02 8.303326907818316158e+02 9.749098110042749568e+02 1.374153295578287498e+03 1.570584263915868178e+03 1.656887371439674325e+03 1.776955650292134578e+03 1.499113133251516047e+03 1.544062696417394818e+03 1.645552183241878083e+03 1.950557429303554272e+03 1.989151665079153190e+03 2.189518283690094904e+03
6.649435996665046034e+00 7.262808532445841365e+02 8.349519349968973074e+02 9.820297878827307159e+02 1.383276083681322916e+03 1.579339195027021105e+03 1.667012205624656417e+03 1.789149206971420654e+03 1.508531957785935674e+03 1.555380893165092402e+03 1.659154246668434098e+03 1.963685667509656014e+03 2.001849021642260595e+03 2.201900625836615745e+03
8.395578619995104575e+00 7.311360113802809337e+02 8.395138244381428194e+02 9.890890531166000983e+02 1.392247411822857202e+03 1.587956029276932213e+03 1.677013953834586346e+03 1.801175672451810669e+03 1.517805126149524995e+03 1.566608369822394934e+03 1.672670933447977404e+03 1.976621327168042399e+03 2.014383044007201988e+03 2.214012194341074064e+03
1.060025848806882465e+01 7.359702824440508948e+02 8.440526679377549044e+02 9.961145792842106630e+02 1.401121323394937008e+03 1.596495291377922968e+03 1.686965645385823336e+03 1.813151867968548004e+03 1.527000285042845917e+03 1.577807797694233386e+03 1.686174309530038727e+03 1.989452819393050049e+03 2.026837358921118948e+03 2.225937083779775548e+03
1.338388753173756385e+01 7.412310703986609042e+02 8.489896047989357157e+02 1.003758516674730572e+03 1.410732932756458013e+03 1.605756292660571262e+03 1.697793731395762507e+03 1.826188774151385360e+03 1.536978607247481705e+03 1.590013383223046503e+03 1.700909191073271586e+03 2.003380976321412390e+03 2.040371574481283233e+03 2.238809399995397598e+03
1.689849786812456856e+01 7.460248827120270789e+02 8.534935343754660835e+02 1.010752881707804931e+03 1.419456137518637661e+03 1.614157082755528791e+03 1.707757796931251733e+03 1.838148325059682747e+03 1.546080576627731489e+03 1.601214243040547217e+03 1.714514509102723423e+03 2.016093989974551732e+03 2.052713375571620873e+03 2.250426203779981279e+03
2.133604526501410703e+01 7.512123882572104776e+02 8.583568826767506152e+02 1.018336369024648320e+03 1.428879070612258602e+03 1.623225505040393045e+03 1.718568787181752214e+03 1.851115054341228188e+03 1.555946377845370762e+03 1.613368361510467594e+03 1.729319254726803592e+03 2.029866983746364212e+03 2.066072626202000265e+03 2.262947573422805817e+03
2.693889309590172587e+01 7.564654952746843719e+02 8.632634283427508990e+02 1.026041477090346234e+03 1.438392020737111579e+03 1.632369637580191466e+03 1.729566546032643373e+03 1.864289472836328514e+03 1.565965498311091551e+03 1.625734560780388165e+03 1.744454765346572913e+03 2.043841990757988015e+03 2.079607595681110979e+03 2.275540786275250866e+03
3.401304938279253065e+01 7.614863309048521387e+02 8.679168311266298588e+02 1.033458810767978093e+03 1.447469345685839471e+03 1.641085872420374244e+03 1.740102184136520236e+03 1.876944971496629250e+03 1.575605108213135054e+03 1.637613972733017363e+03 1.759087817432081920e+03 2.057255889929136629e+03 2.094018217501937215e+03 2.287489566320500217e+03
4.294487988789272492e+01 7.670085392732389664e+02 8.730142506256323713e+02 1.041645861814322416e+03 1.457436886735996495e+03 1.650663920499508322e+03 1.751698572364796291e+03 1.890892928669391495e+03 1.586233849515941529e+03 1.650709013078170756e+03 1.775267944684245322e+03 2.072039659959124037e+03 2.110678354624708845e+03 2.300583418435259318e+03
5.422221006501586515e+01 7.721816154373262862e+02 8.777449720500700323e+02 1.049374698309127098e+03 1.466719697930115899e+03 1.659630505385883453e+03 1.762567342980196827e+03 1.904001233307765460e+03 1.596222738534603877e+03 1.663026751947184721e+03 1.790585609079586447e+03 2.085948789617300008e+03 2.127947690545325258e+03 2.312750889459563041e+03
6.846096838574656829e+01 7.775315339162226564e+02 8.826107968775580730e+02 1.057385125142876632e+03 1.476282256739678587e+03 1.668919007499133613e+03 1.773792399019450386e+03 1.917562155112920209e+03 1.606546778650633087e+03 1.675785308933423039e+03 1.806491907078539498e+03 2.100381855000929136e+03 2.143214637693159602e+03 2.325293009431984501e+03
8.643882620598270705e+01 7.833711173492885109e+02 8.878968089399329529e+02 1.066145160878836577e+03 1.486684510169598070e+03 1.679072219870878371e+03 1.786030421947162722e+03 1.932368537813003741e+03 1.617809776109204677e+03 1.689730287018493300e+03 1.823915532941723313e+03 2.116181759588267141e+03 2.157427153254518544e+03 2.338944026586317705e+03
1.091376714651272692e+02 7.885538715298442867e+02 8.925495575965046555e+02 1.073947141033571143e+03 1.495859598198442427e+03 1.688075720361121739e+03 1.796842274627737197e+03 1.945514893636678153e+03 1.627777757609683704e+03 1.702120845877176407e+03 1.839485793392939058e+03 2.130248883149225094e+03 2.161743627157512492e+03 2.351008460753114377e+03
1.377972359833556766e+02 7.943056810121320268e+02 8.977052645793680767e+02 1.082614158274985130e+03 1.506008252978445626e+03 1.698042342708084789e+03 1.808809170889344614e+03 1.960089741052941008e+03 1.638822394888859890e+03 1.715859365484921909e+03 1.856786694135540984e+03 2.145848825089536149e+03 2.164247998701670440e+03 2.364398227899164795e+03
1.739828052930363924e+02 8.001333876059677550e+02 9.029142161809365916e+02 1.091412139593604934e+03 1.516220531422247859e+03 1.708085356868287818e+03 1.820867056929128921e+03 1.974823883487850935e+03 1.649975657368521070e+03 1.729750947930361463e+03 1.874355072963601742e+03 2.161626137035218562e+03 2.162322147297167248e+03 2.377969462015274530e+03
2.196707090793235295e+02 8.057957863355587733e+02 9.079727439252990280e+02 1.099972936782440001e+03 1.526055896427355265e+03 1.717784303599278019e+03 1.832520726682162376e+03 1.989124128885086975e+03 1.660785639051973249e+03 1.743242337949903458e+03 1.891473936012198919e+03 2.176927340286045364e+03 2.157789635254084260e+03 2.391129027961045722e+03
2.773562614198415304e+02 8.120245708981929056e+02 9.135394997283488010e+02 1.109396895531776181e+03 1.536827631628337031e+03 1.728420010365351800e+03 1.845309212526389956e+03 2.004852712665464423e+03 1.672659183920677606e+03 1.758090594342284248e+03 1.910341037299047912e+03 2.193737342886938677e+03 2.151467505711421381e+03 2.405579870913737068e+03
3.501900461431709459e+02 8.178406125195683671e+02 9.187618006031885898e+02 1.118205438110139994e+03 1.546828415144634391e+03 1.738303592551921838e+03 1.857230432044508007e+03 2.019575460415482667e+03 1.683706450376009116e+03 1.772026843828855363e+03 1.928056286006054279e+03 2.209370929397423879e+03 2.144602006497972980e+03 2.418981277783940186e+03
4.421499907374487179e+02 8.239668074584490114e+02 9.242752645939957574e+02 1.127492216806957686e+03 1.557344745553558141e+03 1.748685480704253905e+03 1.869799172224293443e+03 2.035098436144849757e+03 1.695315862420714893e+03 1.786770440951410592e+03 1.946793237148030585e+03 2.225785433265565644e+03 2.138035917103857173e+03 2.433055430989939850e+03
5.582586268862694396e+02 8.304920694385109528e+02 9.301629785223130966e+02 1.137394073933388881e+03 1.568524954902231002e+03 1.759709396352805697e+03 1.883200705785939817e+03 2.051650590211439976e+03 1.707649389031532564e+03 1.802550894873652169e+03 1.966842462754833605e+03 2.243206319815329607e+03 2.131834964551546818e+03 2.447996457497779829e+03
7.048574036451902884e+02 8.364459672323216637e+02 9.355524876365440150e+02 1.146463652195237728e+03 1.578718378678762292e+03 1.769739246499883848e+03 1.895463269279342285e+03 2.066768819485249423e+03 1.718904871165191025e+03 1.817063559995302285e+03 1.985299952394217144e+03 2.259032221178145392e+03 2.129555090640345043e+03 2.461623629875342885e+03
8.899530352885224147e+02 8.430215975410321789e+02 9.415140589890864931e+02 1.156503479646120695e+03 1.589976692804332515e+03 1.780814836794287885e+03 1.909017633859850321e+03 2.083476614602462632e+03 1.731344012538676679e+03 1.833139020495126715e+03 2.005760830042866928e+03 2.276480879912104683e+03 2.129216310682888889e+03 2.476676858357656783e+03
1.123654800138751625e+03 8.495039400281775670e+02 9.474111427923415931e+02 1.166454113299045503e+03 1.601079303423225383e+03 1.791738841542384080e+03 1.922399477874929062e+03 2.099972628108696426e+03 1.743629500793225588e+03 1.849080057973764269e+03 2.026088526590410765e+03 2.293622099401423839e+03 2.133852647162874291e+03 2.491527102196308533e+03
1.418726674116596314e+03 8.559246191765197409e+02 9.532468690667355986e+02 1.176337563646254466e+03 1.612029855972619544e+03 1.802543886847610338e+03 1.935650538990979840e+03 2.116303800801647867e+03 1.755782448897003405e+03 1.864907859701261486e+03 2.046316531877050920e+03 2.310510292470112290e+03 2.144071814294979504e+03 2.506180263966431085e+03
1.791284454622002158e+03 8.629697955099276214e+02 9.596435170631357323e+02 1.187198200432648491e+03 1.624006680855543209e+03 1.814384543484743745e+03 1.950185962257721258e+03 2.134214006161208999e+03 1.769102332598641397e+03 1.882299024128346900e+03 2.068576363284269519e+03 2.328971756385445588e+03 2.159192240998791021e+03 2.522210476630020366e+03
2.261675949222864801e+03 8.694851796050766097e+02 9.655143420512032435e+02 1.197229041568604316e+03 1.634949523275859065e+03 1.825255833392717705e+03 1.963597952849841704e+03 2.150718590176114958e+03 1.781349542129193424e+03 1.898386022989256162e+03 2.089250347383108419e+03 2.345862841266199212e+03 2.178987067589426715e+03 2.536855281820034179e+03
2.855592301990106080e+03 8.764709591999427403e+02 9.718103733552833319e+02 1.207997158197430281e+03 1.646740220972607403e+03 1.836895024330922297e+03 1.977975155688219729e+03 2.168436993103576697e+03 1.794458932837610064e+03 1.915671193668344358e+03 2.111506592760610602e+03 2.363935484629133043e+03 2.199846904278741476e+03 2.552496236354214943e+03
3.605471154250505606e+03 8.837152226697944570e+02 9.783413811786439283e+02 1.219183266554280408e+03 1.659053671287367706e+03 1.848939479041830282e+03 1.992879694922185990e+03 2.186844253136152474e+03 1.808020420035159304e+03 1.933650885509594218e+03 2.134720463977055715e+03 2.382620086191217524e+03 2.220933848441338796e+03 2.568624416688282508e+03
4.552268275507309227e+03 8.905438225182758742e+02 9.845573932135457653e+02 1.229820983307144388e+03 1.671063698790736225e+03 1.860305523518025439e+03 2.006950303331739633e+03 2.204343650187880939e+03 1.820783940256428195e+03 1.950764079547266647e+03 2.156903304666257554e+03 2.400255791505545858e+03 2.238891465928811158e+03 2.583764508997745907e+03
5.747694424835346581e+03 8.980629220064042784e+02 9.914200197019181360e+02 1.241569863625582457e+03 1.684339591816978555e+03 1.872812757909528273e+03 2.022442637372672380e+03 2.223669071473382701e+03 1.834843675695835373e+03 1.969670527640040063e+03 2.181460404980520252e+03 2.419670731382117992e+03 2.258248055432301499e+03 2.600390250492819632e+03
7.257039612324216250e+03 9.052350545063472964e+02 9.979822894230263728e+02 1.252829478026826791e+03 1.696846957438056734e+03 1.884701121948892023e+03 2.037197539248616977e+03 2.242187332375163805e+03 1.848292947267041882e+03 1.987798257032098036e+03 2.205118328621812452e+03 2.438154264832956414e+03 2.276804090052652100e+03 2.616132143079765683e+03
9.162739011886731532e+03 9.126106112848838166e+02 1.004695395282422055e+03 1.264406750265975461e+03 1.709110526489699168e+03 1.896855269049410026e+03 2.052324111462200563e+03 2.261241103525141625e+03 1.862192478058628467e+03 2.006448989685575270e+03 2.229558752735282269e+03 2.457063181358981183e+03 2.295873406891542800e+03 2.632182597752479069e+03
1.156887528316283351e+04 9.207702588853621819e+02 1.012093705449210688e+03 1.277213628326009939e+03 1.722173838466991810e+03 1.910243112306263583e+03 2.069021162113373975e+03 2.282329134495945709e+03 1.877626957320779638e+03 2.027091009338922504e+03 2.256690196148134419e+03 2.477899929294131198e+03 2.316958963817470249e+03 2.649825743468290966e+03
1.460686320364988933e+04 9.279755697862990473e+02 1.018604619111178977e+03 1.288532708048978975e+03 1.732176974712948095e+03 1.921976170732897344e+03 2.083744002490637286e+03 2.300977834367460218e+03 1.891398109225651524e+03 2.045400894237884586e+03 2.280873837542250840e+03 2.496094755866236937e+03 2.335542907243718673e+03 2.665189210107650069e+03
1.844262708585532891e+04 9.359630224574108297e+02 1.025834587841417942e+03 1.301088894017552320e+03 1.742242104664358749e+03 1.934968894902751344e+03 2.100075169017482494e+03 2.321668117145938595e+03 1.906754820476673331e+03 2.065749031770033980e+03 2.307777632101358449e+03 2.516177677776510791e+03 2.356137449656046101e+03 2.682136767861451517e+03
2.328566298498196556e+04 9.442387498123578098e+02 1.033348310322140605e+03 1.314113861053710934e+03 1.750769723996000948e+03 1.948404610413470891e+03 2.117014588003040444e+03 2.343137161451116754e+03 1.922834135953866962e+03 2.086925678856033301e+03 2.335828778310135021e+03 2.536823959343739261e+03 2.377462826929290259e+03 2.699540731346744451e+03
2.940048064334707669e+04 9.520595952451388939e+02 1.040461510852930587e+03 1.326450001125437211e+03 1.757002909446754302e+03 1.961033173463426692e+03 2.132976877464597692e+03 2.363422968734124879e+03 1.938259284239472663e+03 2.107012931945161654e+03 2.362541615263878157e+03 2.556136748000344596e+03 2.397628724403300566e+03 2.715826817998932711e+03
3.712105009066357161e+04 9.606730265991309352e+02 1.048294509995889484e+03 1.340047495472861101e+03 1.762835282818605037e+03 1.974871577724912640e+03 2.150504833492812850e+03 2.385735988093620563e+03 1.955385545390646030e+03 2.129164988093620650e+03 2.392073019752459459e+03 2.577269392098162825e+03 2.419827221214428391e+03 2.733643750580799860e+03
4.686904192314192187e+04 9.690228140324771857e+02 1.055858088844122221e+03 1.353235859194729983e+03 1.766532685454174270e+03 1.988047929092539562e+03 2.167309516459119550e+03 2.407220684272460403e+03 1.972276116689780110e+03 2.150649684272460036e+03 2.420899066226061677e+03 2.597409905837365841e+03 2.441263267358589474e+03 2.750591981180293715e+03
5.917685748188818980e+04 9.776150887453505902e+02 1.063603661898860310e+03 1.366792252709069999e+03 1.769718360971853372e+03 2.001464580234922778e+03 2.184524690532433397e+03 2.429249582751566322e+03 1.989790792001594127e+03 2.172781960295824774e+03 2.450704286690518529e+03 2.617926628339064337e+03 2.463264147244052765e+03 2.768013987644310419e+03
7.471670675868081162e+04 9.868207407257048089e+02 1.071863239518427918e+03 1.381300917749953896e+03 1.772491496242038465e+03 2.015691855542369012e+03 2.202888657902470186e+03 2.452768636336283180e+03 2.008693870543170078e+03 2.196518630707102602e+03 2.482784031207687804e+03 2.639692255710983318e+03 2.486775968849639867e+03 2.786660659653080984e+03
9.433732216299773427e+04 9.953665730628774782e+02 1.079458793150320162e+03 1.394795832609139779e+03 1.775956125832040243e+03 2.028715224961056265e+03 2.219928166130574482e+03 2.474602133383444652e+03 2.026460082985964164e+03 2.218732314886208769e+03 2.512996947997971347e+03 2.659643107403371687e+03 2.508608034922011939e+03 2.804999464468072802e+03
1.191103133283005591e+05 1.004748462791496650e+03 1.087791626382388131e+03 1.409634360975555182e+03 1.780396987897736835e+03 2.042971859507755198e+03 2.238645201822434501e+03 2.498608863834335807e+03 2.046035143189308656e+03 2.243227316634275212e+03 2.546414574265425927e+03 2.681467395197931182e+03 2.532603339500405582e+03 2.825389444775584707e+03
1.503886946955410240e+05 1.013924505546031810e+03 1.095937571456380510e+03 1.424199854829136711e+03 1.786148314620474594e+03 2.056842926517942487e+03 2.256977945703341902e+03 2.522178197559454475e+03 2.065320618238106817e+03 2.267419949925027595e+03 2.579637252214258751e+03 2.702659580429490234e+03 2.556137109586643874e+03 2.845807964880630607e+03
1.898807824465261365e+05 1.023088378007014626e+03 1.104096654335201038e+03 1.438768915629581215e+03 1.794344909296580681e+03 2.070447134023487251e+03 2.275332922849592251e+03 2.545836182412886956e+03 2.084636173166119988e+03 2.291839979558254527e+03 2.613824543993617226e+03 2.723686617173943887e+03 2.579726038083875665e+03 2.866347842239457350e+03
2.397434967801078456e+05 1.033224764318310918e+03 1.113123872540323873e+03 1.454882275824506905e+03 1.804919356025347270e+03 2.085388055905885722e+03 2.295660129263626914e+03 2.572069145423848113e+03 2.106029565917335276e+03 2.319000422637009706e+03 2.652208445649401256e+03 2.746846415930369858e+03 2.605860420948221872e+03 2.889041044287485875e+03
3.027001653763461509e+05 1.042374551638717094e+03 1.121192477459444717e+03 1.469317185879782983e+03 1.817032033124522059e+03 2.098999941022615076e+03 2.314021282748762133e+03 2.595794763616346245e+03 2.125346375698020438e+03 2.343698868148955626e+03 2.687477136631086978e+03 2.767486578759725944e+03 2.629448670949538155e+03 2.908688840356406672e+03
3.821892620633114711e+05 1.052288522985669260e+03 1.129829461047320819e+03 1.484806693260330121e+03 1.831413751091116183e+03 2.114351472519666913e+03 2.333909683951908391e+03 2.621486178690310226e+03 2.146164959791569800e+03 2.370451706614122486e+03 2.726052362926150636e+03 2.789977983304125701e+03 2.654913458131863081e+03 2.928298086380293171e+03
4.825522042741279001e+05 1.063038466803630854e+03 1.139062124117793701e+03 1.501412524115267843e+03 1.848588643243061597e+03 2.131755155830887361e+03 2.355467255477847175e+03 2.649324164758395909e+03 2.168598807938868958e+03 2.399449851818476418e+03 2.768334006173982289e+03 2.814526043240535728e+03 2.682407933394238171e+03 2.947449785999065170e+03
6.092704661368674133e+05 1.072738547945838491e+03 1.147270775470171657e+03 1.516117591797158639e+03 1.865631315338350532e+03 2.148782974155057673e+03 2.374960350953115267e+03 2.674450681755514324e+03 2.188663925903683321e+03 2.425719202473868791e+03 2.805512381071897380e+03 2.836356873140877724e+03 2.707205293472464291e+03 2.961593165802523799e+03
7.692649574879145948e+05 1.083534363950808938e+03 1.156354957164083089e+03 1.532325933489494673e+03 1.885031721575535585e+03 2.168633585540239892e+03 2.396674279321880476e+03 2.702433560422258779e+03 2.210924081962815308e+03 2.455040015328078425e+03 2.845123532448549213e+03 2.860253157596281653e+03 2.735501114453051741e+03 2.975582047414559838e+03
9.712740198471168987e+05 1.094471711077428608e+03 1.165461212040340115e+03 1.548403501622590511e+03 1.905235859378662326e+03 2.190833656951840567e+03 2.418710124455064488e+03 2.730834865313252976e+03 2.233346197144111102e+03 2.484950725789240551e+03 2.880333154477354583e+03 2.883396761259160940e+03 2.766308611108714558e+03 2.985963977577095648e+03
1.226330684177561896e+06 1.105237496142975033e+03 1.174329598463100865e+03 1.563942488433663129e+03 1.925586129704189034e+03 2.214060256796042722e+03 2.440377512774927709e+03 2.758713252241883765e+03 2.255261488037492200e+03 2.514510999310536135e+03 2.910947685002724938e+03 2.904852088618617927e+03 2.796836716622837685e+03 2.993394969847478478e+03
1.548365256585499039e+06 1.117015256760042803e+03 1.183957431752806542e+03 1.580705058616112638e+03 1.948180514324954856e+03 2.240520377276421186e+03 2.464067776658396724e+03 2.789126063441336100e+03 2.279089765268859537e+03 2.546942850441661449e+03 2.941037537971578786e+03 2.927071727387309693e+03 2.829890782971988301e+03 2.999368496006994519e+03
1.954966143091259757e+06 1.129154704708018699e+03 1.193728762168208732e+03 1.597287134747578875e+03 1.971681322798939391e+03 2.269595046809944506e+03 2.488518283733686985e+03 2.819899333423414646e+03 2.302947221465891289e+03 2.580565216227657402e+03 2.961259638981805438e+03 2.944036718259068948e+03 2.855490034268157160e+03 3.001415572217676527e+03
2.468340467068651225e+06 1.142247629620284215e+03 1.204223591290112836e+03 1.614966730084756364e+03 1.997346761995177985e+03 2.301574034219329405e+03 2.514937457013445510e+03 2.852955469213240121e+03 2.328474834498646942e+03 2.616933619702493161e+03 2.979630809215429963e+03 2.960473634245875473e+03 2.880519342672199400e+03 3.002566202073833665e+03
3.116526944929430261e+06 1.155696817283033397e+03 1.214932975793668447e+03 1.632796535858380594e+03 2.024225329975075965e+03 2.335425426797240561e+03 2.542153388815184371e+03 2.886694407183871135e+03 2.354368146771577813e+03 2.654461511202513066e+03 2.992948373871930926e+03 2.974353471938778057e+03 2.902062706272603918e+03 3.002040987942104039e+03
3.934927263095845468e+06 1.167598227725638480e+03 1.224377273330811477e+03 1.648392615410371718e+03 2.048433757358194725e+03 2.365915305360480943e+03 2.566360553137501938e+03 2.916423068463079744e+03 2.377054854700519172e+03 2.687839604548221814e+03 3.000261062978140217e+03 2.984108379865279858e+03 2.917318210711129268e+03 3.001439752211333143e+03
4.968239594734387472e+06 1.180074408175654753e+03 1.234265957634675033e+03 1.664639758516829033e+03 2.074025989787741764e+03 2.398104085270977066e+03 2.591789961949110420e+03 2.947510412959232326e+03 2.400718931391962087e+03 2.722913605173963788e+03 3.005712285071606857e+03 2.993023153003562129e+03 2.931329318129453895e+03 3.000656790351564723e+03
6.272899858196243644e+06 1.190235810044129494e+03 1.242308733287106861e+03 1.677650451910543552e+03 2.095286834382224242e+03 2.424653612709285881e+03 2.612582089295452988e+03 2.972650756846858712e+03 2.419755036551223839e+03 2.751638756786045633e+03 3.005981509467692376e+03 2.997668486558543918e+03 2.938776647031984794e+03 2.999522894809492755e+03
7.920164050192541443e+06 1.199344712684406204e+03 1.249542110953714655e+03 1.689269276183508282e+03 2.114475494568465365e+03 2.448062282740856062e+03 2.631265284349368812e+03 2.995107241943773715e+03 2.436735080345742972e+03 2.777436125676922529e+03 3.005297647749834596e+03 3.000749420944006033e+03 2.943368811949788324e+03 2.999002292355503869e+03
1.000000000000000000e+07 1.208199000000000069e+03 1.256596999999999980e+03 1.700519000000000005e+03 2.133257999999999811e+03 2.470425000000000182e+03 2.649471000000000004e+03 3.016856000000000222e+03 2.453155999999999949e+03 2.802559999999999945e+03 3.003706000000000131e+03 3.002659000000000106e+03 2.945744999999999891e+03 2.998992999999999938e+03
