0.001
0.0011233240329780276
0.0012618568830660211
0.0014174741629268048
0.0015922827933410922
0.001788649529057435
0.002009233002565048
0.002257019719633919
0.0025353644939701114
0.002848035868435802
0.0031992671377973846
0.003593813663804626
0.004037017258596553
0.004534878508128582
0.0050941380148163806
0.00572236765935022
0.006428073117284319
0.007220809018385464
0.008111308307896872
0.009111627561154887
0.010235310218990263
0.011497569953977356
0.01291549665014884
0.014508287784959394
0.016297508346206444
0.01830738280295368
0.020565123083486514
0.02310129700083159
0.02595024211399736
0.029150530628251757
0.03274549162877728
0.036783797718286326
0.04132012400115337
0.046415888336127795
0.052140082879996844
0.05857020818056667
0.0657933224657568
0.07390722033525779
0.08302175681319744
0.093260334688322
0.10476157527896651
0.11768119524349979
0.13219411484660287
0.1484968262254465
0.1668100537200059
0.1873817422860383
0.21049041445120198
0.23644894126454072
0.26560877829466867
0.298364724028334
0.3351602650938841
0.37649358067924676
0.4229242874389499
0.4750810162102798
0.5336699231206307
0.5994842503189409
0.6734150657750821
0.7564633275546291
0.8497534359086438
0.9545484566618337
1.072267222010323
1.2045035402587825
1.3530477745798062
1.5199110829529332
1.7073526474706904
1.9179102616724888
2.1544346900318843
2.420128264794381
2.71858824273294
3.0538555088334154
3.4304692863149193
3.8535285937105273
4.328761281083057
4.862601580065354
5.462277217684343
6.13590727341317
6.892612104349695
7.742636826811269
8.697490026177835
9.770099572992246
10.974987654930567
12.32846739442066
13.848863713938718
15.556761439304722
17.47528400007683
19.630406500402724
22.051307399030456
24.77076355991709
27.825594022071257
31.25715849688235
35.11191734215127
39.442060594376564
44.30621457583877
49.770235643321136
55.90810182512222
62.80291441834247
70.54802310718645
79.24828983539169
89.02150854450393
100.0
