0.1
0.10549763580417751
0.1112975116027088
0.11741624344973793
0.12387136088955099
0.13068135717693688
0.13786574225848125
0.14544509866657862
0.1534411404862938
0.16187677556400662
0.17077617113606153
0.1801648230654411
0.19006962888481985
0.20051896485525908
0.21154276726130794
0.22317261817541356
0.23544183593734544
0.24838557060784983
0.26204090466999763
0.27644695926672613
0.29164500627893375
0.3076785865652201
0.32459363470201696
0.34243861058147634
0.3612646382441316
0.3811256523440733
0.40207855266624626
0.42418336713854454
0.44750342380571895
0.47210553225778246
0.4980601750326891
0.5254417095416356
0.5543285810954789
0.5848035476425731
0.6169539168618717
0.6508717962905455
0.6866543572027081
0.724404112995229
0.7642292128781892
0.8062437517113648
0.8505680968743927
0.8973292331070707
0.9466611263077167
0.9987051073318398
1.0536102768906646
1.1115339327094995
1.1726420201697199
1.237109607725401
1.3051213884566324
1.376872209196403
1.4525676287469542
1.5324245067848399
1.6166716251418338
1.7055503432416097
1.799315289569933
1.8982350911593697
2.0025931431784088
2.11268842082979
2.228836335884041
2.3513696403021203
2.4806393795359294
2.6170158982378235
2.760889901260365
2.9126735729859763
3.0728017581932696
3.2417332078430987
3.4199518933533932
3.6079683931280377
3.8063213553120527
4.015579040963743
4.236340952064814
4.469239549032563
4.714942062654641
4.974152405637368
5.247613189244046
5.536107850800668
5.840462898164167
6.161550277583344
6.500289871736168
6.85765213510006
7.2346608742052645
7.632396180736395
8.051997525885236
8.494667024819794
8.961672880621947
9.454353017560285
9.974118914107017
10.522459646680211
11.100946155696226
11.711235746154255
12.35507683564646
13.034313963396608
13.750893074677217
14.506867095744829
15.304401815264951
16.145782089076143
17.03341838606968
17.969853693937612
18.95777080457383
20.000000000000004
