3.079999999999999716e+01
2.173999999999999773e+02
5.000000000000000000e+02
9.615000000000000000e+02
1.549899999999999864e+03
1.915699999999999818e+03
2.272700000000000273e+03
2.631599999999999909e+03
3.041049999999999727e+03
3.345150000000000091e+03
3.992599999999999909e+03
4.608299999999999272e+03
4.951000000000000000e+03
5.627800000000000182e+03
6.279299999999999272e+03
6.680000000000000000e+03
7.518799999999999272e+03
8.354500000000000000e+03
9.090900000000001455e+03
9.950000000000000000e+03
1.041670000000000073e+04
1.098900000000000000e+04
1.162789999999999964e+04
1.273889999999999964e+04
1.342279999999999927e+04
1.481500000000000000e+04
1.633990000000000146e+04
1.748250000000000000e+04
2.018980000000000291e+04
2.500000000000000000e+04
3.830000000000000000e+04
