1.240999999999999943e+02
3.586999999999999886e+02
7.307500000000000000e+02
1.255700000000000045e+03
1.732799999999999955e+03
2.094199999999999818e+03
2.452150000000000091e+03
2.836324999999999818e+03
3.193099999999999909e+03
3.668875000000000000e+03
4.300449999999999818e+03
4.779649999999999636e+03
5.289399999999999636e+03
5.953550000000000182e+03
6.479649999999999636e+03
7.099399999999999636e+03
7.936649999999999636e+03
8.722700000000000728e+03
9.520450000000000728e+03
1.018335000000000036e+04
1.070285000000000036e+04
1.130845000000000073e+04
1.218339999999999964e+04
1.308085000000000036e+04
1.411889999999999964e+04
1.557745000000000073e+04
1.691120000000000073e+04
1.883615000000000146e+04
2.259490000000000146e+04
3.165000000000000000e+04
