   Layer  Temp. Press.
  number    (K) (bar)
  
     1	  75.0 1.0E-06
     2	  75.0 3.0E-06
     3	  75.0 1.0E-05
     4	  75.0 3.0E-05
     5	  75.0 1.0E-04
     6	  75.0 3.0E-04
     7	  75.0 1.0E-03
     8	  75.0 3.0E-03
     9	  75.0 1.0E-02
    10	  75.0 3.0E-02
    11	  75.0 1.0E-01
    12	  75.0 3.0E-01
    13	  75.0 1.0E+00
    14	  75.0 3.0E+00
    15	  75.0 1.0E+01
    16	  75.0 3.0E+01
    17	  75.0 1.0E+02
    18	  75.0 3.0E+02
    19	  75.0 1.0E+03
    20	  75.0 3.0E+03
    21	 100.0 1.0E-06
    22	 100.0 3.0E-06
    23	 100.0 1.0E-05
    24	 100.0 3.0E-05
    25	 100.0 1.0E-04
    26	 100.0 3.0E-04
    27	 100.0 1.0E-03
    28	 100.0 3.0E-03
    29	 100.0 1.0E-02
    30	 100.0 3.0E-02
    31	 100.0 1.0E-01
    32	 100.0 3.0E-01
    33	 100.0 1.0E+00
    34	 100.0 3.0E+00
    35	 100.0 1.0E+01
    36	 100.0 3.0E+01
    37	 100.0 1.0E+02
    38	 100.0 3.0E+02
    39	 100.0 1.0E+03
    40	 100.0 3.0E+03
    41	 110.0 1.0E-06
    42	 110.0 3.0E-06
    43	 110.0 1.0E-05
    44	 110.0 3.0E-05
    45	 110.0 1.0E-04
    46	 110.0 3.0E-04
    47	 110.0 1.0E-03
    48	 110.0 3.0E-03
    49	 110.0 1.0E-02
    50	 110.0 3.0E-02
    51	 110.0 1.0E-01
    52	 110.0 3.0E-01
    53	 110.0 1.0E+00
    54	 110.0 3.0E+00
    55	 110.0 1.0E+01
    56	 110.0 3.0E+01
    57	 110.0 1.0E+02
    58 	 110.0 3.0E+02
    59	 110.0 1.0E+03
    60	 110.0 3.0E+03
    61	 120.0 1.0E-06
    62	 120.0 3.0E-06
    63	 120.0 1.0E-05
    64	 120.0 3.0E-05
    65	 120.0 1.0E-04
    66	 120.0 3.0E-04
    67	 120.0 1.0E-03
    68	 120.0 3.0E-03
    69	 120.0 1.0E-02
    70	 120.0 3.0E-02
    71	 120.0 1.0E-01
    72	 120.0 3.0E-01
    73	 120.0 1.0E+00
    74	 120.0 3.0E+00
    75	 120.0 1.0E+01
    76	 120.0 3.0E+01
    77	 120.0 1.0E+02
    78	 120.0 3.0E+02
    79	 120.0 1.0E+03
    80	 120.0 3.0E+03
    81	 130.0 1.0E-06
    82	 130.0 3.0E-06
    83	 130.0 1.0E-05
    84	 130.0 3.0E-05
    85	 130.0 1.0E-04
    86	 130.0 3.0E-04
    87	 130.0 1.0E-03
    88	 130.0 3.0E-03
    89	 130.0 1.0E-02
    90	 130.0 3.0E-02
    91	 130.0 1.0E-01
    92	 130.0 3.0E-01
    93	 130.0 1.0E+00
    94	 130.0 3.0E+00
    95	 130.0 1.0E+01
    96	 130.0 3.0E+01
    97	 130.0 1.0E+02
    98	 130.0 3.0E+02
    99	 130.0 1.0E+03
   100	 130.0 3.0E+03
   101	 140.0 1.0E-06
   102	 140.0 3.0E-06
   103	 140.0 1.0E-05
   104	 140.0 3.0E-05
   105	 140.0 1.0E-04
   106	 140.0 3.0E-04
   107	 140.0 1.0E-03
   108	 140.0 3.0E-03
   109	 140.0 1.0E-02
   110	 140.0 3.0E-02
   111	 140.0 1.0E-01
   112	 140.0 3.0E-01
   113	 140.0 1.0E+00
   114	 140.0 3.0E+00
   115	 140.0 1.0E+01
   116	 140.0 3.0E+01
   117	 140.0 1.0E+02
   118	 140.0 3.0E+02
   119	 140.0 1.0E+03
   120	 140.0 3.0E+03
   121	 150.0 1.0E-06
   122	 150.0 3.0E-06
   123	 150.0 1.0E-05
   124	 150.0 3.0E-05
   125	 150.0 1.0E-04
   126	 150.0 3.0E-04
   127	 150.0 1.0E-03
   128	 150.0 3.0E-03
   129	 150.0 1.0E-02
   130	 150.0 3.0E-02
   131	 150.0 1.0E-01
   132	 150.0 3.0E-01
   133	 150.0 1.0E+00
   134	 150.0 3.0E+00
   135	 150.0 1.0E+01
   136	 150.0 3.0E+01
   137	 150.0 1.0E+02
   138	 150.0 3.0E+02
   139	 150.0 1.0E+03
   140	 150.0 3.0E+03
   141	 160.0 1.0E-06
   142	 160.0 3.0E-06
   143	 160.0 1.0E-05
   144	 160.0 3.0E-05
   145	 160.0 1.0E-04
   146	 160.0 3.0E-04
   147	 160.0 1.0E-03
   148	 160.0 3.0E-03
   149	 160.0 1.0E-02
   150	 160.0 3.0E-02
   151	 160.0 1.0E-01
   152	 160.0 3.0E-01
   153	 160.0 1.0E+00
   154	 160.0 3.0E+00
   155	 160.0 1.0E+01
   156	 160.0 3.0E+01
   157	 160.0 1.0E+02
   158	 160.0 3.0E+02
   159	 160.0 1.0E+03
   160	 160.0 3.0E+03
   161	 170.0 1.0E-06
   162	 170.0 3.0E-06
   163	 170.0 1.0E-05
   164	 170.0 3.0E-05
   165	 170.0 1.0E-04
   166	 170.0 3.0E-04
   167	 170.0 1.0E-03
   168	 170.0 3.0E-03
   169	 170.0 1.0E-02
   170	 170.0 3.0E-02
   171	 170.0 1.0E-01
   172	 170.0 3.0E-01
   173	 170.0 1.0E+00
   174	 170.0 3.0E+00
   175	 170.0 1.0E+01
   176	 170.0 3.0E+01
   177	 170.0 1.0E+02
   178	 170.0 3.0E+02
   179	 170.0 1.0E+03
   180	 170.0 3.0E+03
   181	 180.0 1.0E-06
   182	 180.0 3.0E-06
   183	 180.0 1.0E-05
   184	 180.0 3.0E-05
   185	 180.0 1.0E-04
   186	 180.0 3.0E-04
   187	 180.0 1.0E-03
   188	 180.0 3.0E-03
   189	 180.0 1.0E-02
   190	 180.0 3.0E-02
   191	 180.0 1.0E-01
   192	 180.0 3.0E-01
   193	 180.0 1.0E+00
   194	 180.0 3.0E+00
   195	 180.0 1.0E+01
   196	 180.0 3.0E+01
   197	 180.0 1.0E+02
   198	 180.0 3.0E+02
   199	 180.0 1.0E+03
   200	 180.0 3.0E+03
   201	 190.0 1.0E-06
   202	 190.0 3.0E-06
   203	 190.0 1.0E-05
   204	 190.0 3.0E-05
   205	 190.0 1.0E-04
   206	 190.0 3.0E-04
   207	 190.0 1.0E-03
   208	 190.0 3.0E-03
   209	 190.0 1.0E-02
   210	 190.0 3.0E-02
   211	 190.0 1.0E-01
   212	 190.0 3.0E-01
   213	 190.0 1.0E+00
   214	 190.0 3.0E+00
   215	 190.0 1.0E+01
   216	 190.0 3.0E+01
   217	 190.0 1.0E+02
   218	 190.0 3.0E+02
   219	 190.0 1.0E+03
   220	 190.0 3.0E+03
   221	 200.0 1.0E-06
   222	 200.0 3.0E-06
   223	 200.0 1.0E-05
   224	 200.0 3.0E-05
   225	 200.0 1.0E-04
   226	 200.0 3.0E-04
   227	 200.0 1.0E-03
   228	 200.0 3.0E-03
   229	 200.0 1.0E-02
   230	 200.0 3.0E-02
   231	 200.0 1.0E-01
   232	 200.0 3.0E-01
   233	 200.0 1.0E+00
   234	 200.0 3.0E+00
   235	 200.0 1.0E+01
   236	 200.0 3.0E+01
   237	 200.0 1.0E+02
   238	 200.0 3.0E+02
   239	 200.0 1.0E+03
   240	 200.0 3.0E+03
   241	 210.0 1.0E-06
   242	 210.0 3.0E-06
   243	 210.0 1.0E-05
   244	 210.0 3.0E-05
   245	 210.0 1.0E-04
   246	 210.0 3.0E-04
   247	 210.0 1.0E-03
   248	 210.0 3.0E-03
   249	 210.0 1.0E-02
   250	 210.0 3.0E-02
   251	 210.0 1.0E-01
   252	 210.0 3.0E-01
   253	 210.0 1.0E+00
   254	 210.0 3.0E+00
   255	 210.0 1.0E+01
   256	 210.0 3.0E+01
   257	 210.0 1.0E+02
   258	 210.0 3.0E+02
   259	 210.0 1.0E+03
   260	 210.0 3.0E+03
   261	 220.0 1.0E-06
   262	 220.0 3.0E-06
   263	 220.0 1.0E-05
   264	 220.0 3.0E-05
   265	 220.0 1.0E-04
   266	 220.0 3.0E-04
   267	 220.0 1.0E-03
   268	 220.0 3.0E-03
   269	 220.0 1.0E-02
   270	 220.0 3.0E-02
   271	 220.0 1.0E-01
   272	 220.0 3.0E-01
   273	 220.0 1.0E+00
   274	 220.0 3.0E+00
   275	 220.0 1.0E+01
   276	 220.0 3.0E+01
   277	 220.0 1.0E+02
   278	 220.0 3.0E+02
   279	 220.0 1.0E+03
   280	 220.0 3.0E+03
   281	 230.0 1.0E-06
   282	 230.0 3.0E-06
   283	 230.0 1.0E-05
   284	 230.0 3.0E-05
   285	 230.0 1.0E-04
   286	 230.0 3.0E-04
   287	 230.0 1.0E-03
   288	 230.0 3.0E-03
   289	 230.0 1.0E-02
   290	 230.0 3.0E-02
   291	 230.0 1.0E-01
   292	 230.0 3.0E-01
   293	 230.0 1.0E+00
   294	 230.0 3.0E+00
   295	 230.0 1.0E+01
   296	 230.0 3.0E+01
   297	 230.0 1.0E+02
   298	 230.0 3.0E+02
   299	 230.0 1.0E+03
   300	 230.0 3.0E+03
   301	 240.0 1.0E-06
   302	 240.0 3.0E-06
   303	 240.0 1.0E-05
   304	 240.0 3.0E-05
   305	 240.0 1.0E-04
   306	 240.0 3.0E-04
   307	 240.0 1.0E-03
   308	 240.0 3.0E-03
   309	 240.0 1.0E-02
   310	 240.0 3.0E-02
   311	 240.0 1.0E-01
   312	 240.0 3.0E-01
   313	 240.0 1.0E+00
   314	 240.0 3.0E+00
   315	 240.0 1.0E+01
   316	 240.0 3.0E+01
   317	 240.0 1.0E+02
   318	 240.0 3.0E+02
   319	 240.0 1.0E+03
   320	 240.0 3.0E+03
   321	 250.0 1.0E-06
   322	 250.0 3.0E-06
   323	 250.0 1.0E-05
   324	 250.0 3.0E-05
   325	 250.0 1.0E-04
   326	 250.0 3.0E-04
   327	 250.0 1.0E-03
   328	 250.0 3.0E-03
   329	 250.0 1.0E-02
   330	 250.0 3.0E-02
   331	 250.0 1.0E-01
   332	 250.0 3.0E-01
   333	 250.0 1.0E+00
   334	 250.0 3.0E+00
   335	 250.0 1.0E+01
   336	 250.0 3.0E+01
   337	 250.0 1.0E+02
   338	 250.0 3.0E+02
   339	 250.0 1.0E+03
   340	 250.0 3.0E+03
   341	 260.0 1.0E-06
   342	 260.0 3.0E-06
   343	 260.0 1.0E-05
   344	 260.0 3.0E-05
   345	 260.0 1.0E-04
   346	 260.0 3.0E-04
   347	 260.0 1.0E-03
   348	 260.0 3.0E-03
   349	 260.0 1.0E-02
   350	 260.0 3.0E-02
   351	 260.0 1.0E-01
   352	 260.0 3.0E-01
   353	 260.0 1.0E+00
   354	 260.0 3.0E+00
   355	 260.0 1.0E+01
   356	 260.0 3.0E+01
   357	 260.0 1.0E+02
   358	 260.0 3.0E+02
   359	 260.0 1.0E+03
   360	 260.0 3.0E+03
   361	 270.0 1.0E-06
   362	 270.0 3.0E-06
   363	 270.0 1.0E-05
   364	 270.0 3.0E-05
   365	 270.0 1.0E-04
   366	 270.0 3.0E-04
   367	 270.0 1.0E-03
   368	 270.0 3.0E-03
   369	 270.0 1.0E-02
   370	 270.0 3.0E-02
   371	 270.0 1.0E-01
   372	 270.0 3.0E-01
   373	 270.0 1.0E+00
   374	 270.0 3.0E+00
   375	 270.0 1.0E+01
   376	 270.0 3.0E+01
   377	 270.0 1.0E+02
   378	 270.0 3.0E+02
   379	 270.0 1.0E+03
   380	 270.0 3.0E+03
   381	 275.0 1.0E-06
   382	 275.0 3.0E-06
   383	 275.0 1.0E-05
   384	 275.0 3.0E-05
   385	 275.0 1.0E-04
   386	 275.0 3.0E-04
   387	 275.0 1.0E-03
   388	 275.0 3.0E-03
   389	 275.0 1.0E-02
   390	 275.0 3.0E-02
   391	 275.0 1.0E-01
   392	 275.0 3.0E-01
   393	 275.0 1.0E+00
   394	 275.0 3.0E+00
   395	 275.0 1.0E+01
   396	 275.0 3.0E+01
   397	 275.0 1.0E+02
   398	 275.0 3.0E+02
   399	 275.0 1.0E+03
   400	 275.0 3.0E+03
   401	 280.0 1.0E-06
   402	 280.0 3.0E-06
   403	 280.0 1.0E-05
   404	 280.0 3.0E-05
   405	 280.0 1.0E-04
   406	 280.0 3.0E-04
   407	 280.0 1.0E-03
   408	 280.0 3.0E-03
   409	 280.0 1.0E-02
   410	 280.0 3.0E-02
   411	 280.0 1.0E-01
   412	 280.0 3.0E-01
   413	 280.0 1.0E+00
   414	 280.0 3.0E+00
   415	 280.0 1.0E+01
   416	 280.0 3.0E+01
   417	 280.0 1.0E+02
   418	 280.0 3.0E+02
   419	 280.0 1.0E+03
   420	 280.0 3.0E+03
   421	 290.0 1.0E-06
   422	 290.0 3.0E-06
   423	 290.0 1.0E-05
   424	 290.0 3.0E-05
   425	 290.0 1.0E-04
   426	 290.0 3.0E-04
   427	 290.0 1.0E-03
   428	 290.0 3.0E-03
   429	 290.0 1.0E-02
   430	 290.0 3.0E-02
   431	 290.0 1.0E-01
   432	 290.0 3.0E-01
   433	 290.0 1.0E+00
   434	 290.0 3.0E+00
   435	 290.0 1.0E+01
   436	 290.0 3.0E+01
   437	 290.0 1.0E+02
   438	 290.0 3.0E+02
   439	 290.0 1.0E+03
   440	 290.0 3.0E+03
   441	 300.0 1.0E-06
   442	 300.0 3.0E-06
   443	 300.0 1.0E-05
   444	 300.0 3.0E-05
   445	 300.0 1.0E-04
   446	 300.0 3.0E-04
   447	 300.0 1.0E-03
   448	 300.0 3.0E-03
   449	 300.0 1.0E-02
   450	 300.0 3.0E-02
   451	 300.0 1.0E-01
   452	 300.0 3.0E-01
   453	 300.0 1.0E+00
   454	 300.0 3.0E+00
   455	 300.0 1.0E+01
   456	 300.0 3.0E+01
   457	 300.0 1.0E+02
   458	 300.0 3.0E+02
   459	 300.0 1.0E+03
   460	 300.0 3.0E+03
   461	 310.0 1.0E-06
   462	 310.0 3.0E-06
   463	 310.0 1.0E-05
   464	 310.0 3.0E-05
   465	 310.0 1.0E-04
   466	 310.0 3.0E-04
   467	 310.0 1.0E-03
   468	 310.0 3.0E-03
   469	 310.0 1.0E-02
   470	 310.0 3.0E-02
   471	 310.0 1.0E-01
   472	 310.0 3.0E-01
   473	 310.0 1.0E+00
   474	 310.0 3.0E+00
   475	 310.0 1.0E+01
   476	 310.0 3.0E+01
   477	 310.0 1.0E+02
   478	 310.0 3.0E+02
   479	 310.0 1.0E+03
   480	 310.0 3.0E+03
   481	 320.0 1.0E-06
   482	 320.0 3.0E-06
   483	 320.0 1.0E-05
   484	 320.0 3.0E-05
   485	 320.0 1.0E-04
   486	 320.0 3.0E-04
   487	 320.0 1.0E-03
   488	 320.0 3.0E-03
   489	 320.0 1.0E-02
   490	 320.0 3.0E-02
   491	 320.0 1.0E-01
   492	 320.0 3.0E-01
   493	 320.0 1.0E+00
   494	 320.0 3.0E+00
   495	 320.0 1.0E+01
   496	 320.0 3.0E+01
   497	 320.0 1.0E+02
   498	 320.0 3.0E+02
   499	 320.0 1.0E+03
   500	 320.0 3.0E+03
   501	 330.0 1.0E-06
   502	 330.0 3.0E-06
   503	 330.0 1.0E-05
   504	 330.0 3.0E-05
   505	 330.0 1.0E-04
   506	 330.0 3.0E-04
   507	 330.0 1.0E-03
   508	 330.0 3.0E-03
   509	 330.0 1.0E-02
   510	 330.0 3.0E-02
   511	 330.0 1.0E-01
   512	 330.0 3.0E-01
   513	 330.0 1.0E+00
   514	 330.0 3.0E+00
   515	 330.0 1.0E+01
   516	 330.0 3.0E+01
   517	 330.0 1.0E+02
   518	 330.0 3.0E+02
   519	 330.0 1.0E+03
   520	 330.0 3.0E+03
   521	 340.0 1.0E-06
   522	 340.0 3.0E-06
   523	 340.0 1.0E-05
   524	 340.0 3.0E-05
   525	 340.0 1.0E-04
   526	 340.0 3.0E-04
   527	 340.0 1.0E-03
   528	 340.0 3.0E-03
   529	 340.0 1.0E-02
   530	 340.0 3.0E-02
   531	 340.0 1.0E-01
   532	 340.0 3.0E-01
   533	 340.0 1.0E+00
   534	 340.0 3.0E+00
   535	 340.0 1.0E+01
   536	 340.0 3.0E+01
   537	 340.0 1.0E+02
   538	 340.0 3.0E+02
   539	 340.0 1.0E+03
   540	 340.0 3.0E+03
   541	 350.0 1.0E-06
   542	 350.0 3.0E-06
   543	 350.0 1.0E-05
   544	 350.0 3.0E-05
   545	 350.0 1.0E-04
   546	 350.0 3.0E-04
   547	 350.0 1.0E-03
   548	 350.0 3.0E-03
   549	 350.0 1.0E-02
   550	 350.0 3.0E-02
   551	 350.0 1.0E-01
   552	 350.0 3.0E-01
   553	 350.0 1.0E+00
   554	 350.0 3.0E+00
   555	 350.0 1.0E+01
   556	 350.0 3.0E+01
   557	 350.0 1.0E+02
   558	 350.0 3.0E+02
   559	 350.0 1.0E+03
   560	 350.0 3.0E+03
   561	 375.0 1.0E-06
   562	 375.0 3.0E-06
   563	 375.0 1.0E-05
   564	 375.0 3.0E-05
   565	 375.0 1.0E-04
   566	 375.0 3.0E-04
   567	 375.0 1.0E-03
   568	 375.0 3.0E-03
   569	 375.0 1.0E-02
   570	 375.0 3.0E-02
   571	 375.0 1.0E-01
   572	 375.0 3.0E-01
   573	 375.0 1.0E+00
   574	 375.0 3.0E+00
   575	 375.0 1.0E+01
   576	 375.0 3.0E+01
   577	 375.0 1.0E+02
   578	 375.0 3.0E+02
   579	 375.0 1.0E+03
   580	 375.0 3.0E+03
   581	 400.0 1.0E-06
   582	 400.0 3.0E-06
   583	 400.0 1.0E-05
   584	 400.0 3.0E-05
   585	 400.0 1.0E-04
   586	 400.0 3.0E-04
   587	 400.0 1.0E-03
   588	 400.0 3.0E-03
   589	 400.0 1.0E-02
   590	 400.0 3.0E-02
   591	 400.0 1.0E-01
   592	 400.0 3.0E-01
   593	 400.0 1.0E+00
   594	 400.0 3.0E+00
   595	 400.0 1.0E+01
   596	 400.0 3.0E+01
   597	 400.0 1.0E+02
   598	 400.0 3.0E+02
   599	 400.0 1.0E+03
   600	 400.0 3.0E+03
   601	 425.0 1.0E-06
   602	 425.0 3.0E-06
   603	 425.0 1.0E-05
   604	 425.0 3.0E-05
   605	 425.0 1.0E-04
   606	 425.0 3.0E-04
   607	 425.0 1.0E-03
   608	 425.0 3.0E-03
   609	 425.0 1.0E-02
   610	 425.0 3.0E-02
   611	 425.0 1.0E-01
   612	 425.0 3.0E-01
   613	 425.0 1.0E+00
   614	 425.0 3.0E+00
   615	 425.0 1.0E+01
   616	 425.0 3.0E+01
   617	 425.0 1.0E+02
   618	 425.0 3.0E+02
   619	 425.0 1.0E+03
   620	 425.0 3.0E+03
   621	 450.0 1.0E-06
   622	 450.0 3.0E-06
   623	 450.0 1.0E-05
   624	 450.0 3.0E-05
   625	 450.0 1.0E-04
   626	 450.0 3.0E-04
   627	 450.0 1.0E-03
   628	 450.0 3.0E-03
   629	 450.0 1.0E-02
   630	 450.0 3.0E-02
   631	 450.0 1.0E-01
   632	 450.0 3.0E-01
   633	 450.0 1.0E+00
   634	 450.0 3.0E+00
   635	 450.0 1.0E+01
   636	 450.0 3.0E+01
   637	 450.0 1.0E+02
   638	 450.0 3.0E+02
   639	 450.0 1.0E+03
   640	 450.0 3.0E+03
   641	 475.0 1.0E-06
   642	 475.0 3.0E-06
   643	 475.0 1.0E-05
   644	 475.0 3.0E-05
   645	 475.0 1.0E-04
   646	 475.0 3.0E-04
   647	 475.0 1.0E-03
   648	 475.0 3.0E-03
   649	 475.0 1.0E-02
   650	 475.0 3.0E-02
   651	 475.0 1.0E-01
   652	 475.0 3.0E-01
   653	 475.0 1.0E+00
   654	 475.0 3.0E+00
   655	 475.0 1.0E+01
   656	 475.0 3.0E+01
   657	 475.0 1.0E+02
   658	 475.0 3.0E+02
   659	 475.0 1.0E+03
   660	 475.0 3.0E+03
   661	 500.0 1.0E-06
   662	 500.0 3.0E-06
   663	 500.0 1.0E-05
   664	 500.0 3.0E-05
   665	 500.0 1.0E-04
   666	 500.0 3.0E-04
   667	 500.0 1.0E-03
   668	 500.0 3.0E-03
   669	 500.0 1.0E-02
   670	 500.0 3.0E-02
   671	 500.0 1.0E-01
   672	 500.0 3.0E-01
   673	 500.0 1.0E+00
   674	 500.0 3.0E+00
   675	 500.0 1.0E+01
   676	 500.0 3.0E+01
   677	 500.0 1.0E+02
   678	 500.0 3.0E+02
   679	 500.0 1.0E+03
   680	 500.0 3.0E+03
   681	 525.0 1.0E-06
   682	 525.0 3.0E-06
   683	 525.0 1.0E-05
   684	 525.0 3.0E-05
   685	 525.0 1.0E-04
   686	 525.0 3.0E-04
   687	 525.0 1.0E-03
   688	 525.0 3.0E-03
   689	 525.0 1.0E-02
   690	 525.0 3.0E-02
   691	 525.0 1.0E-01
   692	 525.0 3.0E-01
   693	 525.0 1.0E+00
   694	 525.0 3.0E+00
   695	 525.0 1.0E+01
   696	 525.0 3.0E+01
   697	 525.0 1.0E+02
   698	 525.0 3.0E+02
   699	 525.0 1.0E+03
   700	 525.0 3.0E+03
   701	 550.0 1.0E-06
   702	 550.0 3.0E-06
   703	 550.0 1.0E-05
   704	 550.0 3.0E-05
   705	 550.0 1.0E-04
   706	 550.0 3.0E-04
   707	 550.0 1.0E-03
   708	 550.0 3.0E-03
   709	 550.0 1.0E-02
   710	 550.0 3.0E-02
   711	 550.0 1.0E-01
   712	 550.0 3.0E-01
   713	 550.0 1.0E+00
   714	 550.0 3.0E+00
   715	 550.0 1.0E+01
   716	 550.0 3.0E+01
   717	 550.0 1.0E+02
   718	 550.0 3.0E+02
   719	 550.0 1.0E+03
   720	 550.0 3.0E+03
   721	 575.0 1.0E-06
   722	 575.0 3.0E-06
   723	 575.0 1.0E-05
   724	 575.0 3.0E-05
   725	 575.0 1.0E-04
   726	 575.0 3.0E-04
   727	 575.0 1.0E-03
   728	 575.0 3.0E-03
   729	 575.0 1.0E-02
   730	 575.0 3.0E-02
   731	 575.0 1.0E-01
   732	 575.0 3.0E-01
   733	 575.0 1.0E+00
   734	 575.0 3.0E+00
   735	 575.0 1.0E+01
   736	 575.0 3.0E+01
   737	 575.0 1.0E+02
   738	 575.0 3.0E+02
   739	 575.0 1.0E+03
   740	 575.0 3.0E+03
   741	 600.0 1.0E-06
   742	 600.0 3.0E-06
   743	 600.0 1.0E-05
   744	 600.0 3.0E-05
   745	 600.0 1.0E-04
   746	 600.0 3.0E-04
   747	 600.0 1.0E-03
   748	 600.0 3.0E-03
   749	 600.0 1.0E-02
   750	 600.0 3.0E-02
   751	 600.0 1.0E-01
   752	 600.0 3.0E-01
   753	 600.0 1.0E+00
   754	 600.0 3.0E+00
   755	 600.0 1.0E+01
   756	 600.0 3.0E+01
   757	 600.0 1.0E+02
   758	 600.0 3.0E+02
   759	 600.0 1.0E+03
   760	 600.0 3.0E+03
   761	 650.0 1.0E-06
   762	 650.0 3.0E-06
   763	 650.0 1.0E-05
   764	 650.0 3.0E-05
   765	 650.0 1.0E-04
   766	 650.0 3.0E-04
   767	 650.0 1.0E-03
   768	 650.0 3.0E-03
   769	 650.0 1.0E-02
   770	 650.0 3.0E-02
   771	 650.0 1.0E-01
   772	 650.0 3.0E-01
   773	 650.0 1.0E+00
   774	 650.0 3.0E+00
   775	 650.0 1.0E+01
   776	 650.0 3.0E+01
   777	 650.0 1.0E+02
   778	 650.0 3.0E+02
   779	 650.0 1.0E+03
   780	 650.0 3.0E+03
   781	 700.0 1.0E-06
   782	 700.0 3.0E-06
   783	 700.0 1.0E-05
   784	 700.0 3.0E-05
   785	 700.0 1.0E-04
   786	 700.0 3.0E-04
   787	 700.0 1.0E-03
   788	 700.0 3.0E-03
   789	 700.0 1.0E-02
   790	 700.0 3.0E-02
   791	 700.0 1.0E-01
   792	 700.0 3.0E-01
   793	 700.0 1.0E+00
   794	 700.0 3.0E+00
   795	 700.0 1.0E+01
   796	 700.0 3.0E+01
   797	 700.0 1.0E+02
   798	 700.0 3.0E+02
   799	 700.0 1.0E+03
   800	 700.0 3.0E+03
   801	 750.0 1.0E-06
   802	 750.0 3.0E-06
   803	 750.0 1.0E-05
   804	 750.0 3.0E-05
   805	 750.0 1.0E-04
   806	 750.0 3.0E-04
   807	 750.0 1.0E-03
   808	 750.0 3.0E-03
   809	 750.0 1.0E-02
   810	 750.0 3.0E-02
   811	 750.0 1.0E-01
   812	 750.0 3.0E-01
   813	 750.0 1.0E+00
   814	 750.0 3.0E+00
   815	 750.0 1.0E+01
   816	 750.0 3.0E+01
   817	 750.0 1.0E+02
   818	 750.0 3.0E+02
   819	 750.0 1.0E+03
   820	 750.0 3.0E+03
   821	 800.0 1.0E-06
   822	 800.0 3.0E-06
   823	 800.0 1.0E-05
   824	 800.0 3.0E-05
   825	 800.0 1.0E-04
   826	 800.0 3.0E-04
   827	 800.0 1.0E-03
   828	 800.0 3.0E-03
   829	 800.0 1.0E-02
   830	 800.0 3.0E-02
   831	 800.0 1.0E-01
   832	 800.0 3.0E-01
   833	 800.0 1.0E+00
   834	 800.0 3.0E+00
   835	 800.0 1.0E+01
   836	 800.0 3.0E+01
   837	 800.0 1.0E+02
   838	 800.0 3.0E+02
   839	 800.0 1.0E+03
   840	 800.0 3.0E+03
   841	 850.0 1.0E-06
   842	 850.0 3.0E-06
   843	 850.0 1.0E-05
   844	 850.0 3.0E-05
   845	 850.0 1.0E-04
   846	 850.0 3.0E-04
   847	 850.0 1.0E-03
   848	 850.0 3.0E-03
   849	 850.0 1.0E-02
   850	 850.0 3.0E-02
   851	 850.0 1.0E-01
   852	 850.0 3.0E-01
   853	 850.0 1.0E+00
   854	 850.0 3.0E+00
   855	 850.0 1.0E+01
   856	 850.0 3.0E+01
   857	 850.0 1.0E+02
   858	 850.0 3.0E+02
   859	 850.0 1.0E+03
   860	 850.0 3.0E+03
   861	 900.0 1.0E-06
   862	 900.0 3.0E-06
   863	 900.0 1.0E-05
   864	 900.0 3.0E-05
   865	 900.0 1.0E-04
   866	 900.0 3.0E-04
   867	 900.0 1.0E-03
   868	 900.0 3.0E-03
   869	 900.0 1.0E-02
   870	 900.0 3.0E-02
   871	 900.0 1.0E-01
   872	 900.0 3.0E-01
   873	 900.0 1.0E+00
   874	 900.0 3.0E+00
   875	 900.0 1.0E+01
   876	 900.0 3.0E+01
   877	 900.0 1.0E+02
   878	 900.0 3.0E+02
   879	 900.0 1.0E+03
   880	 900.0 3.0E+03
   881	 950.0 1.0E-06
   882	 950.0 3.0E-06
   883	 950.0 1.0E-05
   884	 950.0 3.0E-05
   885	 950.0 1.0E-04
   886	 950.0 3.0E-04
   887	 950.0 1.0E-03
   888	 950.0 3.0E-03
   889	 950.0 1.0E-02
   890	 950.0 3.0E-02
   891	 950.0 1.0E-01
   892	 950.0 3.0E-01
   893	 950.0 1.0E+00
   894	 950.0 3.0E+00
   895	 950.0 1.0E+01
   896	 950.0 3.0E+01
   897	 950.0 1.0E+02
   898	 950.0 3.0E+02
   899	 950.0 1.0E+03
   900	 950.0 3.0E+03
   901	1000.0 1.0E-06
   902	1000.0 3.0E-06
   903	1000.0 1.0E-05
   904	1000.0 3.0E-05
   905	1000.0 1.0E-04
   906	1000.0 3.0E-04
   907	1000.0 1.0E-03
   908	1000.0 3.0E-03
   909	1000.0 1.0E-02
   910	1000.0 3.0E-02
   911	1000.0 1.0E-01
   912	1000.0 3.0E-01
   913	1000.0 1.0E+00
   914	1000.0 3.0E+00
   915	1000.0 1.0E+01
   916	1000.0 3.0E+01
   917	1000.0 1.0E+02
   918	1000.0 3.0E+02
   919	1000.0 1.0E+03
   920	1000.0 3.0E+03
   921	1100.0 1.0E-06
   922	1100.0 3.0E-06
   923	1100.0 1.0E-05
   924	1100.0 3.0E-05
   925	1100.0 1.0E-04
   926	1100.0 3.0E-04
   927	1100.0 1.0E-03
   928	1100.0 3.0E-03
   929	1100.0 1.0E-02
   930	1100.0 3.0E-02
   931	1100.0 1.0E-01
   932	1100.0 3.0E-01
   933	1100.0 1.0E+00
   934	1100.0 3.0E+00
   935	1100.0 1.0E+01
   936	1100.0 3.0E+01
   937	1100.0 1.0E+02
   938	1100.0 3.0E+02
   939	1100.0 1.0E+03
   940	1100.0 3.0E+03
   941	1200.0 1.0E-06
   942	1200.0 3.0E-06
   943	1200.0 1.0E-05
   944	1200.0 3.0E-05
   945	1200.0 1.0E-04
   946	1200.0 3.0E-04
   947	1200.0 1.0E-03
   948	1200.0 3.0E-03
   949	1200.0 1.0E-02
   950	1200.0 3.0E-02
   951	1200.0 1.0E-01
   952	1200.0 3.0E-01
   953	1200.0 1.0E+00
   954	1200.0 3.0E+00
   955	1200.0 1.0E+01
   956	1200.0 3.0E+01
   957	1200.0 1.0E+02
   958	1200.0 3.0E+02
   959	1200.0 1.0E+03
   960	1200.0 3.0E+03
   961	1300.0 1.0E-06
   962	1300.0 3.0E-06
   963	1300.0 1.0E-05
   964	1300.0 3.0E-05
   965	1300.0 1.0E-04
   966	1300.0 3.0E-04
   967	1300.0 1.0E-03
   968	1300.0 3.0E-03
   969	1300.0 1.0E-02
   970	1300.0 3.0E-02
   971	1300.0 1.0E-01
   972	1300.0 3.0E-01
   973	1300.0 1.0E+00
   974	1300.0 3.0E+00
   975	1300.0 1.0E+01
   976	1300.0 3.0E+01
   977	1300.0 1.0E+02
   978	1300.0 3.0E+02
   979	1300.0 1.0E+03
   980	1300.0 3.0E+03
   981	1400.0 1.0E-06
   982	1400.0 3.0E-06
   983	1400.0 1.0E-05
   984	1400.0 3.0E-05
   985	1400.0 1.0E-04
   986	1400.0 3.0E-04
   987	1400.0 1.0E-03
   988	1400.0 3.0E-03
   989	1400.0 1.0E-02
   990	1400.0 3.0E-02
   991	1400.0 1.0E-01
   992	1400.0 3.0E-01
   993	1400.0 1.0E+00
   994	1400.0 3.0E+00
   995	1400.0 1.0E+01
   996	1400.0 3.0E+01
   997	1400.0 1.0E+02
   998	1400.0 3.0E+02
   999	1400.0 1.0E+03
  1000	1400.0 3.0E+03
  1001	1500.0 1.0E-06
  1002	1500.0 3.0E-06
  1003	1500.0 1.0E-05
  1004	1500.0 3.0E-05
  1005	1500.0 1.0E-04
  1006	1500.0 3.0E-04
  1007	1500.0 1.0E-03
  1008	1500.0 3.0E-03
  1009	1500.0 1.0E-02
  1010	1500.0 3.0E-02
  1011	1500.0 1.0E-01
  1012	1500.0 3.0E-01
  1013	1500.0 1.0E+00
  1014	1500.0 3.0E+00
  1015	1500.0 1.0E+01
  1016	1500.0 3.0E+01
  1017	1500.0 1.0E+02
  1018	1500.0 3.0E+02
  1019	1500.0 1.0E+03
  1020	1500.0 3.0E+03
  1021	1600.0 1.0E-06
  1022	1600.0 3.0E-06
  1023	1600.0 1.0E-05
  1024	1600.0 3.0E-05
  1025	1600.0 1.0E-04
  1026	1600.0 3.0E-04
  1027	1600.0 1.0E-03
  1028	1600.0 3.0E-03
  1029	1600.0 1.0E-02
  1030	1600.0 3.0E-02
  1031	1600.0 1.0E-01
  1032	1600.0 3.0E-01
  1033	1600.0 1.0E+00
  1034	1600.0 3.0E+00
  1035	1600.0 1.0E+01
  1036	1600.0 3.0E+01
  1037	1600.0 1.0E+02
  1038	1600.0 3.0E+02
  1039	1600.0 1.0E+03
  1040	1600.0 3.0E+03
  1041	1700.0 1.0E-06
  1042	1700.0 3.0E-06
  1043	1700.0 1.0E-05
  1044	1700.0 3.0E-05
  1045	1700.0 1.0E-04
  1046	1700.0 3.0E-04
  1047	1700.0 1.0E-03
  1048	1700.0 3.0E-03
  1049	1700.0 1.0E-02
  1050	1700.0 3.0E-02
  1051	1700.0 1.0E-01
  1052	1700.0 3.0E-01
  1053	1700.0 1.0E+00
  1054	1700.0 3.0E+00
  1055	1700.0 1.0E+01
  1056	1700.0 3.0E+01
  1057	1700.0 1.0E+02
  1058	1700.0 3.0E+02
  1059	1700.0 1.0E+03
  1060	1700.0 3.0E+03
  1061	1800.0 1.0E-06
  1062	1800.0 3.0E-06
  1063	1800.0 1.0E-05
  1064	1800.0 3.0E-05
  1065	1800.0 1.0E-04
  1066	1800.0 3.0E-04
  1067	1800.0 1.0E-03
  1068	1800.0 3.0E-03
  1069	1800.0 1.0E-02
  1070	1800.0 3.0E-02
  1071	1800.0 1.0E-01
  1072	1800.0 3.0E-01
  1073	1800.0 1.0E+00
  1074	1800.0 3.0E+00
  1075	1800.0 1.0E+01
  1076	1800.0 3.0E+01
  1077	1800.0 1.0E+02
  1078	1800.0 3.0E+02
  1079	1800.0 1.0E+03
  1080	1800.0 3.0E+03
  1081	1900.0 1.0E-06
  1082	1900.0 3.0E-06
  1083	1900.0 1.0E-05
  1084	1900.0 3.0E-05
  1085	1900.0 1.0E-04
  1086	1900.0 3.0E-04
  1087	1900.0 1.0E-03
  1088	1900.0 3.0E-03
  1089	1900.0 1.0E-02
  1090	1900.0 3.0E-02
  1091	1900.0 1.0E-01
  1092	1900.0 3.0E-01
  1093	1900.0 1.0E+00
  1094	1900.0 3.0E+00
  1095	1900.0 1.0E+01
  1096	1900.0 3.0E+01
  1097	1900.0 1.0E+02
  1098	1900.0 3.0E+02
  1099	1900.0 1.0E+03
  1100	1900.0 3.0E+03
  1101	2000.0 1.0E-06
  1102	2000.0 3.0E-06
  1103	2000.0 1.0E-05
  1104	2000.0 3.0E-05
  1105	2000.0 1.0E-04
  1106	2000.0 3.0E-04
  1107	2000.0 1.0E-03
  1108	2000.0 3.0E-03
  1109	2000.0 1.0E-02
  1110	2000.0 3.0E-02
  1111	2000.0 1.0E-01
  1112	2000.0 3.0E-01
  1113	2000.0 1.0E+00
  1114	2000.0 3.0E+00
  1115	2000.0 1.0E+01
  1116	2000.0 3.0E+01
  1117	2000.0 1.0E+02
  1118	2000.0 3.0E+02
  1119	2000.0 1.0E+03
  1120	2000.0 3.0E+03
  1121	2100.0 1.0E-06
  1122	2100.0 3.0E-06
  1123	2100.0 1.0E-05
  1124	2100.0 3.0E-05
  1125	2100.0 1.0E-04
  1126	2100.0 3.0E-04
  1127	2100.0 1.0E-03
  1128	2100.0 3.0E-03
  1129	2100.0 1.0E-02
  1130	2100.0 3.0E-02
  1131	2100.0 1.0E-01
  1132	2100.0 3.0E-01
  1133	2100.0 1.0E+00
  1134	2100.0 3.0E+00
  1135	2100.0 1.0E+01
  1136	2100.0 3.0E+01
  1137	2100.0 1.0E+02
  1138	2100.0 3.0E+02
  1139	2100.0 1.0E+03
  1140	2100.0 3.0E+03
  1141	2200.0 1.0E-06
  1142	2200.0 3.0E-06
  1143	2200.0 1.0E-05
  1144	2200.0 3.0E-05
  1145	2200.0 1.0E-04
  1146	2200.0 3.0E-04
  1147	2200.0 1.0E-03
  1148	2200.0 3.0E-03
  1149	2200.0 1.0E-02
  1150	2200.0 3.0E-02
  1151	2200.0 1.0E-01
  1152	2200.0 3.0E-01
  1153	2200.0 1.0E+00
  1154	2200.0 3.0E+00
  1155	2200.0 1.0E+01
  1156	2200.0 3.0E+01
  1157	2200.0 1.0E+02
  1158	2200.0 3.0E+02
  1159	2200.0 1.0E+03
  1160	2200.0 3.0E+03
  1161	2300.0 1.0E-06
  1162	2300.0 3.0E-06
  1163	2300.0 1.0E-05
  1164	2300.0 3.0E-05
  1165	2300.0 1.0E-04
  1166	2300.0 3.0E-04
  1167	2300.0 1.0E-03
  1168	2300.0 3.0E-03
  1169	2300.0 1.0E-02
  1170	2300.0 3.0E-02
  1171	2300.0 1.0E-01
  1172	2300.0 3.0E-01
  1173	2300.0 1.0E+00
  1174	2300.0 3.0E+00
  1175	2300.0 1.0E+01
  1176	2300.0 3.0E+01
  1177	2300.0 1.0E+02
  1178	2300.0 3.0E+02
  1179	2300.0 1.0E+03
  1180	2300.0 3.0E+03
  1181	2400.0 1.0E-06
  1182	2400.0 3.0E-06
  1183	2400.0 1.0E-05
  1184	2400.0 3.0E-05
  1185	2400.0 1.0E-04
  1186	2400.0 3.0E-04
  1187	2400.0 1.0E-03
  1188	2400.0 3.0E-03
  1189	2400.0 1.0E-02
  1190	2400.0 3.0E-02
  1191	2400.0 1.0E-01
  1192	2400.0 3.0E-01
  1193	2400.0 1.0E+00
  1194	2400.0 3.0E+00
  1195	2400.0 1.0E+01
  1196	2400.0 3.0E+01
  1197	2400.0 1.0E+02
  1198	2400.0 3.0E+02
  1199	2400.0 1.0E+03
  1200	2400.0 3.0E+03
  1201	2500.0 1.0E-06
  1202	2500.0 3.0E-06
  1203	2500.0 1.0E-05
  1204	2500.0 3.0E-05
  1205	2500.0 1.0E-04
  1206	2500.0 3.0E-04
  1207	2500.0 1.0E-03
  1208	2500.0 3.0E-03
  1209	2500.0 1.0E-02
  1210	2500.0 3.0E-02
  1211	2500.0 1.0E-01
  1212	2500.0 3.0E-01
  1213	2500.0 1.0E+00
  1214	2500.0 3.0E+00
  1215	2500.0 1.0E+01
  1216	2500.0 3.0E+01
  1217	2500.0 1.0E+02
  1218	2500.0 3.0E+02
  1219	2500.0 1.0E+03
  1220	2500.0 3.0E+03
  1221	2600.0 1.0E-06
  1222	2600.0 3.0E-06
  1223	2600.0 1.0E-05
  1224	2600.0 3.0E-05
  1225	2600.0 1.0E-04
  1226	2600.0 3.0E-04
  1227	2600.0 1.0E-03
  1228	2600.0 3.0E-03
  1229	2600.0 1.0E-02
  1230	2600.0 3.0E-02
  1231	2600.0 1.0E-01
  1232	2600.0 3.0E-01
  1233	2600.0 1.0E+00
  1234	2600.0 3.0E+00
  1235	2600.0 1.0E+01
  1236	2600.0 3.0E+01
  1237	2600.0 1.0E+02
  1238	2600.0 3.0E+02
  1239	2600.0 1.0E+03
  1240	2600.0 3.0E+03
  1241	2700.0 1.0E-06
  1242	2700.0 3.0E-06
  1243	2700.0 1.0E-05
  1244	2700.0 3.0E-05
  1245	2700.0 1.0E-04
  1246	2700.0 3.0E-04
  1247	2700.0 1.0E-03
  1248	2700.0 3.0E-03
  1249	2700.0 1.0E-02
  1250	2700.0 3.0E-02
  1251	2700.0 1.0E-01
  1252	2700.0 3.0E-01
  1253	2700.0 1.0E+00
  1254	2700.0 3.0E+00
  1255	2700.0 1.0E+01
  1256	2700.0 3.0E+01
  1257	2700.0 1.0E+02
  1258	2700.0 3.0E+02
  1259	2700.0 1.0E+03
  1260	2700.0 3.0E+03
  1261	2800.0 1.0E-06
  1262	2800.0 3.0E-06
  1263	2800.0 1.0E-05
  1264	2800.0 3.0E-05
  1265	2800.0 1.0E-04
  1266	2800.0 3.0E-04
  1267	2800.0 1.0E-03
  1268	2800.0 3.0E-03
  1269	2800.0 1.0E-02
  1270	2800.0 3.0E-02
  1271	2800.0 1.0E-01
  1272	2800.0 3.0E-01
  1273	2800.0 1.0E+00
  1274	2800.0 3.0E+00
  1275	2800.0 1.0E+01
  1276	2800.0 3.0E+01
  1277	2800.0 1.0E+02
  1278	2800.0 3.0E+02
  1279	2800.0 1.0E+03
  1280	2800.0 3.0E+03
  1281	2900.0 1.0E-06
  1282	2900.0 3.0E-06
  1283	2900.0 1.0E-05
  1284	2900.0 3.0E-05
  1285	2900.0 1.0E-04
  1286	2900.0 3.0E-04
  1287	2900.0 1.0E-03
  1288	2900.0 3.0E-03
  1289	2900.0 1.0E-02
  1290	2900.0 3.0E-02
  1291	2900.0 1.0E-01
  1292	2900.0 3.0E-01
  1293	2900.0 1.0E+00
  1294	2900.0 3.0E+00
  1295	2900.0 1.0E+01
  1296	2900.0 3.0E+01
  1297	2900.0 1.0E+02
  1298	2900.0 3.0E+02
  1299	2900.0 1.0E+03
  1300	2900.0 3.0E+03
  1301	3000.0 1.0E-06
  1302	3000.0 3.0E-06
  1303	3000.0 1.0E-05
  1304	3000.0 3.0E-05
  1305	3000.0 1.0E-04
  1306	3000.0 3.0E-04
  1307	3000.0 1.0E-03
  1308	3000.0 3.0E-03
  1309	3000.0 1.0E-02
  1310	3000.0 3.0E-02
  1311	3000.0 1.0E-01
  1312	3000.0 3.0E-01
  1313	3000.0 1.0E+00
  1314	3000.0 3.0E+00
  1315	3000.0 1.0E+01
  1316	3000.0 3.0E+01
  1317	3000.0 1.0E+02
  1318	3000.0 3.0E+02
  1319	3000.0 1.0E+03
  1320	3000.0 3.0E+03
  1321	3100.0 1.0E-06
  1322	3100.0 3.0E-06
  1323	3100.0 1.0E-05
  1324	3100.0 3.0E-05
  1325	3100.0 1.0E-04
  1326	3100.0 3.0E-04
  1327	3100.0 1.0E-03
  1328	3100.0 3.0E-03
  1329	3100.0 1.0E-02
  1330	3100.0 3.0E-02
  1331	3100.0 1.0E-01
  1332	3100.0 3.0E-01
  1333	3100.0 1.0E+00
  1334	3100.0 3.0E+00
  1335	3100.0 1.0E+01
  1336	3100.0 3.0E+01
  1337	3100.0 1.0E+02
  1338	3100.0 3.0E+02
  1339	3100.0 1.0E+03
  1340	3100.0 3.0E+03
  1341	3200.0 1.0E-06
  1342	3200.0 3.0E-06
  1343	3200.0 1.0E-05
  1344	3200.0 3.0E-05
  1345	3200.0 1.0E-04
  1346	3200.0 3.0E-04
  1347	3200.0 1.0E-03
  1348	3200.0 3.0E-03
  1349	3200.0 1.0E-02
  1350	3200.0 3.0E-02
  1351	3200.0 1.0E-01
  1352	3200.0 3.0E-01
  1353	3200.0 1.0E+00
  1354	3200.0 3.0E+00
  1355	3200.0 1.0E+01
  1356	3200.0 3.0E+01
  1357	3200.0 1.0E+02
  1358	3200.0 3.0E+02
  1359	3200.0 1.0E+03
  1360	3200.0 3.0E+03
  1361	3300.0 1.0E-06
  1362	3300.0 3.0E-06
  1363	3300.0 1.0E-05
  1364	3300.0 3.0E-05
  1365	3300.0 1.0E-04
  1366	3300.0 3.0E-04
  1367	3300.0 1.0E-03
  1368	3300.0 3.0E-03
  1369	3300.0 1.0E-02
  1370	3300.0 3.0E-02
  1371	3300.0 1.0E-01
  1372	3300.0 3.0E-01
  1373	3300.0 1.0E+00
  1374	3300.0 3.0E+00
  1375	3300.0 1.0E+01
  1376	3300.0 3.0E+01
  1377	3300.0 1.0E+02
  1378	3300.0 3.0E+02
  1379	3300.0 1.0E+03
  1380	3300.0 3.0E+03
  1381	3400.0 1.0E-06
  1382	3400.0 3.0E-06
  1383	3400.0 1.0E-05
  1384	3400.0 3.0E-05
  1385	3400.0 1.0E-04
  1386	3400.0 3.0E-04
  1387	3400.0 1.0E-03
  1388	3400.0 3.0E-03
  1389	3400.0 1.0E-02
  1390	3400.0 3.0E-02
  1391	3400.0 1.0E-01
  1392	3400.0 3.0E-01
  1393	3400.0 1.0E+00
  1394	3400.0 3.0E+00
  1395	3400.0 1.0E+01
  1396	3400.0 3.0E+01
  1397	3400.0 1.0E+02
  1398	3400.0 3.0E+02
  1399	3400.0 1.0E+03
  1400	3400.0 3.0E+03
  1401	3500.0 1.0E-06
  1402	3500.0 3.0E-06
  1403	3500.0 1.0E-05
  1404	3500.0 3.0E-05
  1405	3500.0 1.0E-04
  1406	3500.0 3.0E-04
  1407	3500.0 1.0E-03
  1408	3500.0 3.0E-03
  1409	3500.0 1.0E-02
  1410	3500.0 3.0E-02
  1411	3500.0 1.0E-01
  1412	3500.0 3.0E-01
  1413	3500.0 1.0E+00
  1414	3500.0 3.0E+00
  1415	3500.0 1.0E+01
  1416	3500.0 3.0E+01
  1417	3500.0 1.0E+02
  1418	3500.0 3.0E+02
  1419	3500.0 1.0E+03
  1420	3500.0 3.0E+03
  1421	3750.0 1.0E-06
  1422	3750.0 3.0E-06
  1423	3750.0 1.0E-05
  1424	3750.0 3.0E-05
  1425	3750.0 1.0E-04
  1426	3750.0 3.0E-04
  1427	3750.0 1.0E-03
  1428	3750.0 3.0E-03
  1429	3750.0 1.0E-02
  1430	3750.0 3.0E-02
  1431	3750.0 1.0E-01
  1432	3750.0 3.0E-01
  1433	3750.0 1.0E+00
  1434	3750.0 3.0E+00
  1435	3750.0 1.0E+01
  1436	3750.0 3.0E+01
  1437	3750.0 1.0E+02
  1438	3750.0 3.0E+02
  1439	3750.0 1.0E+03
  1440	3750.0 3.0E+03
  1441	4000.0 1.0E-06
  1442	4000.0 3.0E-06
  1443	4000.0 1.0E-05
  1444	4000.0 3.0E-05
  1445	4000.0 1.0E-04
  1446	4000.0 3.0E-04
  1447	4000.0 1.0E-03
  1448	4000.0 3.0E-03
  1449	4000.0 1.0E-02
  1450	4000.0 3.0E-02
  1451	4000.0 1.0E-01
  1452	4000.0 3.0E-01
  1453	4000.0 1.0E+00
  1454	4000.0 3.0E+00
  1455	4000.0 1.0E+01
  1456	4000.0 3.0E+01
  1457	4000.0 1.0E+02
  1458	4000.0 3.0E+02
  1459	4000.0 1.0E+03
  1460	4000.0 3.0E+03
