3.079999999999998295e+01 1.507568604842723483e-09
6.910750750750747784e+01 7.553651699242286834e-09
1.074150150150149869e+02 1.816201606285282510e-08
1.457225225225224960e+02 3.326685376303513717e-08
1.840300300300299909e+02 5.280278015769151739e-08
2.223375375375374858e+02 7.670483383203805600e-08
2.606450450450449807e+02 1.049084765162526136e-07
2.989525525525524472e+02 1.373495929840073049e-07
3.372600600600600274e+02 1.739644909319023259e-07
3.755675675675674938e+02 2.146899008398074716e-07
4.138750750750749603e+02 2.594629758121384860e-07
4.521825825825825405e+02 3.082212914000779216e-07
4.904900900900900069e+02 3.609028454047657113e-07
5.287975975975974734e+02 4.174460576614878519e-07
5.671051051051049399e+02 4.777897698048789246e-07
6.054126126126125200e+02 5.418732450151789228e-07
6.437201201201199865e+02 6.096361677455585762e-07
6.820276276276274530e+02 6.810186434305678049e-07
7.203351351351350331e+02 7.559611981757223903e-07
7.586426426426424996e+02 8.344047784282735975e-07
7.969501501501499661e+02 9.162907506292088184e-07
8.352576576576575462e+02 1.001560900846505999e-06
8.735651651651650127e+02 1.090157434389705167e-06
9.118726726726724792e+02 1.182022975405830304e-06
9.501801801801800593e+02 1.277100566456720545e-06
9.884876876876875258e+02 1.375333668077804991e-06
1.026795195195194992e+03 1.476666158318392313e-06
1.065102702702702572e+03 1.581042332263524249e-06
1.103410210210209925e+03 1.688406901537436209e-06
1.141717717717717505e+03 1.798704993788712862e-06
1.180025225225225086e+03 1.911882152157165179e-06
1.218332732732732438e+03 2.027884334722524421e-06
1.256640240240240018e+03 2.146657913934997140e-06
1.294947747747747599e+03 2.268149676027765456e-06
1.333255255255254951e+03 2.392306820411478989e-06
1.371562762762762532e+03 2.519076959050844538e-06
1.409870270270270112e+03 2.648408115823347180e-06
1.448177777777777465e+03 2.780248725860220097e-06
1.486485285285285045e+03 2.914547634869706328e-06
1.524792792792792625e+03 3.051254098442711562e-06
1.563100300300299978e+03 3.190317781340926731e-06
1.601407807807807558e+03 3.331688756767513585e-06
1.639715315315315138e+03 3.475317505620402370e-06
1.678022822822822491e+03 3.621154915728342652e-06
1.716330330330330071e+03 3.769152281069761489e-06
1.754637837837837651e+03 3.919261300974530585e-06
1.792945345345345004e+03 4.071434079308724189e-06
1.831252852852852584e+03 4.225623123642509174e-06
1.869560360360360164e+03 4.381781344401187207e-06
1.907867867867867517e+03 4.539862053999563072e-06
1.946175375375375097e+03 4.699818965959695487e-06
1.984482882882882450e+03 4.861606194012153638e-06
2.022790390390390030e+03 5.025178251180870080e-06
2.061097897897897838e+03 5.190490048851717047e-06
2.099405405405405418e+03 5.357496895824872253e-06
2.137712912912912998e+03 5.526154497351160513e-06
2.176020420420420123e+03 5.696418954152382221e-06
2.214327927927927703e+03 5.868246761425852271e-06
2.252635435435435284e+03 6.041594807833137588e-06
2.290942942942942864e+03 6.216420374473251603e-06
2.329250450450450444e+03 6.392681133840294661e-06
2.367557957957958024e+03 6.570335148765767368e-06
2.405865465465465149e+03 6.749340871345585672e-06
2.444172972972972730e+03 6.929657141851978110e-06
2.482480480480480310e+03 7.111243187630386328e-06
2.520787987987987890e+03 7.294058621981467984e-06
2.559095495495495470e+03 7.478063443028357052e-06
2.597403003003002596e+03 7.663218032569288238e-06
2.635710510510510176e+03 7.849483154915732892e-06
2.674018018018017756e+03 8.036819955716152314e-06
2.712325525525525336e+03 8.225189960765560702e-06
2.750633033033032916e+03 8.414555074800933346e-06
2.788940540540540496e+03 8.604877580282722623e-06
2.827248048048047622e+03 8.796120136162472497e-06
2.865555555555555202e+03 8.988245776636824579e-06
2.903863063063062782e+03 9.181217909887910683e-06
2.942170570570570362e+03 9.375000316810389356e-06
2.980478078078077942e+03 9.569557149725197551e-06
3.018785585585585522e+03 9.764852931080149570e-06
3.057093093093092648e+03 9.960852552137650941e-06
3.095400600600600228e+03 1.015752127164947980e-05
3.133708108108107808e+03 1.035482471451893730e-05
3.172015615615615388e+03 1.055272887045044842e-05
3.210323123123122969e+03 1.075120009258677571e-05
3.248630630630630549e+03 1.095020509613401041e-05
3.286938138138137674e+03 1.114971095697440858e-05
3.325245645645645254e+03 1.134968511026741797e-05
3.363553153153152834e+03 1.155009534903874639e-05
3.401860660660660415e+03 1.175090982275796475e-05
3.440168168168167995e+03 1.195209703590453614e-05
3.478475675675675575e+03 1.215362584652252524e-05
3.516783183183182700e+03 1.235546546476419121e-05
3.555090690690690280e+03 1.255758545142253022e-05
3.593398198198197861e+03 1.275995571645297087e-05
3.631705705705705441e+03 1.296254651748436653e-05
3.670013213213213021e+03 1.316532845831948439e-05
3.708320720720720601e+03 1.336827248742508456e-05
3.746628228228227727e+03 1.357134989641177885e-05
3.784935735735735307e+03 1.377453231850389622e-05
3.823243243243242887e+03 1.397779172699934141e-05
3.861550750750750467e+03 1.418110043371983468e-05
3.899858258258258047e+03 1.438443108745148855e-05
3.938165765765765173e+03 1.458775667237606385e-05
3.976473273273272753e+03 1.479105050649288632e-05
4.014780780780780333e+03 1.499428624003176100e-05
4.053088288288287913e+03 1.519743785385695546e-05
4.091395795795795493e+03 1.540047965786236380e-05
4.129703303303303073e+03 1.560338628935821034e-05
4.168010810810810653e+03 1.580613271144915778e-05
4.206318318318318234e+03 1.600869421140439216e-05
4.244625825825825814e+03 1.621104639901935614e-05
4.282933333333332484e+03 1.641316520496975386e-05
4.321240840840840065e+03 1.661502687915776999e-05
4.359548348348347645e+03 1.681660798905053328e-05
4.397855855855855225e+03 1.701788541801145483e-05
4.436163363363362805e+03 1.721883636362399062e-05
4.474470870870870385e+03 1.741943833600855310e-05
4.512778378378377965e+03 1.761966915613238233e-05
4.551085885885885546e+03 1.781950695411266454e-05
4.589393393393393126e+03 1.801893016751315906e-05
4.627700900900900706e+03 1.821791753963424205e-05
4.666008408408408286e+03 1.841644811779690927e-05
4.704315915915915866e+03 1.861450125162041248e-05
4.742623423423422537e+03 1.881205659129431222e-05
4.780930930930930117e+03 1.900909408584448282e-05
4.819238438438437697e+03 1.920559398139372342e-05
4.857545945945945277e+03 1.940153681941685659e-05
4.895853453453452858e+03 1.959690343499058884e-05
4.934160960960960438e+03 1.979167495503832619e-05
4.972468468468468018e+03 1.998583279657009055e-05
5.010775975975975598e+03 2.017935866491757073e-05
5.049083483483483178e+03 2.037223455196467738e-05
5.087390990990990758e+03 2.056444273437368659e-05
5.125698498498498338e+03 2.075596577180712459e-05
5.164006006006005009e+03 2.094678650514548171e-05
5.202313513513512589e+03 2.113688805470107063e-05
5.240621021021020169e+03 2.132625381842818472e-05
5.278928528528527750e+03 2.151486747012950921e-05
5.317236036036035330e+03 2.170271295765919498e-05
5.355543543543542910e+03 2.188977450112270689e-05
5.393851051051050490e+03 2.207603659107344317e-05
5.432158558558558070e+03 2.226148398670644110e-05
5.470466066066065650e+03 2.244610171404941271e-05
5.508773573573573231e+03 2.262987506415100239e-05
5.547081081081080811e+03 2.281278959126669295e-05
5.585388588588588391e+03 2.299483111104230965e-05
5.623696096096095062e+03 2.317598569869543026e-05
5.662003603603602642e+03 2.335623968719494862e-05
5.700311111111110222e+03 2.353557966543845628e-05
5.738618618618617802e+03 2.371399247642835018e-05
5.776926126126125382e+03 2.389146521544613098e-05
5.815233633633632962e+03 2.406798522822554284e-05
5.853541141141140542e+03 2.424354010912436113e-05
5.891848648648648123e+03 2.441811769929523839e-05
5.930156156156155703e+03 2.459170608485559137e-05
5.968463663663663283e+03 2.476429359505674947e-05
6.006771171171170863e+03 2.493586880045258145e-05
6.045078678678678443e+03 2.510642051106757317e-05
6.083386186186185114e+03 2.527593777456475977e-05
6.121693693693692694e+03 2.544440987441327827e-05
6.160001201201200274e+03 2.561182632805627935e-05
6.198308708708707854e+03 2.577817688507867312e-05
6.236616216216215435e+03 2.594345152537531532e-05
6.274923723723723015e+03 2.610764045731969504e-05
6.313231231231230595e+03 2.627073411593312038e-05
6.351538738738738175e+03 2.643272316105472409e-05
6.389846246246245755e+03 2.659359847551218418e-05
6.428153753753753335e+03 2.675335116329376916e-05
6.466461261261260915e+03 2.691197254772130154e-05
6.504768768768767586e+03 2.706945416962439866e-05
6.543076276276275166e+03 2.722578778551644141e-05
6.581383783783782746e+03 2.738096536577178987e-05
6.619691291291290327e+03 2.753497909280500124e-05
6.657998798798797907e+03 2.768782135925159624e-05
6.696306306306305487e+03 2.783948476615121065e-05
6.734613813813813067e+03 2.798996212113253251e-05
6.772921321321320647e+03 2.813924643660056010e-05
6.811228828828828227e+03 2.828733092792645525e-05
6.849536336336335808e+03 2.843420901163961934e-05
6.887843843843843388e+03 2.857987430362272360e-05
6.926151351351350968e+03 2.872432061730916208e-05
6.964458858858857639e+03 2.886754196188377408e-05
7.002766366366365219e+03 2.900953254048634823e-05
7.041073873873872799e+03 2.915028674841828099e-05
7.079381381381380379e+03 2.928979917135272822e-05
7.117688888888887959e+03 2.942806458354788748e-05
7.155996396396395539e+03 2.956507794606401399e-05
7.194303903903903119e+03 2.970083440498388907e-05
7.232611411411410700e+03 2.983532928963722233e-05
7.270918918918918280e+03 2.996855811082879757e-05
7.309226426426425860e+03 3.010051655907067440e-05
7.347533933933933440e+03 3.023120050281846236e-05
7.385841441441441020e+03 3.036060598671183020e-05
7.424148948948947691e+03 3.048872922981944343e-05
7.462456456456455271e+03 3.061556662388801849e-05
7.500763963963962851e+03 3.074111473159638454e-05
7.539071471471470431e+03 3.086537028481384145e-05
7.577378978978978012e+03 3.098833018286345422e-05
7.615686486486485592e+03 3.110999149079020945e-05
7.653993993993993172e+03 3.123035143763403036e-05
7.692301501501500752e+03 3.134940741470811115e-05
7.730609009009008332e+03 3.146715697388204221e-05
7.768916516516515912e+03 3.158359782587074938e-05
7.807224024024023493e+03 3.169872783852827140e-05
7.845531531531530163e+03 3.181254503514739212e-05
7.883839039039037743e+03 3.192504759276470724e-05
7.922146546546545324e+03 3.203623384047130177e-05
7.960454054054052904e+03 3.214610225772932971e-05
7.998761561561560484e+03 3.225465147269431274e-05
8.037069069069068064e+03 3.236188026054357162e-05
8.075376576576575644e+03 3.246778754181038336e-05
8.113684084084083224e+03 3.257237238072464370e-05
8.151991591591590804e+03 3.267563398355939782e-05
8.190299099099098385e+03 3.277757169698384914e-05
8.228606606606605055e+03 3.287818500642280558e-05
8.266914114114111726e+03 3.297747353442239386e-05
8.305221621621620216e+03 3.307543703902246198e-05
8.343529129129126886e+03 3.317207541213556144e-05
8.381836636636635376e+03 3.326738867793261765e-05
8.420144144144142047e+03 3.336137699123542402e-05
8.458451651651650536e+03 3.345404063591598685e-05
8.496759159159157207e+03 3.354538002330273460e-05
8.535066666666663878e+03 3.363539569059374734e-05
8.573374174174172367e+03 3.372408829927730459e-05
8.611681681681679038e+03 3.381145863355900611e-05
8.649989189189187528e+03 3.389750759879684805e-05
8.688296696696694198e+03 3.398223621994287205e-05
8.726604204204202688e+03 3.406564563999277647e-05
8.764911711711709358e+03 3.414773711844248683e-05
8.803219219219217848e+03 3.422851202975239700e-05
8.841526726726724519e+03 3.430797186181927430e-05
8.879834234234233008e+03 3.438611821445534749e-05
8.918141741741739679e+03 3.446295279787558048e-05
8.956449249249246350e+03 3.453847743119241342e-05
8.994756756756754839e+03 3.461269404091806619e-05
9.033064264264261510e+03 3.468560465947512922e-05
9.071371771771770000e+03 3.475721142371461492e-05
9.109679279279276670e+03 3.482751657344234405e-05
9.147986786786785160e+03 3.489652244995286037e-05
9.186294294294291831e+03 3.496423149457185636e-05
9.224601801801800320e+03 3.503064624720637812e-05
9.262909309309306991e+03 3.509576934490327008e-05
9.301216816816815481e+03 3.515960352041576495e-05
9.339524324324322151e+03 3.522215160077842185e-05
9.377831831831830641e+03 3.528341650589016901e-05
9.416139339339337312e+03 3.534340124710576926e-05
9.454446846846843982e+03 3.540210892583560003e-05
9.492754354354352472e+03 3.545954273215391045e-05
9.531061861861859143e+03 3.551570594341533875e-05
9.569369369369367632e+03 3.557060192288009643e-05
9.607676876876874303e+03 3.562423411834755507e-05
9.645984384384382793e+03 3.567660606079833732e-05
9.684291891891889463e+03 3.572772136304515599e-05
9.722599399399397953e+03 3.577758371839206264e-05
9.760906906906904624e+03 3.582619689930247801e-05
9.799214414414413113e+03 3.587356475607579457e-05
9.837521921921919784e+03 3.591969121553274748e-05
9.875829429429426455e+03 3.596458027970952698e-05
9.914136936936934944e+03 3.600823602456053047e-05
9.952444444444441615e+03 3.605066259867000509e-05
9.990751951951950105e+03 3.609186422197250616e-05
1.002905945945945678e+04 3.613184518448206320e-05
1.006736696696696526e+04 3.617060984503027698e-05
1.010567447447447194e+04 3.620816263001330710e-05
1.014398198198198043e+04 3.624450803214762803e-05
1.018228948948948710e+04 3.627965060923485173e-05
1.022059699699699559e+04 3.631359498293535278e-05
1.025890450450450226e+04 3.634634583755083799e-05
1.029721201201200893e+04 3.637790791881603027e-05
1.033551951951951742e+04 3.640828603269893790e-05
1.037382702702702409e+04 3.643748504421061058e-05
1.041213453453453258e+04 3.646550987622343366e-05
1.045044204204203925e+04 3.649236550829871933e-05
1.048874954954954774e+04 3.651805697552321534e-05
1.052705705705705441e+04 3.654258936735451106e-05
1.056536456456456290e+04 3.656596782647569306e-05
1.060367207207206957e+04 3.658819754765883694e-05
1.064197957957957806e+04 3.660928377663765393e-05
1.068028708708708473e+04 3.662923180898914314e-05
1.071859459459459322e+04 3.664804698902422909e-05
1.075690210210209989e+04 3.666573470868754047e-05
1.079520960960960656e+04 3.668230040646626905e-05
1.083351711711711505e+04 3.669774956630779715e-05
1.087182462462462172e+04 3.671208771654679821e-05
1.091013213213213021e+04 3.672532042884104497e-05
1.094843963963963688e+04 3.673745331711630456e-05
1.098674714714714537e+04 3.674849203652056452e-05
1.102505465465465204e+04 3.675844228238679012e-05
1.106336216216216053e+04 3.676730978920520236e-05
1.110166966966966720e+04 3.677510032960424989e-05
1.113997717717717569e+04 3.678181971334074926e-05
1.117828468468468236e+04 3.678747378629902394e-05
1.121659219219218903e+04 3.679206842949880521e-05
1.125489969969969752e+04 3.679560955811261966e-05
1.129320720720720419e+04 3.679810312049160647e-05
1.133151471471471268e+04 3.679955509720068588e-05
1.136982222222221935e+04 3.679997150006247586e-05
1.140812972972972784e+04 3.679935837121014661e-05
1.144643723723723451e+04 3.679772178214940951e-05
1.148474474474474300e+04 3.679506783282910515e-05
1.152305225225224967e+04 3.679140265072098671e-05
1.156135975975975816e+04 3.678673238990800084e-05
1.159966726726726483e+04 3.678106323018202813e-05
1.163797477477477150e+04 3.677440137614970770e-05
1.167628228228227999e+04 3.676675305634782988e-05
1.171458978978978666e+04 3.675812452236686719e-05
1.175289729729729515e+04 3.674852204798363968e-05
1.179120480480480182e+04 3.673795192830299949e-05
1.182951231231231031e+04 3.672642047890756570e-05
1.186781981981981698e+04 3.671393403501681702e-05
1.190612732732732547e+04 3.670049895065440428e-05
1.194443483483483215e+04 3.668612159782460398e-05
1.198274234234234063e+04 3.667080836569695758e-05
1.202104984984984731e+04 3.665456565979976063e-05
1.205935735735735580e+04 3.663739990122225938e-05
1.209766486486486247e+04 3.661931752582507377e-05
1.213597237237236914e+04 3.660032498345952443e-05
1.217427987987987763e+04 3.658042873719524702e-05
1.221258738738738430e+04 3.655963526255630411e-05
1.225089489489489279e+04 3.653795104676594343e-05
1.228920240240239946e+04 3.651538258799939287e-05
1.232750990990990795e+04 3.649193639464557977e-05
1.236581741741741462e+04 3.646761898457673106e-05
1.240412492492492311e+04 3.644243688442668080e-05
1.244243243243242978e+04 3.641639662887712639e-05
1.248073993993993827e+04 3.638950475995242280e-05
1.251904744744744494e+04 3.636176782632255576e-05
1.255735495495495161e+04 3.633319238261432103e-05
1.259566246246246010e+04 3.630378498873050640e-05
1.263396996996996677e+04 3.627355220917751020e-05
1.267227747747747526e+04 3.624250061240077276e-05
1.271058498498498193e+04 3.621063677012846142e-05
1.274889249249249042e+04 3.617796725672328028e-05
1.278719999999999709e+04 3.614449864854172022e-05
1.282550750750750558e+04 3.611023752330207751e-05
1.286381501501501225e+04 3.607519045945977712e-05
1.290212252252252074e+04 3.603936403559082765e-05
1.294043003003002741e+04 3.600276482978315021e-05
1.297873753753753408e+04 3.596539941903549673e-05
1.301704504504504257e+04 3.592727437866441849e-05
1.305535255255254924e+04 3.588839628171880370e-05
1.309366006006005773e+04 3.584877169840204521e-05
1.313196756756756440e+04 3.580840719550217028e-05
1.317027507507507289e+04 3.576730933582907864e-05
1.320858258258257956e+04 3.572548467765980371e-05
1.324689009009008805e+04 3.568293977419123445e-05
1.328519759759759472e+04 3.563968117299993191e-05
1.332350510510510321e+04 3.559571541550996221e-05
1.336181261261260988e+04 3.555104903646765473e-05
1.340012012012011837e+04 3.550568856342412602e-05
1.343842762762762504e+04 3.545964051622481030e-05
1.347673513513513171e+04 3.541291140650640318e-05
1.351504264264264020e+04 3.536550773720107635e-05
1.355335015015014687e+04 3.531743600204774637e-05
1.359165765765765536e+04 3.526870268511069563e-05
1.362996516516516203e+04 3.521931426030515942e-05
1.366827267267267052e+04 3.516927719092985855e-05
1.370658018018017719e+04 3.511859792920702663e-05
1.374488768768768568e+04 3.506728291582873242e-05
1.378319519519519235e+04 3.501533857951075098e-05
1.382150270270270084e+04 3.496277133655287901e-05
1.385981021021020752e+04 3.490958759040636530e-05
1.389811771771771419e+04 3.485579373124794125e-05
1.393642522522522268e+04 3.480139613556093261e-05
1.397473273273272935e+04 3.474640116572254430e-05
1.401304024024023784e+04 3.469081516959829435e-05
1.405134774774774451e+04 3.463464448014281057e-05
1.408965525525525300e+04 3.457789541500726134e-05
1.412796276276275967e+04 3.452057427615344061e-05
1.416627027027026816e+04 3.446268734947388374e-05
1.420457777777777483e+04 3.440424090441908497e-05
1.424288528528528332e+04 3.434524119363044755e-05
1.428119279279278999e+04 3.428569445258009815e-05
1.431950030030029666e+04 3.422560689921665778e-05
1.435780780780780515e+04 3.416498473361723995e-05
1.439611531531531182e+04 3.410383413764600150e-05
1.443442282282282031e+04 3.404216127461841268e-05
1.447273033033032698e+04 3.397997228897195102e-05
1.451103783783783547e+04 3.391727330594270417e-05
1.454934534534534214e+04 3.385407043124790197e-05
1.458765285285285063e+04 3.379036975077473004e-05
1.462596036036035730e+04 3.372617733027463905e-05
1.466426786786786579e+04 3.366149921506384737e-05
1.470257537537537246e+04 3.359634142972958330e-05
1.474088288288288095e+04 3.353070997784189731e-05
1.477919039039038762e+04 3.346461084167166790e-05
1.481749789789789429e+04 3.339804998191373697e-05
1.485580540540540278e+04 3.333103333741602869e-05
1.489411291291290945e+04 3.326356682491423848e-05
1.493242042042041794e+04 3.319565633877181418e-05
1.497072792792792461e+04 3.312730775072581234e-05
1.500903543543543310e+04 3.305852690963796535e-05
1.504734294294293977e+04 3.298931964125095280e-05
1.508565045045044826e+04 3.291969174795052080e-05
1.512395795795795493e+04 3.284964900853243943e-05
1.516226546546546342e+04 3.277919717797505748e-05
1.520057297297297009e+04 3.270834198721683773e-05
1.523888048048047676e+04 3.263708914293904215e-05
1.527718798798798525e+04 3.256544432735387884e-05
1.531549549549549192e+04 3.249341319799721608e-05
1.535380300300300041e+04 3.242100138752669034e-05
1.539211051051050708e+04 3.234821450352472032e-05
1.543041801801801557e+04 3.227505812830620336e-05
1.546872552552552224e+04 3.220153781873160575e-05
1.550703303303303073e+04 3.212765910602423402e-05
1.554534054054053740e+04 3.205342749559287300e-05
1.558364804804804589e+04 3.197884846685886237e-05
1.562195555555555256e+04 3.190392747308790300e-05
1.566026306306305923e+04 3.182866994122668803e-05
1.569857057057056772e+04 3.175308127174386396e-05
1.573687807807807440e+04 3.167716683847569446e-05
1.577518558558558288e+04 3.160093198847639982e-05
1.581349309309308956e+04 3.152438204187262992e-05
1.585180060060059805e+04 3.144752229172261958e-05
1.589010810810810472e+04 3.137035800387972818e-05
1.592841561561561321e+04 3.129289441685997723e-05
1.596672312312311988e+04 3.121513674171443980e-05
1.600503063063062837e+04 3.113709016190520102e-05
1.604333813813813504e+04 3.105875983318623135e-05
1.608164564564564171e+04 3.098015088348781738e-05
1.611995315315315020e+04 3.090126841280541086e-05
1.615826066066065687e+04 3.082211749309249588e-05
1.619656816816816536e+04 3.074270316815746774e-05
1.623487567567567203e+04 3.066303045356430647e-05
1.627318318318318052e+04 3.058310433653762107e-05
1.631149069069068719e+04 3.050292977587115297e-05
1.634979819819819568e+04 3.042251170184021654e-05
1.638810570570570417e+04 3.034185501611826979e-05
1.642641321321321084e+04 3.026096459169672062e-05
1.646472072072071751e+04 3.017984527280883958e-05
1.650302822822822418e+04 3.009850187485719621e-05
1.654133573573573085e+04 3.001693918434483597e-05
1.657964324324324116e+04 2.993516195880980795e-05
1.661795075075074783e+04 2.985317492676356187e-05
1.665625825825825450e+04 2.977098278763262815e-05
1.669456576576576117e+04 2.968859021170372004e-05
1.673287327327327148e+04 2.960600184007245421e-05
1.677118078078077815e+04 2.952322228459542904e-05
1.680948828828828482e+04 2.944025612784537254e-05
1.684779579579579149e+04 2.935710792306991891e-05
1.688610330330330180e+04 2.927378219415348193e-05
1.692441081081080847e+04 2.919028343558233008e-05
1.696271831831831514e+04 2.910661611241293801e-05
1.700102582582582181e+04 2.902278466024331956e-05
1.703933333333332848e+04 2.893879348518767433e-05
1.707764084084083879e+04 2.885464696385378554e-05
1.711594834834834546e+04 2.877034944332387359e-05
1.715425585585585213e+04 2.868590524113786216e-05
1.719256336336335880e+04 2.860131864528018817e-05
1.723087087087086911e+04 2.851659391416893607e-05
1.726917837837837578e+04 2.843173527664839069e-05
1.730748588588588245e+04 2.834674693198384327e-05
1.734579339339338912e+04 2.826163304985972456e-05
1.738410090090089943e+04 2.817639777038001485e-05
1.742240840840840610e+04 2.809104520407177771e-05
1.746071591591591277e+04 2.800557943189104862e-05
1.749902342342341944e+04 2.792000450523149840e-05
1.753733093093092612e+04 2.783432444593557340e-05
1.757563843843843642e+04 2.774854324630855284e-05
1.761394594594594309e+04 2.766266486913469667e-05
1.765225345345344977e+04 2.757669324769596836e-05
1.769056096096095644e+04 2.749063228579346486e-05
1.772886846846846674e+04 2.740448585777100136e-05
1.776717597597597342e+04 2.731825780854134900e-05
1.780548348348348009e+04 2.723195195361433266e-05
1.784379099099098676e+04 2.714557207912775101e-05
1.788209849849849343e+04 2.705912194188042099e-05
1.792040600600600374e+04 2.697260526936712976e-05
1.795871351351351041e+04 2.688602575981647677e-05
1.799702102102101708e+04 2.679938708223017607e-05
1.803532852852852375e+04 2.671269287642486585e-05
1.807363603603603406e+04 2.662594675307602203e-05
1.811194354354354073e+04 2.653915229376383017e-05
1.815025105105104740e+04 2.645231305102129695e-05
1.818855855855855407e+04 2.636543254838396081e-05
1.822686606606606438e+04 2.627851428044204889e-05
1.826517357357357105e+04 2.619156171289426023e-05
1.830348108108107772e+04 2.610457828260361908e-05
1.834178858858858439e+04 2.601756739765513079e-05
1.838009609609609106e+04 2.593053243741527060e-05
1.841840360360360137e+04 2.584347675259329526e-05
1.845671111111110804e+04 2.575640366530443853e-05
1.849501861861861471e+04 2.566931646913467183e-05
1.853332612612612138e+04 2.558221842920741326e-05
1.857163363363363169e+04 2.549511278225172724e-05
1.860994114114113836e+04 2.540800273667224882e-05
1.864824864864864503e+04 2.532089147262078164e-05
1.868655615615615170e+04 2.523378214206949856e-05
1.872486366366366201e+04 2.514667786888564994e-05
1.876317117117116868e+04 2.505958174890793210e-05
1.880147867867867535e+04 2.497249685002405191e-05
1.883978618618618202e+04 2.488542621225037151e-05
1.887809369369368869e+04 2.479837284781232566e-05
1.891640120120119900e+04 2.471133974122683807e-05
1.895470870870870567e+04 2.462432984938583202e-05
1.899301621621621234e+04 2.453734610164105565e-05
1.903132372372371901e+04 2.445039139989049968e-05
1.906963123123122932e+04 2.436346861866605509e-05
1.910793873873873599e+04 2.427658060522231952e-05
1.914624624624624266e+04 2.418973017962687059e-05
1.918455375375374933e+04 2.410292013485166755e-05
1.922286126126125600e+04 2.401615323686552358e-05
1.926116876876876631e+04 2.392943222472816370e-05
1.929947627627627298e+04 2.384275981068507212e-05
1.933778378378377965e+04 2.375613868026370167e-05
1.937609129129128632e+04 2.366957149237061827e-05
1.941439879879879663e+04 2.358306087938972966e-05
1.945270630630630330e+04 2.349660944728200831e-05
1.949101381381380997e+04 2.341021977568549209e-05
1.952932132132131665e+04 2.332389441801710104e-05
1.956762882882882695e+04 2.323763590157477260e-05
1.960593633633633362e+04 2.315144672764097582e-05
1.964424384384384030e+04 2.306532937158701160e-05
1.968255135135134697e+04 2.297928628297829886e-05
1.972085885885885364e+04 2.289331988568064335e-05
1.975916636636636395e+04 2.280743257796695361e-05
1.979747387387387062e+04 2.272162673262535283e-05
1.983578138138137729e+04 2.263590469706789051e-05
1.987408888888888396e+04 2.255026879343989099e-05
1.991239639639639427e+04 2.246472131873049802e-05
1.995070390390390094e+04 2.237926454488354801e-05
1.998901141141140761e+04 2.229390071890938174e-05
2.002731891891891428e+04 2.220863206299740830e-05
2.006562642642642459e+04 2.212346077462944822e-05
2.010393393393393126e+04 2.203838902669353405e-05
2.014224144144143793e+04 2.195341896759841907e-05
2.018054894894894460e+04 2.186855272138888898e-05
2.021885645645645127e+04 2.178379238786159528e-05
2.025716396396396158e+04 2.169914004268139703e-05
2.029547147147146825e+04 2.161459773749851220e-05
2.033377897897897492e+04 2.153016750006601137e-05
2.037208648648648159e+04 2.144585133435781616e-05
2.041039399399399190e+04 2.136165122068749730e-05
2.044870150150149857e+04 2.127756911582744201e-05
2.048700900900900524e+04 2.119360695312839406e-05
2.052531651651651191e+04 2.110976664263952576e-05
2.056362402402401858e+04 2.102605007122908598e-05
2.060193153153152889e+04 2.094245910270524800e-05
2.064023903903903556e+04 2.085899557793770956e-05
2.067854654654654223e+04 2.077566131497923875e-05
2.071685405405404890e+04 2.069245810918812439e-05
2.075516156156155921e+04 2.060938773335044703e-05
2.079346906906906588e+04 2.052645193780315954e-05
2.083177657657657255e+04 2.044365245055718475e-05
2.087008408408407922e+04 2.036099097742100433e-05
2.090839159159158953e+04 2.027846920212454242e-05
2.094669909909909620e+04 2.019608878644317467e-05
2.098500660660660287e+04 2.011385137032210653e-05
2.102331411411410954e+04 2.003175857200112091e-05
2.106162162162161621e+04 1.994981198813930881e-05
2.109992912912912652e+04 1.986801319394029813e-05
2.113823663663663319e+04 1.978636374327743492e-05
2.117654414414413986e+04 1.970486516881927300e-05
2.121485165165164653e+04 1.962351898215529064e-05
2.125315915915915684e+04 1.954232667392165459e-05
2.129146666666666351e+04 1.946128971392741444e-05
2.132977417417417018e+04 1.938040955128021248e-05
2.136808168168167686e+04 1.929968761451281007e-05
2.140638918918918716e+04 1.921912531170941079e-05
2.144469669669669383e+04 1.913872403063195303e-05
2.148300420420420051e+04 1.905848513884673121e-05
2.152131171171170718e+04 1.897840998385099003e-05
2.155961921921921385e+04 1.889849989319944060e-05
2.159792672672672416e+04 1.881875617463106472e-05
2.163623423423423083e+04 1.873918011619577002e-05
2.167454174174173750e+04 1.865977298638116027e-05
2.171284924924924417e+04 1.858053603423917699e-05
2.175115675675675448e+04 1.850147048951288333e-05
2.178946426426426115e+04 1.842257756276326493e-05
2.182777177177176782e+04 1.834385844549570884e-05
2.186607927927927449e+04 1.826531431028684504e-05
2.190438678678678116e+04 1.818694631091100845e-05
2.194269429429429147e+04 1.810875558246685340e-05
2.198100180180179814e+04 1.803074324150366660e-05
2.201930930930930481e+04 1.795291038614790706e-05
2.205761681681681148e+04 1.787525809622941402e-05
2.209592432432432179e+04 1.779778743340749286e-05
2.213423183183182846e+04 1.772049944129708578e-05
2.217253933933933513e+04 1.764339514559467472e-05
2.221084684684684180e+04 1.756647555420400483e-05
2.224915435435435211e+04 1.748974165736181461e-05
2.228746186186185878e+04 1.741319442776330522e-05
2.232576936936936545e+04 1.733683482068744714e-05
2.236407687687687212e+04 1.726066377412212760e-05
2.240238438438437879e+04 1.718468220888919975e-05
2.244069189189188910e+04 1.710889102876917946e-05
2.247899939939939577e+04 1.703329112062592179e-05
2.251730690690690244e+04 1.695788335453087732e-05
2.255561441441440911e+04 1.688266858388731806e-05
2.259392192192191942e+04 1.680764764555427862e-05
2.263222942942942609e+04 1.673282135997028745e-05
2.267053693693693276e+04 1.665819053127671516e-05
2.270884444444443943e+04 1.658375594744109909e-05
2.274715195195194974e+04 1.650951838037996653e-05
2.278545945945945641e+04 1.643547858608164768e-05
2.282376696696696308e+04 1.636163730472861433e-05
2.286207447447446975e+04 1.628799526081967962e-05
2.290038198198197642e+04 1.621455316329179118e-05
2.293868948948948673e+04 1.614131170564145503e-05
2.297699699699699340e+04 1.606827156604633900e-05
2.301530450450450007e+04 1.599543340748581908e-05
2.305361201201200674e+04 1.592279787786188828e-05
2.309191951951951705e+04 1.585036561011935740e-05
2.313022702702702372e+04 1.577813722236577794e-05
2.316853453453453039e+04 1.570611331799121594e-05
2.320684204204203706e+04 1.563429448578746681e-05
2.324514954954954374e+04 1.556268130006703294e-05
2.328345705705705404e+04 1.549127432078183707e-05
2.332176456456456071e+04 1.542007409364119707e-05
2.336007207207206739e+04 1.534908115023006828e-05
2.339837957957957406e+04 1.527829600812629667e-05
2.343668708708708436e+04 1.520771917101787184e-05
2.347499459459459104e+04 1.513735112881973294e-05
2.351330210210209771e+04 1.506719235778996457e-05
2.355160960960960438e+04 1.499724332064603179e-05
2.358991711711711469e+04 1.492750446668016123e-05
2.362822462462462136e+04 1.485797623187470694e-05
2.366653213213212803e+04 1.478865903901686922e-05
2.370483963963963470e+04 1.471955329781290001e-05
2.374314714714714137e+04 1.465065940500246422e-05
2.378145465465465168e+04 1.458197774447179486e-05
2.381976216216215835e+04 1.451350868736706501e-05
2.385806966966966502e+04 1.444525259220702457e-05
2.389637717717717169e+04 1.437720980499515758e-05
2.393468468468468200e+04 1.430938065933169047e-05
2.397299219219218867e+04 1.424176547652484308e-05
2.401129969969969534e+04 1.417436456570194581e-05
2.404960720720720201e+04 1.410717822391971991e-05
2.408791471471471232e+04 1.404020673627456799e-05
2.412622222222221899e+04 1.397345037601196149e-05
2.416452972972972566e+04 1.390690940463576558e-05
2.420283723723723233e+04 1.384058407201685079e-05
2.424114474474473900e+04 1.377447461650125063e-05
2.427945225225224931e+04 1.370858126501808038e-05
2.431775975975975598e+04 1.364290423318660884e-05
2.435606726726726265e+04 1.357744372542331141e-05
2.439437477477476932e+04 1.351219993504802197e-05
2.443268228228227963e+04 1.344717304438983402e-05
2.447098978978978630e+04 1.338236322489261219e-05
2.450929729729729297e+04 1.331777063721964146e-05
2.454760480480479964e+04 1.325339543135830009e-05
2.458591231231230631e+04 1.318923774672381611e-05
2.462421981981981662e+04 1.312529771226270525e-05
2.466252732732732329e+04 1.306157544655589384e-05
2.470083483483482996e+04 1.299807105792080660e-05
2.473914234234233663e+04 1.293478464451374921e-05
2.477744984984984694e+04 1.287171629443094576e-05
2.481575735735735361e+04 1.280886608580983040e-05
2.485406486486486028e+04 1.274623408692927330e-05
2.489237237237236695e+04 1.268382035630954411e-05
2.493067987987987726e+04 1.262162494281184513e-05
2.496898738738738393e+04 1.255964788573713461e-05
2.500729489489489060e+04 1.249788921492464516e-05
2.504560240240239727e+04 1.243634895084969406e-05
2.508390990990990394e+04 1.237502710472103273e-05
2.512221741741741425e+04 1.231392367857792516e-05
2.516052492492492092e+04 1.225303866538630654e-05
2.519883243243242759e+04 1.219237204913473338e-05
2.523713993993993427e+04 1.213192380492968494e-05
2.527544744744744457e+04 1.207169389909034620e-05
2.531375495495495124e+04 1.201168228924299442e-05
2.535206246246245792e+04 1.195188892441460137e-05
2.539036996996996459e+04 1.189231374512627465e-05
2.542867747747747489e+04 1.183295668348585866e-05
2.546698498498498157e+04 1.177381766328014434e-05
2.550529249249248824e+04 1.171489660006659099e-05
2.554359999999999491e+04 1.165619340126447204e-05
2.558190750750750158e+04 1.159770796624549242e-05
2.562021501501501189e+04 1.153944018642391615e-05
2.565852252252251856e+04 1.148138994534607918e-05
2.569683003003002523e+04 1.142355711877952259e-05
2.573513753753753190e+04 1.136594157480146864e-05
2.577344504504504221e+04 1.130854317388686810e-05
2.581175255255254888e+04 1.125136176899580897e-05
2.585006006006005555e+04 1.119439720566050512e-05
2.588836756756756222e+04 1.113764932207166817e-05
2.592667507507506889e+04 1.108111794916445259e-05
2.596498258258257920e+04 1.102480291070379254e-05
2.600329009009008587e+04 1.096870402336921530e-05
2.604159759759759254e+04 1.091282109683921930e-05
2.607990510510509921e+04 1.085715393387489490e-05
2.611821261261260952e+04 1.080170233040334358e-05
2.615652012012011619e+04 1.074646607560038565e-05
2.619482762762762286e+04 1.069144495197261229e-05
2.623313513513512953e+04 1.063663873543923778e-05
2.627144264264263984e+04 1.058204719541307241e-05
2.630975015015014651e+04 1.052767009488130237e-05
2.634805765765765318e+04 1.047350719048552416e-05
2.638636516516515985e+04 1.041955823260119799e-05
2.642467267267266652e+04 1.036582296541691820e-05
2.646298018018017683e+04 1.031230112701272486e-05
2.650128768768768350e+04 1.025899244943822052e-05
2.653959519519519017e+04 1.020589665879001782e-05
2.657790270270269684e+04 1.015301347528865517e-05
2.661621021021020715e+04 1.010034261335511092e-05
2.665451771771771382e+04 1.004788378168660269e-05
2.669282522522522049e+04 9.995636683332093496e-06
2.673113273273272716e+04 9.943601015767117028e-06
2.676944024024023747e+04 9.891776470968082722e-06
2.680774774774774414e+04 9.840162735486236999e-06
2.684605525525525081e+04 9.788759490520821497e-06
2.688436276276275748e+04 9.737566411992055126e-06
2.692267027027026415e+04 9.686583170613292801e-06
2.696097777777777446e+04 9.635809431962882640e-06
2.699928528528528113e+04 9.585244856555452252e-06
2.703759279279278780e+04 9.534889099912529265e-06
2.707590030030029448e+04 9.484741812632978890e-06
2.711420780780780478e+04 9.434802640462587681e-06
2.715251531531531145e+04 9.385071224363435529e-06
2.719082282282281813e+04 9.335547200582501945e-06
2.722913033033032480e+04 9.286230200719945385e-06
2.726743783783783147e+04 9.237119851796816758e-06
2.730574534534534178e+04 9.188215776322251164e-06
2.734405285285284845e+04 9.139517592360266602e-06
2.738236036036035512e+04 9.091024913595842707e-06
2.742066786786786179e+04 9.042737349400801279e-06
2.745897537537537210e+04 8.994654504898848247e-06
2.749728288288287877e+04 8.946775981030475027e-06
2.753559039039038544e+04 8.899101374617075533e-06
2.757389789789789211e+04 8.851630278424705729e-06
2.761220540540540242e+04 8.804362281227397650e-06
2.765051291291290909e+04 8.757296967869805960e-06
2.768882042042041576e+04 8.710433919329600399e-06
2.772712792792792243e+04 8.663772712779173823e-06
2.776543543543542910e+04 8.617312921646957231e-06
2.780374294294293941e+04 8.571054115678289242e-06
2.784205045045044608e+04 8.524995860995640142e-06
2.788035795795795275e+04 8.479137720158612303e-06
2.791866546546545942e+04 8.433479252223222334e-06
2.795697297297296973e+04 8.388020012800810520e-06
2.799528048048047640e+04 8.342759554116555557e-06
2.803358798798798307e+04 8.297697425067281161e-06
2.807189549549548974e+04 8.252833171279081413e-06
2.811020300300300005e+04 8.208166335164285421e-06
2.814851051051050672e+04 8.163696455977978130e-06
2.818681801801801339e+04 8.119423069874136590e-06
2.822512552552552006e+04 8.075345709961173288e-06
2.826343303303302673e+04 8.031463906357177947e-06
2.830174054054053704e+04 7.987777186244574866e-06
2.834004804804804371e+04 7.944285073924331337e-06
2.837835555555555038e+04 7.900987090869825548e-06
2.841666306306305705e+04 7.857882755780047033e-06
2.845497057057056736e+04 7.814971584632568415e-06
2.849327807807807403e+04 7.772253090735983523e-06
2.853158558558558070e+04 7.729726784781776303e-06
2.856989309309308737e+04 7.687392174895954250e-06
2.860820060060059404e+04 7.645248766690070286e-06
2.864650810810810435e+04 7.603296063311864318e-06
2.868481561561561102e+04 7.561533565495529562e-06
2.872312312312311769e+04 7.519960771611354603e-06
2.876143063063062436e+04 7.478577177715185035e-06
2.879973813813813467e+04 7.437382277597164281e-06
2.883804564564564134e+04 7.396375562830282979e-06
2.887635315315314801e+04 7.355556522818419300e-06
2.891466066066065468e+04 7.314924644843832092e-06
2.895296816816816499e+04 7.274479414114442250e-06
2.899127567567567166e+04 7.234220313810471207e-06
2.902958318318317833e+04 7.194146825130833767e-06
2.906789069069068501e+04 7.154258427339007486e-06
2.910619819819819168e+04 7.114554597808518337e-06
2.914450570570570198e+04 7.075034812068005407e-06
2.918281321321320866e+04 7.035698543845872239e-06
2.922112072072071533e+04 6.996545265114451127e-06
2.925942822822822200e+04 6.957574446133965823e-06
2.929773573573573231e+04 6.918785555495849646e-06
2.933604324324323898e+04 6.880178060165761205e-06
2.937435075075074565e+04 6.841751425526238440e-06
2.941265825825825232e+04 6.803505115418829186e-06
2.945096576576576263e+04 6.765438592185961714e-06
2.948927327327326930e+04 6.727551316712357861e-06
2.952758078078077597e+04 6.689842748465958274e-06
2.956588828828828264e+04 6.652312345538649452e-06
2.960419579579578931e+04 6.614959564686355504e-06
2.964250330330329962e+04 6.577783861369035896e-06
2.968081081081080629e+04 6.540784689790019118e-06
2.971911831831831296e+04 6.503961502935082244e-06
2.975742582582581963e+04 6.467313752611178971e-06
2.979573333333332994e+04 6.430840889484679770e-06
2.983404084084083661e+04 6.394542363119351151e-06
2.987234834834834328e+04 6.358417622013868205e-06
2.991065585585584995e+04 6.322466113638979874e-06
2.994896336336335662e+04 6.286687284474333708e-06
2.998727087087086693e+04 6.251080580044878798e-06
3.002557837837837360e+04 6.215645444956950228e-06
3.006388588588588027e+04 6.180381322933953724e-06
3.010219339339338694e+04 6.145287656851687777e-06
3.014050090090089725e+04 6.110363888773343892e-06
3.017880840840840392e+04 6.075609459984069765e-06
3.021711591591591059e+04 6.041023811025287672e-06
3.025542342342341726e+04 6.006606381728535128e-06
3.029373093093092757e+04 5.972356611249040425e-06
3.033203843843843424e+04 5.938273938098925481e-06
3.037034594594594091e+04 5.904357800180033443e-06
3.040865345345344758e+04 5.870607634816431041e-06
3.044696096096095425e+04 5.837022878786595833e-06
3.048526846846846456e+04 5.803602968355178254e-06
3.052357597597597123e+04 5.770347339304556976e-06
3.056188348348347790e+04 5.737255426965886905e-06
3.060019099099098457e+04 5.704326666249949810e-06
3.063849849849849488e+04 5.671560491677633113e-06
3.067680600600600155e+04 5.638956337410037676e-06
3.071511351351350822e+04 5.606513637278300132e-06
3.075342102102101489e+04 5.574231824813082343e-06
3.079172852852852157e+04 5.542110333273700860e-06
3.083003603603603187e+04 5.510148595676993806e-06
3.086834354354353854e+04 5.478346044825820993e-06
3.090665105105104521e+04 5.446702113337242168e-06
3.094495855855855189e+04 5.415216233670415739e-06
3.098326606606606219e+04 5.383887838154148518e-06
3.102157357357356886e+04 5.352716359014171878e-06
3.105988108108107554e+04 5.321701228400039283e-06
3.109818858858858221e+04 5.290841878411801900e-06
3.113649609609609251e+04 5.260137741126319978e-06
3.117480360360359919e+04 5.229588248623271846e-06
3.121311111111110586e+04 5.199192833010894396e-06
3.125141861861861253e+04 5.168950926451422871e-06
3.128972612612611920e+04 5.138861961186157956e-06
3.132803363363362951e+04 5.108925369560352454e-06
3.136634114114113618e+04 5.079140584047710870e-06
3.140464864864864285e+04 5.049507037274653512e-06
3.144295615615614952e+04 5.020024162044267198e-06
3.148126366366365983e+04 4.990691391359951872e-06
3.151957117117116650e+04 4.961508158448862245e-06
3.155787867867867317e+04 4.932473896784907276e-06
3.159618618618617984e+04 4.903588040111661569e-06
3.163449369369369015e+04 4.874850022464875273e-06
3.167280120120119682e+04 4.846259278194705308e-06
3.171110870870870349e+04 4.817815241987745845e-06
3.174941621621621016e+04 4.789517348888704729e-06
3.178772372372371683e+04 4.761365034321868136e-06
3.182603123123122714e+04 4.733357734112267931e-06
3.186433873873873381e+04 4.705494884506591519e-06
3.190264624624624048e+04 4.677775922193820653e-06
3.194095375375374715e+04 4.650200284325597494e-06
3.197926126126125746e+04 4.622767408536347571e-06
3.201756876876876413e+04 4.595476732963159646e-06
3.205587627627627080e+04 4.568327696265349633e-06
3.209418378378377747e+04 4.541319737643832240e-06
3.213249129129128414e+04 4.514452296860192768e-06
3.217079879879879445e+04 4.487724814255536975e-06
3.220910630630630112e+04 4.461136730769100397e-06
3.224741381381380779e+04 4.434687487956556111e-06
3.228572132132131446e+04 4.408376528008119225e-06
3.232402882882882477e+04 4.382203293766431972e-06
3.236233633633633144e+04 4.356167228744133717e-06
3.240064384384383811e+04 4.330267777141259015e-06
3.243895135135134478e+04 4.304504383862368851e-06
3.247725885885885509e+04 4.278876494533432854e-06
3.251556636636636176e+04 4.253383555518518384e-06
3.255387387387386843e+04 4.228025013936173851e-06
3.259218138138137510e+04 4.202800317675692587e-06
3.263048888888888177e+04 4.177708915413038762e-06
3.266879639639639208e+04 4.152750256626604740e-06
3.270710390390389875e+04 4.127923791612739731e-06
3.274541141141140542e+04 4.103228971501001468e-06
3.278371891891891573e+04 4.078665248269329108e-06
3.282202642642642604e+04 4.054232074758761275e-06
3.286033393393392907e+04 4.029928904688215093e-06
3.289864144144143938e+04 4.005755192668787490e-06
3.293694894894894969e+04 3.981710394218035324e-06
3.297525645645645272e+04 3.957793965773967523e-06
3.301356396396396303e+04 3.934005364708752620e-06
3.305187147147146607e+04 3.910344049342411882e-06
3.309017897897897637e+04 3.886809478956097406e-06
3.312848648648648668e+04 3.863401113805266017e-06
3.316679399399398972e+04 3.840118415132693084e-06
3.320510150150150002e+04 3.816960845181153450e-06
3.324340900900901033e+04 3.793927867206024437e-06
3.328171651651651337e+04 3.771018945487660571e-06
3.332002402402402367e+04 3.748233545343468884e-06
3.335833153153152671e+04 3.725571133139988455e-06
3.339663903903903702e+04 3.703031176304564213e-06
3.343494654654654732e+04 3.680613143337002110e-06
3.347325405405405036e+04 3.658316503820912594e-06
3.351156156156156067e+04 3.636140728434914726e-06
3.354986906906906370e+04 3.614085288963678958e-06
3.358817657657657401e+04 3.592149658308722564e-06
3.362648408408408432e+04 3.570333310499100041e-06
3.366479159159158735e+04 3.548635720701825007e-06
3.370309909909909766e+04 3.527056365232155295e-06
3.374140660660660797e+04 3.505594721563748455e-06
3.377971411411411100e+04 3.484250268338531383e-06
3.381802162162162131e+04 3.463022485376472963e-06
3.385632912912912434e+04 3.441910853685176715e-06
3.389463663663663465e+04 3.420914855469277780e-06
3.393294414414414496e+04 3.400033974139675153e-06
3.397125165165164799e+04 3.379267694322602983e-06
3.400955915915915830e+04 3.358615501868510870e-06
3.404786666666666133e+04 3.338076883860849708e-06
3.408617417417417164e+04 3.317651328624564891e-06
3.412448168168168195e+04 3.297338325734565365e-06
3.416278918918918498e+04 3.277137366023925454e-06
3.420109669669669529e+04 3.257047941591996893e-06
3.423940420420420560e+04 3.237069545812328160e-06
3.427771171171170863e+04 3.217201673340405511e-06
3.431601921921921894e+04 3.197443820121286869e-06
3.435432672672672197e+04 3.177795483397085353e-06
3.439263423423423228e+04 3.158256161714214379e-06
3.443094174174174259e+04 3.138825354930611155e-06
3.446924924924924562e+04 3.119502564222672188e-06
3.450755675675675593e+04 3.100287292092165073e-06
3.454586426426425896e+04 3.081179042372917086e-06
3.458417177177176927e+04 3.062177320237362753e-06
3.462247927927927958e+04 3.043281632202992308e-06
3.466078678678678261e+04 3.024491486138613385e-06
3.469909429429429292e+04 3.005806391270493279e-06
3.473740180180180323e+04 2.987225858188341116e-06
3.477570930930930626e+04 2.968749398851203623e-06
3.481401681681681657e+04 2.950376526593106370e-06
3.485232432432431960e+04 2.932106756128748373e-06
3.489063183183182991e+04 2.913939603558852375e-06
3.492893933933934022e+04 2.895874586375538849e-06
3.496724684684684325e+04 2.877911223467513227e-06
3.500555435435435356e+04 2.860049035125061276e-06
3.504386186186185660e+04 2.842287543045063109e-06
3.508216936936936690e+04 2.824626270335710316e-06
3.512047687687687721e+04 2.807064741521244260e-06
3.515878438438438025e+04 2.789602482546456790e-06
3.519709189189189055e+04 2.772239020781106248e-06
3.523539939939940086e+04 2.754973885024270369e-06
3.527370690690690390e+04 2.737806605508489968e-06
3.531201441441441420e+04 2.720736713903802509e-06
3.535032192192191724e+04 2.703763743321748996e-06
3.538862942942942755e+04 2.686887228319106002e-06
3.542693693693693785e+04 2.670106704901682911e-06
3.546524444444444089e+04 2.653421710527859983e-06
3.550355195195195120e+04 2.636831784112039160e-06
3.554185945945945423e+04 2.620336466028106739e-06
3.558016696696696454e+04 2.603935298112552572e-06
3.561847447447447485e+04 2.587627823667726059e-06
3.565678198198197788e+04 2.571413587464816434e-06
3.569508948948948819e+04 2.555292135746747921e-06
3.573339699699699122e+04 2.539263016231081676e-06
3.577170450450450153e+04 2.523325778112626333e-06
3.581001201201201184e+04 2.507479972066133270e-06
3.584831951951951487e+04 2.491725150248761475e-06
3.588662702702702518e+04 2.476060866302444995e-06
3.592493453453453549e+04 2.460486675356268874e-06
3.596324204204203852e+04 2.445002134028610022e-06
3.600154954954954883e+04 2.429606800429251834e-06
3.603985705705705186e+04 2.414300234161416225e-06
3.607816456456456217e+04 2.399081996323611003e-06
3.611647207207207248e+04 2.383951649511512829e-06
3.615477957957957551e+04 2.368908757819627824e-06
3.619308708708708582e+04 2.353952886842942008e-06
3.623139459459458885e+04 2.339083603678448084e-06
3.626970210210209916e+04 2.324300476926557860e-06
3.630800960960960947e+04 2.309603076692506632e-06
3.634631711711711250e+04 2.294990974587561898e-06
3.638462462462462281e+04 2.280463743730213444e-06
3.642293213213213312e+04 2.266020958747274481e-06
3.646123963963963615e+04 2.251662195774833714e-06
3.649954714714714646e+04 2.237387032459217145e-06
3.653785465465464949e+04 2.223195047957792334e-06
3.657616216216215980e+04 2.209085822939704468e-06
3.661446966966967011e+04 2.195058939586577283e-06
3.665277717717717314e+04 2.181113981593039493e-06
3.669108468468468345e+04 2.167250534167276632e-06
3.672939219219218649e+04 2.153468184031428313e-06
3.676769969969969679e+04 2.139766519421921962e-06
3.680600720720720710e+04 2.126145130089776896e-06
3.684431471471471014e+04 2.112603607300751290e-06
3.688262222222222044e+04 2.099141543835486168e-06
3.692092972972973075e+04 2.085758533989530395e-06
3.695923723723723378e+04 2.072454173573302977e-06
3.699754474474474409e+04 2.059228059912006671e-06
3.703585225225224713e+04 2.046079791845428506e-06
3.707415975975975743e+04 2.033008969727697529e-06
3.711246726726726774e+04 2.020015195426962937e-06
3.715077477477477078e+04 2.007098072325017990e-06
3.718908228228228108e+04 1.994257205316821865e-06
3.722738978978978412e+04 1.981492200809989315e-06
3.726569729729729443e+04 1.968802666724185466e-06
3.730400480480480473e+04 1.956188212490486308e-06
3.734231231231230777e+04 1.943648449050648126e-06
3.738061981981981808e+04 1.931182988856312138e-06
3.741892732732732838e+04 1.918791445868168476e-06
3.745723483483483142e+04 1.906473435555048585e-06
3.749554234234234173e+04 1.894228574892921491e-06
3.753384984984984476e+04 1.882056482363905527e-06
3.757215735735735507e+04 1.869956777955129074e-06
3.761046486486486538e+04 1.857929083157601885e-06
3.764877237237236841e+04 1.845973020965011033e-06
3.768707987987987872e+04 1.834088215872426007e-06
3.772538738738738175e+04 1.822274293874985385e-06
3.776369489489489206e+04 1.810530882466523589e-06
3.780200240240240237e+04 1.798857610638116097e-06
3.784030990990990540e+04 1.787254108876615989e-06
3.787861741741741571e+04 1.775720009163054320e-06
3.791692492492492602e+04 1.764254944971104666e-06
3.795523243243242905e+04 1.752858551265401123e-06
3.799353993993993936e+04 1.741530464499821801e-06
3.803184744744744239e+04 1.730270322615772940e-06
3.807015495495495270e+04 1.719077765040341748e-06
3.810846246246246301e+04 1.707952432684481844e-06
3.814676996996996604e+04 1.696893967941102561e-06
3.818507747747747635e+04 1.685902014683089219e-06
3.822338498498497938e+04 1.674976218261362365e-06
3.826169249249248969e+04 1.664116225502776065e-06
3.830000000000000000e+04 1.653321684708075503e-06
