0.399990 0.399990 0.399990 0.399990 0.399990 0.399990 0.399990 0.399990 0.399990 0.399990 0.399990 0.399990 0.399990 0.399990 0.399990 0.399990 0.399990 0.399990 0.399990 0.399990 0.399990 0.399990 0.399990 0.399990 0.399990 0.399990 
0.399930 0.399930 0.399930 0.399930 0.399930 0.399930 0.399930 0.399930 0.399930 0.399930 0.399930 0.399930 0.399930 0.399930 0.399930 0.399930 0.399930 0.399930 0.399930 0.399930 0.399930 0.399930 0.399930 0.399930 0.399930 0.399930 
0.399710 0.399710 0.399710 0.399710 0.399710 0.399710 0.399710 0.399710 0.399710 0.399710 0.399710 0.399710 0.399710 0.399710 0.399710 0.399710 0.399710 0.399710 0.399710 0.399710 0.399710 0.399710 0.399710 0.399710 0.399710 0.399710 
0.398990 0.398990 0.398990 0.398990 0.398990 0.398990 0.398990 0.398990 0.398990 0.398990 0.398990 0.398990 0.398990 0.398990 0.398990 0.398990 0.398990 0.398990 0.398990 0.398990 0.398990 0.398990 0.398990 0.398990 0.398990 0.398990 
0.397030 0.397030 0.397030 0.397030 0.397030 0.397030 0.397030 0.397030 0.397030 0.397030 0.397030 0.397030 0.397030 0.397030 0.397030 0.397030 0.397030 0.397030 0.397030 0.397030 0.397030 0.397030 0.397030 0.397030 0.397030 0.397030 
0.392490 0.392490 0.392490 0.392490 0.392490 0.392490 0.392490 0.392490 0.392490 0.392490 0.392490 0.392490 0.392490 0.392490 0.392490 0.392490 0.392490 0.392490 0.392490 0.392490 0.392490 0.392490 0.392490 0.392490 0.392490 0.392490 
0.383530 0.383530 0.383530 0.383530 0.383530 0.383530 0.383530 0.383530 0.383530 0.383530 0.383530 0.383530 0.383530 0.383530 0.383530 0.383530 0.383530 0.383530 0.383530 0.383530 0.383530 0.383530 0.383530 0.383530 0.383530 0.383530 
0.368380 0.368380 0.368380 0.368380 0.368380 0.368380 0.368380 0.368380 0.368380 0.368380 0.368380 0.368380 0.368380 0.368380 0.368380 0.368380 0.368380 0.368380 0.368380 0.368380 0.368380 0.368380 0.368380 0.368380 0.368380 0.368380 
0.346580 0.346580 0.346580 0.346580 0.346580 0.346580 0.346580 0.346580 0.346580 0.346580 0.346580 0.346580 0.346580 0.346580 0.346580 0.346580 0.346580 0.346580 0.346580 0.346580 0.346580 0.346580 0.346580 0.346580 0.346580 0.346580 
0.319900 0.319900 0.319900 0.319900 0.319900 0.319900 0.319900 0.319900 0.319900 0.319900 0.319900 0.319900 0.319900 0.319900 0.319900 0.319900 0.319900 0.319900 0.319900 0.319900 0.319900 0.319900 0.319900 0.319900 0.319900 0.319900 
0.292140 0.292140 0.292140 0.292140 0.292140 0.292140 0.292140 0.292140 0.292140 0.292140 0.292140 0.292140 0.292140 0.292140 0.292140 0.292140 0.292140 0.292140 0.292140 0.292140 0.292140 0.292140 0.292140 0.292140 0.292140 0.292140 
0.267540 0.267540 0.267540 0.267540 0.267540 0.267540 0.267540 0.267540 0.267540 0.267540 0.267540 0.267540 0.267540 0.267540 0.267540 0.267540 0.267540 0.267540 0.267540 0.267540 0.267540 0.267540 0.267540 0.267540 0.267540 0.267540 
0.249270 0.249270 0.249270 0.249270 0.249270 0.249270 0.249270 0.249270 0.249270 0.249270 0.249270 0.249270 0.249270 0.249270 0.249270 0.249270 0.249270 0.249270 0.249270 0.249270 0.249270 0.249270 0.249270 0.249270 0.249270 0.249270 
0.238890 0.238890 0.238890 0.238890 0.238890 0.238890 0.238890 0.238890 0.238890 0.238890 0.238890 0.238890 0.238890 0.238890 0.238890 0.238890 0.238890 0.238890 0.238890 0.238890 0.238890 0.238890 0.238890 0.238890 0.238890 0.238890 
0.236540 0.236540 0.236540 0.236540 0.236540 0.236540 0.236540 0.236540 0.236540 0.236540 0.236540 0.236540 0.236540 0.236540 0.236540 0.236540 0.236540 0.236540 0.236540 0.236540 0.236540 0.236540 0.236540 0.236540 0.236540 0.236540 
0.241390 0.241390 0.241390 0.241390 0.241390 0.241390 0.241390 0.241390 0.241390 0.241390 0.241390 0.241390 0.241390 0.241390 0.241390 0.241390 0.241390 0.241390 0.241390 0.241390 0.241390 0.241390 0.241390 0.241390 0.241390 0.241390 
0.251880 0.251880 0.251880 0.251880 0.251880 0.251880 0.251880 0.251880 0.251880 0.251880 0.251880 0.251880 0.251880 0.251880 0.251880 0.251880 0.251880 0.251880 0.251880 0.251880 0.251880 0.251880 0.251880 0.251880 0.251880 0.251880 
0.265980 0.265980 0.265980 0.265980 0.265980 0.265980 0.265980 0.265980 0.265980 0.265980 0.265980 0.265980 0.265980 0.265980 0.265980 0.265980 0.265980 0.265980 0.265980 0.265980 0.265980 0.265980 0.265980 0.265980 0.265980 0.265980 
0.281440 0.281440 0.281440 0.281440 0.281440 0.281440 0.281440 0.281440 0.281440 0.281440 0.281440 0.281440 0.281440 0.281440 0.281440 0.281440 0.281440 0.281440 0.281440 0.281440 0.281440 0.281440 0.281440 0.281440 0.281440 0.281440 
0.296200 0.296200 0.296200 0.296200 0.296200 0.296200 0.296200 0.296200 0.296200 0.296200 0.296200 0.296200 0.296200 0.296200 0.296200 0.296200 0.296200 0.296200 0.296200 0.296200 0.296200 0.296200 0.296200 0.296200 0.296200 0.296200 
0.308650 0.308650 0.308650 0.308650 0.308650 0.308650 0.308650 0.308650 0.308650 0.308650 0.308650 0.308650 0.308650 0.308650 0.308650 0.308650 0.308650 0.308650 0.308650 0.308650 0.308650 0.308650 0.308650 0.308650 0.308650 0.308650 
0.317790 0.317790 0.317790 0.317790 0.317790 0.317790 0.317790 0.317790 0.317790 0.317790 0.317790 0.317790 0.317790 0.317790 0.317790 0.317790 0.317790 0.317790 0.317790 0.317790 0.317790 0.317790 0.317790 0.317790 0.317790 0.317790 
0.323190 0.323190 0.323190 0.323190 0.323190 0.323190 0.323190 0.323190 0.323190 0.323190 0.323190 0.323190 0.323190 0.323190 0.323190 0.323190 0.323190 0.323190 0.323190 0.323190 0.323190 0.323190 0.323190 0.323190 0.323190 0.323190 
0.324960 0.324960 0.324960 0.324960 0.324960 0.324960 0.324960 0.324960 0.324960 0.324960 0.324960 0.324960 0.324960 0.324960 0.324960 0.324960 0.324960 0.324960 0.324960 0.324960 0.324960 0.324960 0.324960 0.324960 0.324960 0.324960 
0.323630 0.323630 0.323630 0.323630 0.323630 0.323630 0.323630 0.323630 0.323630 0.323630 0.323630 0.323630 0.323630 0.323630 0.323630 0.323630 0.323630 0.323630 0.323630 0.323630 0.323630 0.323630 0.323630 0.323630 0.323630 0.323630 
0.320120 0.320120 0.320120 0.320120 0.320120 0.320120 0.320120 0.320120 0.320120 0.320120 0.320120 0.320120 0.320120 0.320120 0.320120 0.320120 0.320120 0.320120 0.320120 0.320120 0.320120 0.320120 0.320120 0.320120 0.320120 0.320120 
0.315470 0.315470 0.315470 0.315470 0.315470 0.315470 0.315470 0.315470 0.315470 0.315470 0.315470 0.315470 0.315470 0.315470 0.315470 0.315470 0.315470 0.315470 0.315470 0.315470 0.315470 0.315470 0.315470 0.315470 0.315470 0.315470 
0.310690 0.310690 0.310690 0.310690 0.310690 0.310690 0.310690 0.310690 0.310690 0.310690 0.310690 0.310690 0.310690 0.310690 0.310690 0.310690 0.310690 0.310690 0.310690 0.310690 0.310690 0.310690 0.310690 0.310690 0.310690 0.310690 
0.306490 0.306490 0.306490 0.306490 0.306490 0.306490 0.306490 0.306490 0.306490 0.306490 0.306490 0.306490 0.306490 0.306490 0.306490 0.306490 0.306490 0.306490 0.306490 0.306490 0.306490 0.306490 0.306490 0.306490 0.306490 0.306490 
0.303270 0.303270 0.303270 0.303270 0.303270 0.303270 0.303270 0.303270 0.303270 0.303270 0.303270 0.303270 0.303270 0.303270 0.303270 0.303270 0.303270 0.303270 0.303270 0.303270 0.303270 0.303270 0.303270 0.303270 0.303270 0.303270 
0.301070 0.301070 0.301070 0.301070 0.301070 0.301070 0.301070 0.301070 0.301070 0.301070 0.301070 0.301070 0.301070 0.301070 0.301070 0.301070 0.301070 0.301070 0.301070 0.301070 0.301070 0.301070 0.301070 0.301070 0.301070 0.301070 
0.299710 0.299710 0.299710 0.299710 0.299710 0.299710 0.299710 0.299710 0.299710 0.299710 0.299710 0.299710 0.299710 0.299710 0.299710 0.299710 0.299710 0.299710 0.299710 0.299710 0.299710 0.299710 0.299710 0.299710 0.299710 0.299710 
0.298940 0.298940 0.298940 0.298940 0.298940 0.298940 0.298940 0.298940 0.298940 0.298940 0.298940 0.298940 0.298940 0.298940 0.298940 0.298940 0.298940 0.298940 0.298940 0.298940 0.298940 0.298940 0.298940 0.298940 0.298940 0.298940 
0.298500 0.298500 0.298500 0.298500 0.298500 0.298500 0.298500 0.298500 0.298500 0.298500 0.298500 0.298500 0.298500 0.298500 0.298500 0.298500 0.298500 0.298500 0.298500 0.298500 0.298500 0.298500 0.298500 0.298500 0.298500 0.298500 
0.298170 0.298170 0.298170 0.298170 0.298170 0.298170 0.298170 0.298170 0.298170 0.298170 0.298170 0.298170 0.298170 0.298170 0.298170 0.298170 0.298170 0.298170 0.298170 0.298170 0.298170 0.298170 0.298170 0.298170 0.298170 0.298170 
0.297800 0.297800 0.297800 0.297800 0.297800 0.297800 0.297800 0.297800 0.297800 0.297800 0.297800 0.297800 0.297800 0.297800 0.297800 0.297800 0.297800 0.297800 0.297800 0.297800 0.297800 0.297800 0.297800 0.297800 0.297800 0.297800 
0.297250 0.297250 0.297250 0.297250 0.297250 0.297250 0.297250 0.297250 0.297250 0.297250 0.297250 0.297250 0.297250 0.297250 0.297250 0.297250 0.297250 0.297250 0.297250 0.297250 0.297250 0.297250 0.297250 0.297250 0.297250 0.297250 
0.296340 0.296340 0.296340 0.296340 0.296340 0.296340 0.296340 0.296340 0.296340 0.296340 0.296340 0.296340 0.296340 0.296340 0.296340 0.296340 0.296340 0.296340 0.296340 0.296340 0.296340 0.296340 0.296340 0.296340 0.296340 0.296340 
0.294880 0.294880 0.294880 0.294880 0.294880 0.294880 0.294880 0.294880 0.294880 0.294880 0.294880 0.294880 0.294880 0.294880 0.294880 0.294880 0.294880 0.294880 0.294880 0.294880 0.294880 0.294880 0.294880 0.294880 0.294880 0.294880 
0.292670 0.292670 0.292670 0.292670 0.292670 0.292670 0.292670 0.292670 0.292670 0.292670 0.292670 0.292670 0.292670 0.292670 0.292670 0.292670 0.292670 0.292670 0.292670 0.292670 0.292670 0.292670 0.292670 0.292670 0.292670 0.292670 
0.289580 0.289580 0.289580 0.289580 0.289580 0.289580 0.289580 0.289580 0.289580 0.289580 0.289580 0.289580 0.289580 0.289580 0.289580 0.289580 0.289580 0.289580 0.289580 0.289580 0.289580 0.289580 0.289580 0.289580 0.289580 0.289580 
0.285560 0.285560 0.285570 0.285570 0.285570 0.285570 0.285570 0.285570 0.285570 0.285570 0.285570 0.285580 0.285580 0.285580 0.285580 0.285580 0.285580 0.285580 0.285580 0.285580 0.285580 0.285580 0.285580 0.285580 0.285580 0.285580 
0.280570 0.280610 0.280640 0.280660 0.280680 0.280690 0.280700 0.280710 0.280720 0.280720 0.280730 0.280730 0.280730 0.280740 0.280740 0.280740 0.280740 0.280740 0.280740 0.280740 0.280740 0.280740 0.280740 0.280740 0.280740 0.280740 
0.273960 0.274230 0.274440 0.274610 0.274740 0.274850 0.274940 0.275000 0.275060 0.275100 0.275130 0.275160 0.275180 0.275200 0.275210 0.275220 0.275230 0.275240 0.275240 0.275250 0.275250 0.275250 0.275260 0.275260 0.275260 0.275260 
0.261680 0.263220 0.264460 0.265450 0.266250 0.266880 0.267390 0.267790 0.268110 0.268370 0.268570 0.268740 0.268870 0.268970 0.269050 0.269120 0.269170 0.269210 0.269240 0.269270 0.269290 0.269300 0.269320 0.269330 0.269330 0.269340 
0.230480 0.236430 0.241420 0.245560 0.248970 0.251760 0.254030 0.255870 0.257350 0.258540 0.259490 0.260250 0.260860 0.261350 0.261740 0.262050 0.262300 0.262490 0.262650 0.262770 0.262870 0.262950 0.263010 0.263060 0.263100 0.263130 
0.168040 0.179850 0.190900 0.201000 0.210040 0.217970 0.224820 0.230650 0.235540 0.239610 0.242970 0.245720 0.247960 0.249770 0.251230 0.252400 0.253350 0.254100 0.254710 0.255190 0.255570 0.255880 0.256120 0.256320 0.256470 0.256590 
0.105390 0.115660 0.126700 0.138290 0.150120 0.161890 0.173310 0.184090 0.194040 0.203010 0.210950 0.217850 0.223750 0.228730 0.232880 0.236320 0.239150 0.241450 0.243310 0.244820 0.246040 0.247010 0.247800 0.248420 0.248920 0.249320 
0.075090 0.080190 0.086250 0.093320 0.101390 0.110430 0.120320 0.130890 0.141890 0.153040 0.164060 0.174660 0.184600 0.193710 0.201890 0.209070 0.215290 0.220580 0.225040 0.228750 0.231810 0.234310 0.236350 0.238010 0.239340 0.240410 
0.070340 0.071580 0.073620 0.076460 0.080140 0.084690 0.090180 0.096620 0.104040 0.112370 0.121520 0.131320 0.141560 0.151970 0.162280 0.172230 0.181580 0.190170 0.197880 0.204680 0.210570 0.215590 0.219820 0.223340 0.226250 0.228640 
0.091430 0.085410 0.081880 0.080170 0.079830 0.080590 0.082310 0.084940 0.088450 0.092880 0.098230 0.104520 0.111710 0.119730 0.128460 0.137720 0.147290 0.156900 0.166300 0.175270 0.183610 0.191190 0.197940 0.203840 0.208910 0.213210 
0.186920 0.157500 0.134430 0.117580 0.105990 0.098470 0.093940 0.091610 0.090930 0.091550 0.093290 0.096030 0.099730 0.104370 0.109920 0.116360 0.123590 0.131500 0.139920 0.148640 0.157420 0.166030 0.174260 0.181920 0.188890 0.195100 
0.328860 0.300750 0.267760 0.232670 0.199030 0.169880 0.146770 0.129790 0.118090 0.110520 0.106060 0.103890 0.103470 0.104450 0.106620 0.109840 0.114040 0.119150 0.125100 0.131790 0.139070 0.146770 0.154680 0.162570 0.170240 0.177500 
