1.000000 
1.050000 
1.100000 
1.150000 
1.200000 
1.250000 
1.300000 
1.350000 
1.400000 
1.450000 
1.500000 
1.550000 
1.600000 
1.650000 
1.700000 
1.750000 
1.800000 
1.850000 
1.900000 
1.950000 
2.000000 
2.050000 
2.100000 
2.150000 
2.200000 
2.250000 
2.300000 
2.350000 
2.400000 
2.450000 
2.500000 
2.550000 
2.600000 
2.650000 
2.700000 
2.750000 
2.800000 
2.850000 
2.900000 
2.950000 
3.000000 
3.050000 
3.100000 
3.150000 
3.200000 
3.250000 
3.300000 
3.350000 
3.400000 
3.450000 
3.500000 
3.550000 
3.600000 
